Dataset	Random-mean	P-value
0	0.03889744	0.02906944392037763
1	0.04106272	0.06407511986114109
2	0.040428	0.05133102577111021
3	0.04143331	0.07265728699567467
4	0.03858013	0.02568177626670258
5	0.04098735	0.062436587945915
6	0.04114832	0.06597904393361594
7	0.03971407	0.03960849175714156
8	0.04010692	0.04574075218216469
9	0.03946199	0.036053800413659895
10	0.03975186	0.040166274877969275
11	0.03919616	0.032604122880656554
12	0.04205525	0.08916346397875817
13	0.03965841	0.038798953203734374
14	0.041627449999999996	0.07751674153123742
15	0.0409297	0.061206862619732134
16	0.04360796	0.14370498740642507
17	0.03986299	0.041845397488390904
18	0.04053414	0.05330071245241526
19	0.03926256	0.03343811574349074
20	0.04084641	0.05946577433475733
21	0.04148006	0.07380401137975481
22	0.03766295	0.017742042864230995
23	0.03915827	0.032136268805110585
24	0.04081016	0.05872097439164453
25	0.03985475	0.04171888297931448
26	0.04171786	0.07986865986429942
27	0.03965979	0.038818852773383344
28	0.04160681	0.07698781943316559
29	0.0385537	0.0254157060483088
30	0.04221224	0.09377665692687732
31	0.04046049	0.051927365768707046
32	0.04084991	0.05953810008442143
33	0.0367842	0.012246385593966248
34	0.03911189	0.03157144234445831
35	0.03992058	0.04273873495027815
36	0.04151945	0.07478167717133655
37	0.04026416	0.048410674823428645
38	0.04189449	0.08463113905446665
39	0.03877375	0.027705610811388025
40	0.04005494	0.044885941478208215
41	0.03824083	0.02244324723632758
42	0.03979184	0.040763637350696345
43	0.0402916	0.04888979567621018
44	0.04351224	0.13973166016769453
45	0.04120516	0.06726891794379626
46	0.04037762	0.0504176911758246
47	0.04123201	0.06788542126659977
48	0.04172937	0.0801722079526494
49	0.04108718	0.06461446414703742
50	0.03896416	0.029828876316819502
51	0.04133808	0.07036660215552526
52	0.04264699	0.10755843238554728
53	0.0416019	0.07686243045470798
54	0.04093474	0.06131356215070727
55	0.04008898	0.04544418851985584
56	0.03835224	0.023465031433788773
57	0.04156988	0.0760488066849731
58	0.03979551	0.04081884900217023
59	0.04112218	0.06539274163702015
60	0.04085605	0.059665156822405654
61	0.04238253	0.09899559197037418
62	0.04335576	0.13341937965905196
63	0.04102467	0.06324352489323333
64	0.04181459	0.08244901404316395
65	0.04056409	0.053867820089248016
66	0.0418958	0.08466730251073487
67	0.04022784	0.04778258663963919
68	0.03829182	0.02290598366262059
69	0.04197567	0.08689594529859529
70	0.04035235	0.04996473773997747
71	0.04111124	0.06514864628568869
72	0.04141733	0.0722686836976356
73	0.04163563	0.07772718199930082
74	0.03854986	0.025377248435430315
75	0.04074752	0.05745226351075334
76	0.03920317	0.032691318106121255
77	0.03990494	0.04249454272090842
78	0.04242496	0.10033147530582703
79	0.03916301	0.03219447950522057
80	0.04152045	0.07480663465584986
81	0.04031125	0.049235343944557045
82	0.04000293	0.04404419083428732
83	0.04283399	0.1139604931519888
84	0.04048211	0.05232740170275843
85	0.03816476	0.02176805139912425
86	0.04063697	0.055268930466734235
87	0.04256051	0.10469590471454619
88	0.04229322	0.09623022136908248
89	0.0410789	0.06443147084228287
90	0.04047037	0.05210985662806845
91	0.03902536	0.030540449258567783
92	0.0440173	0.16168202746872018
93	0.04222947	0.09429444266930485
94	0.03973391	0.039900504488944576
95	0.04219138	0.09315284573803259
96	0.04148887	0.07402176269954862
97	0.04152579	0.07494002306805174
98	0.03930984	0.03404304960149119
99	0.03759331	0.017238477725424556
100	0.0403776	0.050417331325666
101	0.04098067	0.06229305671339185
102	0.03887707	0.028840933454988362
103	0.03929322	0.033829341374066034
104	0.04093068	0.06122759767154011
105	0.04250766	0.10297660617962198
106	0.03806658	0.020922844404957435
107	0.04418911	0.16971555349796855
108	0.04233854	0.09762565475245846
109	0.04284259	0.1142620007886164
110	0.04041888	0.0511646685756846
111	0.03829171	0.022904976534121966
112	0.03948365	0.036348143249491725
113	0.040255729999999997	0.04826427737477367
114	0.03990872	0.0425534524116844
115	0.03981684	0.041140997390833586
116	0.04143721	0.0727523873842579
117	0.04255591	0.1045453572337531
118	0.04085221	0.05958566824971052
119	0.0414378	0.07276678325392325
120	0.04014077	0.04630477346960048
121	0.04242562	0.10035236821482736
122	0.04088183	0.060201092351436
123	0.0409342	0.061302122679099055
124	0.0391881	0.03250411382840755
125	0.03973701	0.039946296441370266
126	0.03734176	0.015522657468499061
127	0.04153796	0.075244746241619
128	0.04232361	0.09716417075107651
129	0.03988322	0.04215738396376787
130	0.04036281	0.050151812095677824
131	0.04052384	0.05310683909218177
132	0.04159122	0.07659026636421304
133	0.04047711	0.052234657604725294
134	0.0433762	0.13423113011083426
135	0.03944858	0.035872591488164844
136	0.03971482	0.03961949739181245
137	0.03968646	0.03920514387608835
138	0.03859154	0.025797384641110793
139	0.04331715	0.13189642356221373
140	0.0399607	0.043370584296659694
141	0.03988774	0.04222736022751332
142	0.04211346	0.09085213757222814
143	0.04172322	0.08000990008022446
144	0.04086847	0.05992285660695119
145	0.04295267	0.11817712207761025
146	0.04243172	0.10054563391106436
147	0.04045663	0.05185621444576934
148	0.04097553	0.06218280134235476
149	0.04080378	0.05859069640685807
150	0.04023122	0.047840746425464514
151	0.03957257	0.03757810161324724
152	0.03945107	0.0359061798118742
153	0.03999929	0.04398578302257909
154	0.04126723	0.06870116245909379
155	0.03973484	0.039914237385469994
156	0.03951173	0.03673278225272284
157	0.04017057	0.04680615878239354
158	0.03983094	0.04135513363832369
159	0.03925146	0.033297437914671824
160	0.04274749	0.11096268846930071
161	0.03911238	0.03157736478592284
162	0.0404761	0.052215940032499464
163	0.03801844	0.020518994678921137
164	0.04123318	0.06791239120700321
165	0.03937896	0.034944280480447024
166	0.03719573	0.014597268651493885
167	0.03954469	0.037188695590523464
168	0.04062361	0.055009830759154735
169	0.03750641	0.01662775784026923
170	0.0396506	0.03868649678865606
171	0.04091816	0.06096313493521433
172	0.03968627	0.03920238036770454
173	0.0405112	0.05286972799200831
174	0.0377171	0.018142483544336303
175	0.04196531	0.08660421468438868
176	0.03951393	0.03676306404030961
177	0.03891289	0.02924380177750766
178	0.04182793	0.0828101264330237
179	0.04028577	0.0487876675503225
180	0.0396122	0.038137603499292246
181	0.0400122	0.044193234625469126
182	0.04191009	0.08506260217117469
183	0.04293293	0.1174673899537763
184	0.04078493	0.05820718892272174
185	0.04319451	0.12714838939888856
186	0.03985803	0.041769204190222516
187	0.04191859	0.08529844355670756
188	0.04343518	0.13659491501522422
189	0.04112157	0.06537911133288567
190	0.0379062	0.019603768189537477
191	0.04156953	0.0760399522912218
192	0.03871203	0.027046003400115065
193	0.04339804	0.13510270440099417
194	0.04134016	0.07041599303441205
195	0.03986084	0.04181235568637264
196	0.04186179	0.0837324839286524
197	0.04097816	0.06223919582302515
198	0.0429723	0.11888623790772128
199	0.04334018	0.13280319944184493
200	0.04275357	0.11117134170404873
201	0.04342773	0.13629457139885534
202	0.04333523	0.13260789268928494
203	0.03873703	0.02731152563615265
204	0.03849818	0.02486456286661492
205	0.03929638	0.03386988548167434
206	0.0377864	0.01866651609435763
207	0.0434821	0.13849825257645698
208	0.04304964	0.12171265236556776
209	0.04211651	0.09094132409310907
210	0.03827431	0.022746151703000553
211	0.03973523	0.0399199975380817
212	0.03928392	0.03371025977048458
213	0.04161492	0.07719529419825645
214	0.03660676	0.011341047227059621
215	0.04104748	0.06374096474035308
216	0.04110818	0.06508050594453496
217	0.04349118	0.1388689418989489
218	0.04074577	0.057417149616140396
219	0.03953101	0.036998886628488464
220	0.04080453	0.05860599872783145
221	0.04007378	0.045194191968246075
222	0.03841251	0.024034478121287825
223	0.04382558	0.15306096881547804
224	0.038941869999999996	0.029573283021374453
225	0.03906267	0.030981383849893462
226	0.04021656	0.04758892214485413
227	0.04262674	0.10688263942445919
228	0.04070132	0.056531235993274045
229	0.04133121	0.0702036721618187
230	0.04039485	0.050728504515595595
231	0.04195342	0.08627037769844566
232	0.04216054	0.09223670536186089
233	0.04178669	0.08169790012431777
234	0.03978321	0.04063405714799105
235	0.04082547	0.05903458434830847
236	0.04157491	0.07617615010883794
237	0.03996373	0.043418623316905464
238	0.0392573	0.03337138879489113
239	0.04142233	0.07239009043877408
240	0.04074024	0.057306307248945296
241	0.04115335	0.06609236002056877
242	0.03989989	0.042415948500959276
243	0.04132673	0.07009759100077297
244	0.03982747	0.041302347286950855
245	0.04013419	0.04619467784031607
246	0.03857466	0.025626512593990864
247	0.04287138	0.11527593183049697
248	0.04083006	0.05912887693985593
249	0.04342136	0.13603817292077822
250	0.03894474	0.029606086274716014
251	0.04366496	0.14611197275208423
252	0.04101039	0.06293374678701863
253	0.04088144	0.06019295501556719
254	0.03859069	0.025788756750116198
255	0.04189096	0.08453375330323638
256	0.0399946	0.04391062343804508
257	0.04279555	0.11262049192788604
258	0.03644313	0.010559468189130571
259	0.04141359	0.07217798073968393
260	0.03947284	0.03620098804018132
261	0.04206029	0.08930866524616078
262	0.04171751	0.07985944415723113
263	0.03947552	0.036237423021794044
264	0.04050984	0.05284426895348555
265	0.04034781	0.04988372370361348
266	0.0397237	0.03975000195762458
267	0.03875604	0.02751493474230607
268	0.04179578	0.08194200441885048
269	0.04067037	0.05592114271011865
270	0.04275891	0.11135485555614773
271	0.04133925	0.07039438101866471
272	0.04039711	0.050769391926305134
273	0.03938888	0.035075284482330236
274	0.03984868	0.04162589372305574
275	0.04163333	0.07766796462462783
276	0.04278387	0.11221580763216078
277	0.03951518	0.036780279094034474
278	0.03885078	0.028548304890650893
279	0.03932972	0.03430019476990195
280	0.04407107	0.16416467068236432
281	0.04186991	0.08395491030047639
282	0.04158044	0.07631635304369513
283	0.03796605	0.020087249106630813
284	0.03851081	0.024989020135597666
285	0.03899026	0.030130575048252117
286	0.04081607	0.0588418701024154
287	0.04055358	0.05366823945359461
288	0.04235178	0.09803636832931094
289	0.04123576	0.06797189459560861
290	0.04216705	0.09242948661629576
291	0.03973111	0.03985918238971091
292	0.03986008	0.04180068108963946
293	0.03918753	0.032497051209536436
294	0.0409277	0.06116456427266159
295	0.04079276	0.05836623747557485
296	0.0426947	0.10916404300286811
297	0.04068577	0.05622402042613505
298	0.04013159	0.04615123594097072
299	0.04168334	0.07896388954918865
300	0.04110767	0.06506915495117713
301	0.03970783	0.03951702566414029
302	0.03963271	0.03842994394534109
303	0.03946431	0.03608522973771156
304	0.03939018	0.03509248344723329
305	0.04052065	0.053046914708265225
306	0.041158890000000004	0.06621735135291457
307	0.0438548	0.15435178460318694
308	0.04182726	0.08279195901432973
309	0.04150279	0.07436688728639504
310	0.03839527	0.023870376394428912
311	0.03858346	0.025715469983517664
312	0.0415853	0.07643974343913967
313	0.04186093	0.08370895448812496
314	0.03970397	0.03946053568361477
315	0.04276643	0.11161369325819209
316	0.04223198	0.09437006301982939
317	0.04067103	0.05593409519228738
318	0.04103523	0.0634734159195026
319	0.04231821	0.09699768866525356
320	0.03990201	0.0424489274903439
321	0.03962211	0.03827861875802871
322	0.04061843	0.054909644860384195
323	0.03833984	0.02334933970088948
324	0.04019693	0.04725347477813957
325	0.03952286	0.03688619948500366
326	0.03847326	0.024620576008453965
327	0.04192288	0.08541767512616928
328	0.03852817	0.025160969297213856
329	0.04039713	0.05076975388526491
330	0.03771923	0.01815839581580479
331	0.04286366	0.11500335426215785
332	0.04038556	0.0505607222053208
333	0.03782393	0.018955813494421606
334	0.03868112	0.026720801680753248
335	0.04022409	0.04771812995863175
336	0.04137326	0.0712058160525633
337	0.04150821	0.07450162365768753
338	0.03963547	0.03846942911943565
339	0.0412962	0.06937818184836597
340	0.03968004	0.039111858178859225
341	0.04124006	0.0680711624006928
342	0.04190893	0.08503045778123433
343	0.04037937	0.05044918641774547
344	0.04008055	0.04530539523225995
345	0.03993407	0.0429503126989898
346	0.03954618	0.03720941931444323
347	0.04093602	0.06134068501245285
348	0.04086652	0.059882335379413086
349	0.04070332	0.056570850696933836
350	0.04267847	0.10861572749292545
351	0.04017832	0.046937300270536005
352	0.03810015	0.02120855817882701
353	0.03958655	0.03777466882067034
354	0.03954541	0.03719870850903789
355	0.04052005	0.05303564999312777
356	0.04010596	0.045724841272711245
357	0.04110093	0.0649192974676875
358	0.04167792	0.07882259310922662
359	0.04304565	0.12156555971476447
360	0.04190436	0.0849039157541419
361	0.04118417	0.06679018879486211
362	0.04073543	0.057210041523163016
363	0.0400701	0.04513384151131911
364	0.03849454	0.024828793967638964
365	0.03863358	0.026227243467469404
366	0.04132322	0.0700145704456075
367	0.04203344	0.08853731824130981
368	0.04115487	0.06612663426034844
369	0.03759863	0.017276498383145922
370	0.04245244	0.10120432462675998
371	0.04221805	0.09395099959866154
372	0.04053918	0.05339579432519264
373	0.03990388	0.042478035488039724
374	0.03932676	0.034261802474259674
375	0.04168044	0.07888826246928254
376	0.03897118	0.02990976586289427
377	0.04151199	0.07459570935644604
378	0.0429059	0.11650099721892068
379	0.04024548	0.04808677565504517
380	0.03945148	0.0359117129958364
381	0.03893596	0.029505832136183224
382	0.03967648	0.039060211139390205
383	0.04022626	0.047755419955860294
384	0.04105926	0.06399912831886877
385	0.04133748	0.07035236008142295
386	0.04197467	0.08686775134947612
387	0.04168609	0.0790356594742048
388	0.04010583	0.0457226870297113
389	0.04012781	0.046088139608741176
390	0.04013541	0.04621507400887681
391	0.04116354	0.06632241346053579
392	0.04198828	0.0872521066866254
393	0.0409381	0.0613847809000454
394	0.04129947	0.0694549443986714
395	0.03957594	0.03762540586959827
396	0.03924487	0.03321415872908952
397	0.041752449999999997	0.08078371704318892
398	0.03840287	0.023942597791973098
399	0.03947077	0.036172867521966384
400	0.04028256	0.048731512437744866
401	0.04235442	0.0981184280742257
402	0.04133603	0.07031795152088885
403	0.04395787	0.15897122135687508
404	0.04127894	0.06897416322581058
405	0.04003507	0.04456276598015892
406	0.04052584	0.05314443813998278
407	0.03894858	0.02965002539248971
408	0.04077894	0.058085759556139656
409	0.04160022	0.07681956583228615
410	0.04200043	0.08759639162153732
411	0.04210027	0.09046725381163183
412	0.0411926	0.0669821169918386
413	0.04079733	0.05845923368188005
414	0.04123824	0.06802913215129895
415	0.03899695	0.03020832889350536
416	0.04164662	0.07801064703212515
417	0.03925748	0.03337367033836248
418	0.0419875	0.08723004188156096
419	0.03870741	0.02699718014693294
420	0.03986878	0.04193448999506727
421	0.04167044	0.07862793224107575
422	0.04179011	0.08178967187180501
423	0.04257111	0.1050434752864345
424	0.04178133	0.08155423917460342
425	0.04000451	0.04406956409189135
426	0.0417799	0.08151594645467733
427	0.04024177	0.04802266433040376
428	0.0402707	0.0485245073934475
429	0.03943375	0.03567310112874672
430	0.04096078	0.06186730515547981
431	0.03937177	0.034849590905062344
432	0.03882711	0.028287035201225448
433	0.03838384	0.02376211580917764
434	0.03950767	0.036676954499900334
435	0.04153994	0.07529441898776532
436	0.03970104	0.039417701865806176
437	0.04146318	0.07338826520320528
438	0.04019832	0.04727716205633578
439	0.04062527	0.0550419689639499
440	0.0406723	0.055959025953729674
441	0.04244814	0.10106734470134861
442	0.04281525	0.11330566170749917
443	0.03943467	0.03568544914328861
444	0.04111408	0.0652119404056964
445	0.0401421	0.04632705372045671
446	0.04024576	0.04809161716926978
447	0.04318107	0.12663626631898556
448	0.04054529	0.05351125258161514
449	0.0413282	0.07013238433991895
450	0.04108156	0.06449021174743476
451	0.03841058	0.02401605849816494
452	0.04159383	0.0766567055570526
453	0.04025423	0.048238267107434854
454	0.0385365	0.02524384097681597
455	0.04034502	0.04983399232947505
456	0.039177	0.03236681540373211
457	0.03972871	0.039823792417687576
458	0.03965575	0.03876062056956521
459	0.04040858	0.05097733134435542
460	0.04036799	0.05024467267909918
461	0.03998653	0.04378155205165479
462	0.04028718	0.04881235101997816
463	0.04012777	0.04608747231219296
464	0.04131016	0.06970637777226296
465	0.04003087	0.04449470758028559
466	0.04015395	0.04652596537456189
467	0.04118069	0.06671109110375269
468	0.0402089	0.04745778623767905
469	0.03857441	0.025623989297550196
470	0.03964531	0.03861048371227016
471	0.04087578	0.06007496216757524
472	0.03829178	0.02290561742961488
473	0.04031071	0.04922582058733099
474	0.04179013	0.08179020879509272
475	0.0403464	0.04985858543332572
476	0.03865304	0.026428313538127607
477	0.04057154	0.054009668335668
478	0.03792698	0.01977046636957087
479	0.03936839	0.03480515351810391
480	0.04051183	0.05288152499840157
481	0.04008149	0.04532085382847653
482	0.04076254	0.057754377620994064
483	0.04006821	0.04510287278087804
484	0.03846816	0.024570899959255706
485	0.04160931	0.07705172727635148
486	0.04094984	0.06163416180442296
487	0.04052468	0.0531226279784315
488	0.03937615	0.034907247669658484
489	0.04406674	0.1639636884696921
490	0.03808947	0.021117293605544034
491	0.04435519	0.17776274036284662
492	0.03934453	0.03449283977348949
493	0.04058297	0.05422790324900804
494	0.04240548	0.09971638147516605
495	0.03940705	0.035316328238764384
496	0.04158469	0.07642424722472936
497	0.04162677	0.0774992686641835
498	0.0394426	0.0357920352279733
499	0.03930129	0.033932965426651036
500	0.0414721	0.07360772062035162
501	0.04029936	0.04902601192082035
502	0.03818673	0.021961213014976336
503	0.04052622	0.05315158447821465
504	0.03826066	0.022622228498462866
505	0.04235706	0.09820054280029464
506	0.03988123	0.04212660702057036
507	0.04073284	0.057158261991432924
508	0.04264067	0.1073471551487846
509	0.0430097	0.12024652651992766
510	0.0393154	0.03411480056375639
511	0.04057501	0.05407584383219376
512	0.043532	0.14054487766333776
513	0.04033754	0.049700867900292926
514	0.04307317	0.12258293189876772
515	0.04048759	0.0524292077057664
516	0.03933267	0.034338494014318356
517	0.03812573	0.02142855010168275
518	0.04147	0.07355600676067883
519	0.04021858	0.04762355450508199
520	0.03922517	0.032966270203089815
521	0.04029656	0.04897682496049699
522	0.0399157	0.04266241466722614
523	0.039338	0.03440778517734167
524	0.04325007	0.12928262649775746
525	0.04029421	0.048935575095425884
526	0.03941039	0.03536079058888136
527	0.04198489	0.08715624246374623
528	0.03907557	0.031135106670626335
529	0.03982819	0.04131329536952042
530	0.04023045	0.047827491764699116
531	0.04160665	0.07698373080584829
532	0.04319622	0.12721366357782507
533	0.03842744	0.024177383054718844
534	0.03792595	0.019762174531322944
535	0.04072456	0.0569929894509787
536	0.04208656	0.09006859107936252
537	0.03903185	0.03061675858507838
538	0.04131399	0.0697966430412136
539	0.04138229	0.07142254656231276
540	0.03832416	0.023203756402109
541	0.04134083	0.0704319086646387
542	0.04029823	0.04900615647033106
543	0.04201993	0.08815124297432647
544	0.03924569	0.03322451149671625
545	0.04026971	0.0485072614009816
546	0.03952119	0.03686314519054614
547	0.04118169	0.06673381240554697
548	0.03937649	0.03491172672122311
549	0.04147266	0.07362151601437382
550	0.04166626	0.07851932204234241
551	0.0407816	0.058139657048805096
552	0.04181258	0.08239471463825548
553	0.03900401	0.03029057036689981
554	0.04063317	0.05519513090667648
555	0.03918669	0.03248664554100214
556	0.0414265	0.07249147161007377
557	0.03993344	0.04294041203569072
558	0.04094184	0.061464134874111356
559	0.03997486	0.04359547035599149
560	0.04099132	0.06252201999778775
561	0.03889939	0.029091400688254068
562	0.04020466	0.04738533027996412
563	0.04081175	0.05875347928966
564	0.03988019	0.04211053017035344
565	0.04153679	0.07521540677017953
566	0.04230781	0.09667770066296635
567	0.04093132	0.06124114207674021
568	0.04270085	0.10937238730272936
569	0.04088383	0.06024283664341748
570	0.04098036	0.06228640248058336
571	0.03946136	0.03604526976593499
572	0.03998366	0.0437357268099671
573	0.04032787	0.04952921031873814
574	0.04067292	0.05597120024562105
575	0.03960417	0.03802366480346818
576	0.04320752	0.12764566469823696
577	0.04082457	0.05901611028212535
578	0.04368676	0.14704067087085806
579	0.0418337	0.0829667172111799
580	0.04208329	0.08997371482708241
581	0.04049144	0.05250083121783894
582	0.04012359	0.04601778476102449
583	0.03977393	0.04049510778287734
584	0.04122427	0.06770722705170938
585	0.03793488	0.01983416525973109
586	0.04181219	0.08238418229957022
587	0.0385007	0.024889352143174368
588	0.04098366	0.06235726812504921
589	0.04134061	0.07042668231069311
590	0.04038193	0.05049528922129576
591	0.04307937	0.12281305404666087
592	0.03932673	0.034261413551636755
593	0.04231003	0.09674593465794644
594	0.04239582	0.09941248066607543
595	0.04028224	0.04872591740267675
596	0.04004447	0.04471540617387797
597	0.0399924	0.04387540480573794
598	0.0404504	0.051741549399971394
599	0.04288222	0.11565952947109923
600	0.03920382	0.032699413385671665
601	0.04156091	0.07582214710594944
602	0.04076418	0.057787444781178726
603	0.04347403	0.13816943800855802
604	0.04360732	0.14367813568194437
605	0.03820208	0.022097056514403243
606	0.04178516	0.08165687145836185
607	0.03905714	0.0309156858294726
608	0.03977262	0.040475525719989844
609	0.03973816	0.03996329513805124
610	0.04105608	0.06392935217475104
611	0.03960047	0.03797126275108475
612	0.04054392	0.053485346075709136
613	0.04366641	0.14617360395402054
614	0.04139115	0.07163572321134491
615	0.03958577	0.037763678505276954
616	0.03932957	0.034298248328493146
617	0.04097586	0.06218987513037905
618	0.04110056	0.06491107913943897
619	0.04070921	0.05668765053813519
620	0.03821237	0.02218852992567153
621	0.04131974	0.06993233932792342
622	0.04203109	0.08847006433074418
623	0.0375775	0.017125921532455266
624	0.03910861	0.03153182282857221
625	0.04170242	0.07946293852084031
626	0.03889847	0.02908103981593619
627	0.0417635	0.08107782979593522
628	0.04114721	0.06595405942349102
629	0.03895965	0.02977700832823164
630	0.04144522	0.07294802916897354
631	0.03891473	0.029264626704587897
632	0.04102008	0.06314381591683874
633	0.03959825	0.03793985107699732
634	0.04268223	0.10874256084975553
635	0.038218339999999996	0.022241751657362252
636	0.03957166	0.037565336760749905
637	0.03964465	0.038601008970584647
638	0.0414521	0.0731164153232892
639	0.04092088	0.06102050931454764
640	0.04019449	0.04721191842486615
641	0.04160995	0.07706809464861838
642	0.04295955	0.1184252763672468
643	0.04162155	0.07736524577428407
644	0.04152448	0.07490728243492369
645	0.04086688	0.05988981450666505
646	0.04242214	0.10024224474861829
647	0.04015002	0.046459917504585925
648	0.03981188	0.041065894197520776
649	0.04215654	0.09211841360577092
650	0.04070708	0.056645389030124796
651	0.04142772	0.0725211543059785
652	0.04037887	0.05044018609159568
653	0.03905833	0.030929813247761055
654	0.04120021	0.06715576660879498
655	0.04253259	0.10378479588631633
656	0.04240831	0.09980555297656976
657	0.04034828	0.04989210549361901
658	0.03952947	0.036977571112405266
659	0.0397184	0.039672066804321636
660	0.04152856	0.07500929183103207
661	0.0400208	0.04433188739513717
662	0.04222262	0.0940883161212121
663	0.04091099	0.060812108997445685
664	0.03918967	0.03252357382046104
665	0.03982029	0.04119330524806192
666	0.04014556	0.046385058258044023
667	0.04076933	0.057891386274625166
668	0.04118845	0.06688757597447488
669	0.03845159	0.024410101792027794
670	0.04453499	0.18679201496137873
671	0.0397682	0.040409514307406226
672	0.03815863	0.021714421170018653
673	0.04074058	0.05731311700089779
674	0.03988444	0.04217626166681226
675	0.04109722	0.06483693099291794
676	0.04051882	0.053012563589379384
677	0.04075192	0.05754062894467052
678	0.04027488	0.04859738071177865
679	0.04240381	0.09966379072477889
680	0.04240528	0.09971008201261451
681	0.04163468	0.07770271818301171
682	0.03972004	0.039696168689414384
683	0.04033118	0.04958791179022776
684	0.03981786	0.04115645644746406
685	0.04255716	0.10458624981707847
686	0.03956441	0.037463770790023075
687	0.04123886	0.06804344774559024
688	0.04154752	0.0754848283324815
689	0.03863557	0.026247744100737623
690	0.03893438	0.02948782206434021
691	0.03876059	0.027563814053168864
692	0.04110343	0.06497484926056654
693	0.04155894	0.07577244197289588
694	0.0418609	0.08370813379055252
695	0.04296433	0.11859792687619193
696	0.04006856	0.045108606375874244
697	0.04166663	0.07852893092486525
698	0.04059045	0.05437111898798904
699	0.04068782	0.05626444161429627
700	0.03937376	0.03487577644774865
701	0.04008863	0.04543841890852878
702	0.04223842	0.0945643078366759
703	0.04087318	0.060020824969352196
704	0.04126924	0.06874795916822918
705	0.0397266	0.039792700810968376
706	0.04062982	0.055130139063602424
707	0.04187298	0.08403912978513518
708	0.03943195	0.03564895253433238
709	0.0428274	0.11372987930652892
710	0.04042177	0.051217335799509066
711	0.04082706	0.0590672336232947
712	0.04033399	0.04963779186051655
713	0.04097376	0.06214487150087754
714	0.03990527	0.04249968287488285
715	0.04091478	0.06089190124828926
716	0.03906558	0.031016003708344148
717	0.03987715	0.04206356613074063
718	0.03976048	0.040294437797432754
719	0.04192383	0.08544409664103211
720	0.03729325	0.015209667401029778
721	0.04197256	0.08680828640079152
722	0.041757129999999996	0.08090817627626115
723	0.04080243	0.058563160609834373
724	0.04188854	0.0844670427839504
725	0.03905082	0.03084074918323255
726	0.04045167	0.05176490686637712
727	0.03796299	0.020062279107201448
728	0.03997959	0.04367081079939153
729	0.04217112	0.09255017657805283
730	0.04227358	0.09563048189233485
731	0.04191012	0.08506343362223391
732	0.03953517	0.03705651863494868
733	0.03922858	0.033009064882804424
734	0.04078859	0.058281488479515794
735	0.04207216	0.08965139146724217
736	0.040979259999999997	0.06226279544237414
737	0.04105293	0.06386029638537623
738	0.04089686	0.06051538985721876
739	0.0400919	0.04549234768436249
740	0.04094924	0.06162139626291269
741	0.04100331	0.06278062611616926
742	0.03823174	0.02236161611628175
743	0.03675982	0.012118305497942409
744	0.04022472	0.04772895355894942
745	0.03950755	0.03667530552138491
746	0.03980566	0.04097187693140888
747	0.0394705	0.0361692010045036
748	0.0399399	0.04304202491214062
749	0.042452619999999996	0.10121006190050628
750	0.04022783	0.04778241465767417
751	0.03955673	0.03735643647174118
752	0.04093902	0.06140429323975329
753	0.03949053	0.03644206568085413
754	0.04067323	0.05597728822057316
755	0.03916709	0.03224465741840696
756	0.04058365	0.054240909811878124
757	0.04249075	0.10243127256082418
758	0.03959077	0.037834176545018194
759	0.03921716	0.03286593382187006
760	0.04065604	0.055640533600442924
761	0.04084365	0.059408791852332984
762	0.03978959	0.040729819622557104
763	0.04144966	0.07305666054159914
764	0.0417389	0.08042424872980176
765	0.04028424	0.04876089524195129
766	0.04143224	0.07263121318600321
767	0.04282442	0.11362571667034524
768	0.04282759	0.11373652310341142
769	0.04166234	0.07841757871614985
770	0.04054964	0.0535935800897503
771	0.0400306	0.044490335405912254
772	0.041123849999999997	0.06543006940353512
773	0.03982288	0.041232611140347916
774	0.03980848	0.04101447944850737
775	0.03992747	0.0428466874013858
776	0.03863936	0.026286826411684977
777	0.03983074	0.04135208964292026
778	0.04205675	0.08920665870749293
779	0.04167272	0.07868722578934555
780	0.04359873	0.14331810834001305
781	0.04107491	0.06434344248031151
782	0.0415604	0.07580927672237732
783	0.03871401	0.02706695102380428
784	0.04149458	0.07416317414277859
785	0.04070315	0.05656748254686032
786	0.04015117	0.04647923629743739
787	0.03981171	0.04106332216089923
788	0.04074124	0.05732633785655939
789	0.03911412	0.03159840321370408
790	0.03924011	0.03315411680644322
791	0.03774123	0.01832346584057622
792	0.03980506	0.04096281741612959
793	0.04111377	0.06520502907012996
794	0.04366669	0.1461855074481376
795	0.04015111	0.046478228192874185
796	0.0394279	0.035594669291218545
797	0.04115558	0.06614264896672135
798	0.039882	0.042138513426329245
799	0.04094895	0.06161522703759238
800	0.03966587	0.0389066297614055
801	0.04136336	0.07096882573135913
802	0.04084056	0.059345050132349156
803	0.04363079	0.14466536376982925
804	0.04232984	0.09735652612576531
805	0.04196126	0.08649038512791095
806	0.04258292	0.10543180177782913
807	0.0400544	0.04487713253521069
808	0.03942496	0.03555530796390436
809	0.03892325	0.029361221960935067
810	0.04066592	0.0558338769159724
811	0.03979684	0.04083887325831043
812	0.04124298	0.06813864025912798
813	0.04143457	0.07268800057872732
814	0.04100827	0.06288786467373106
815	0.04068048	0.056119825977832494
816	0.04331578	0.13184263352249165
817	0.04191664	0.08524429198819357
818	0.03963287	0.03843223199784398
819	0.03813828	0.021537208367372756
820	0.04010679	0.045738597306210715
821	0.0395371	0.03708328256641258
822	0.039613	0.038148970722823576
823	0.03830118	0.022991822479504574
824	0.04047192	0.05213853499611105
825	0.03911639	0.03162586800948038
826	0.04108827	0.0646385858328811
827	0.03993351	0.04294151201390035
828	0.04098375	0.06235920176040849
829	0.04073249	0.05715126775478397
830	0.03980339	0.04093761072172264
831	0.0414441	0.07292064759366898
832	0.04092961	0.06120495867253405
833	0.03743158	0.016117206562262842
834	0.03936942	0.03481868994834149
835	0.04057341	0.05404532221354552
836	0.04152662	0.07496077319426458
837	0.04070087	0.056522325874854125
838	0.04225488	0.09506223790327022
839	0.04081462	0.058812189560459915
840	0.03992781	0.04285202049430014
841	0.0424047	0.09969181537027093
842	0.04180146	0.0820948367992293
843	0.03864357	0.026330298822662305
844	0.04036422	0.05017707452529792
845	0.04020709	0.047426844333373824
846	0.03912272	0.03170256327248745
847	0.0404292	0.05135294862258069
848	0.04196874	0.08670071327489402
849	0.03816717	0.021789167658572906
850	0.03852994	0.025178558510799406
851	0.04112643	0.06548777206407241
852	0.03972817	0.039815833357623405
853	0.04197016	0.0867406885873877
854	0.03968737	0.039218381925534486
855	0.04079887	0.05849059934538867
856	0.04121989	0.06760655944526879
857	0.040978679999999996	0.06225035108222476
858	0.04024755	0.048122577978969974
859	0.0379617	0.020051760677067727
860	0.04272714	0.11026657136925909
861	0.03940601	0.03530249344096052
862	0.04126726	0.06870186072451782
863	0.0404917	0.05250567108415695
864	0.04055788	0.0537498197902834
865	0.04206122	0.08933547918553202
866	0.04056497	0.05388455906796027
867	0.03923705	0.03311556760961546
868	0.03840808	0.023992217122458106
869	0.04029983	0.04903427237495098
870	0.03852109	0.02509071900352472
871	0.03830013	0.022982179201025094
872	0.04035809	0.05006732340434466
873	0.03911655	0.03162780462797372
874	0.04175868	0.08094943112848296
875	0.04129824	0.06942606221444583
876	0.04098511	0.06238842719069307
877	0.04047627	0.052219090121414485
878	0.0420167	0.08805914106490516
879	0.04177293	0.08132951219134858
880	0.04009159	0.04548723285191351
881	0.03924085	0.03316344493879861
882	0.04248146	0.10213265923971303
883	0.03966068	0.038831691162975183
884	0.04048265	0.05233742631728975
885	0.04153247	0.07510715749684038
886	0.03788099	0.0194031851966282
887	0.0419696	0.08672492189467795
888	0.04593956	0.26921853902198245
889	0.04165545	0.07823900988443427
890	0.04063195	0.05517145482878069
891	0.04172834	0.0801450060062292
892	0.04084232	0.05938134911998471
893	0.04018693	0.047083357397261875
894	0.0371708	0.014444254807818432
895	0.04340782	0.13549441520092764
896	0.04221853	0.09396541476614224
897	0.03966397	0.03887918131776892
898	0.03891621	0.029281386468391606
899	0.04117128	0.0664975962130549
900	0.03955454	0.03732587752971035
901	0.04207232	0.08965601843651563
902	0.03845633	0.024456005980434167
903	0.04168391	0.07897876113051498
904	0.03996668	0.043465437257327905
905	0.03997998	0.04367702771729196
906	0.03900782	0.03033503285210021
907	0.0409325	0.06126612109343623
908	0.03999827	0.04396942775886895
909	0.04067731	0.05605746534840682
910	0.04342938	0.1363610463702307
911	0.04044459	0.05163480626579989
912	0.04030436	0.04911394913109862
913	0.03756676	0.01704982927827923
914	0.0404765	0.05222335225994624
915	0.03969624	0.03934761591535655
916	0.04165135	0.07813290730162804
917	0.04151396	0.0746447819871675
918	0.04467309	0.19395447785014294
919	0.04057368	0.054050471725799194
920	0.04036573	0.05020414047009512
921	0.03872264	0.027158417028987785
922	0.04027532	0.048605056942480164
923	0.04156328	0.0758819799836093
924	0.04093967	0.06141808223467423
925	0.04078188	0.05814533289099243
926	0.04333901	0.1327570158945005
927	0.04279271	0.11252198672384998
928	0.04075367	0.057575805753626225
929	0.03893194	0.029460027660745878
930	0.04156574	0.07594412582720705
931	0.03986197	0.04182971908226187
932	0.04004445	0.04471508093887751
933	0.03848827	0.024767285779656128
934	0.04153149	0.07508261869873624
935	0.04089415	0.060458619603138905
936	0.04020777	0.04743846692185533
937	0.04110813	0.06507939302967755
938	0.04002159	0.04434464253433247
939	0.04054039	0.053418642643590336
940	0.03940019	0.035225157310419156
941	0.03991956	0.04272277320298219
942	0.04147207	0.07360698164117954
943	0.04004429	0.0447124791308681
944	0.04239703	0.0994505062939861
945	0.03850085	0.02489082837151577
946	0.04140182	0.07189314272671922
947	0.0410688	0.064208835020893
948	0.04169691	0.07931855789883283
949	0.04321427	0.12790426354498377
950	0.03998245	0.043716418929640254
951	0.04079864	0.05848591397347309
952	0.03963847	0.03851238697955375
953	0.04124094	0.06809149239344056
954	0.03931339	0.03408884687940264
955	0.03932161	0.03419509279179054
956	0.04364115	0.14510279442235727
957	0.03962521	0.038322821618229204
958	0.04014559	0.04638556145539647
959	0.03929941	0.033908800733870814
960	0.03962268	0.03828674311963115
961	0.03849502	0.024833508187531383
962	0.04065384	0.0555975576325829
963	0.04059019	0.054366135600511074
964	0.04075719	0.05764661566424959
965	0.04099999	0.06270893016601478
966	0.04080754	0.05866744551131338
967	0.04222864	0.09426944745075404
968	0.03737286	0.015726292704065118
969	0.03691191	0.012937145938202149
970	0.04133453	0.07028237102164953
971	0.0412085	0.06734535533740584
972	0.03956332	0.03744852114418429
973	0.04056499	0.05388493954986352
974	0.0421688	0.09248136480210921
975	0.04109398	0.06476506978894302
976	0.03932561	0.03424689647918346
977	0.03945847	0.03600615921174162
978	0.04096848	0.06203183881515495
979	0.03995818	0.0433306653399704
980	0.03936662	0.03478190240592843
981	0.04109173	0.0647152049366081
982	0.03964406	0.03859254080218547
983	0.03933015	0.03430577509293264
984	0.04080758	0.0586682624407413
985	0.04053865	0.053385788960707184
986	0.0420938	0.09027894063104454
987	0.04107723	0.0643946147758319
988	0.0405063	0.05277804871969904
989	0.03992686	0.042837120614835245
990	0.04216383	0.09233409195383954
991	0.04045508	0.05182766633136497
992	0.04082234	0.058970356374142496
993	0.04077011	0.05790714244097277
994	0.04046871	0.05207915768611949
995	0.03950652	0.036661154392323814
996	0.03934049	0.03444019673204429
997	0.04240986	0.09985441950103313
998	0.03803726	0.02067605857132085
999	0.04136955	0.07111692846821575
