Dataset	Random-mean	P-value
0	0.1134623	2.444961253002882e-47
1	0.1160305	1.2765548198332366e-49
2	0.1144271	3.4222815870079985e-48
3	0.1124096	2.0663187659684974e-46
4	0.1080027	1.3735612865169818e-42
5	0.114112	6.511390874615115e-48
6	0.1205138	1.1369679089565615e-53
7	0.117291	9.451551574287739e-51
8	0.1152107	6.881724659689243e-49
9	0.1143121	4.328350963770119e-48
10	0.1120775	4.041584122054344e-46
11	0.1148618	1.4067002471901738e-48
12	0.1151487	7.814714903680921e-49
13	0.1153698	4.96512140196869e-49
14	0.1136626	1.626779802565846e-47
15	0.1137972	1.2368650588272912e-47
16	0.1100453	2.38756270360871e-44
17	0.1170802	1.462279032815905e-50
18	0.1101079	2.1071142664261022e-44
19	0.1144477	3.281232680498738e-48
20	0.1183342	1.0836860366687184e-51
21	0.1123261	2.446252208729671e-46
22	0.1165015	4.834834269391053e-50
23	0.1133286	3.2083362747717273e-47
24	0.1071572	7.245237209124727e-42
25	0.115062	9.334653006879039e-49
26	0.1172889	9.492751048850291e-51
27	0.112416	2.0397524942398714e-46
28	0.116922	2.0283583692477401e-50
29	0.1155926	3.1420843778337036e-49
30	0.1148548	1.427005929069564e-48
31	0.1139187	9.656684964103597e-48
32	0.1142194	5.2300510031280315e-48
33	0.1135719	1.956477572827633e-47
34	0.1140907	6.800513531632249e-48
35	0.114682	2.0323881679444973e-48
36	0.1148367	1.4808764235694618e-48
37	0.1141928	5.521806167815457e-48
38	0.1106521	7.097739240651695e-45
39	0.1119937	4.7861716379415135e-46
40	0.1157242	2.3974261672963456e-49
41	0.1147688	1.7016769856595803e-48
42	0.1117182	8.340345564057801e-46
43	0.1107425	5.92214384690754e-45
44	0.1133922	2.8193866495434e-47
45	0.1128425	8.6027637345574925e-47
46	0.1158819	1.7333115062892962e-49
47	0.1136151	1.7918691607228012e-47
48	0.1058838	8.721708955149952e-41
49	0.1215681	1.2356875544125897e-54
50	0.1203078	1.7522152028750867e-53
51	0.1156461	2.814946254012103e-49
52	0.1130675	5.451295211693556e-47
53	0.1175766	5.229168588115484e-51
54	0.1087596	3.0773454140472824e-43
55	0.1141723	5.757684790913768e-48
56	0.1196143	7.494811607191073e-53
57	0.1108344	4.9259755997534397e-45
58	0.1104521	1.0591638249618692e-44
59	0.1116483	9.601147507310143e-46
60	0.1168705	2.2562426273268576e-50
61	0.1122215	3.0219176265809884e-46
62	0.1151939	7.122962501471009e-49
63	0.1160028	1.351475923367356e-49
64	0.1151448	7.877453242463557e-49
65	0.1090986	1.5712740836683382e-43
66	0.1118756	6.073329917162453e-46
67	0.1158149	1.9894759710152467e-49
68	0.1140517	7.363484597966244e-48
69	0.1163914	6.067802795665213e-50
70	0.1149281	1.2281140764286483e-48
71	0.1129681	6.669012637466014e-47
72	0.1102173	1.6935771090868574e-44
73	0.1216103	1.1304308236357854e-54
74	0.113332	3.1862506877664073e-47
75	0.1121796	3.288769527790085e-46
76	0.112242	2.8993384262663693e-46
77	0.1137177	1.454193024648892e-47
78	0.1188209	3.931630578456604e-52
79	0.1167921	2.6531317928104443e-50
80	0.1154671	4.066079003426756e-49
81	0.1143577	3.943497917275493e-48
82	0.1155166	3.673036182390308e-49
83	0.1128856	7.883182246913759e-47
84	0.1170668	1.5033904354720238e-50
85	0.1178461	2.9891528709962834e-51
86	0.1098893	3.259145447618872e-44
87	0.1117068	8.534082019093143e-46
88	0.114976	1.1133395027116817e-48
89	0.1175225	5.849976033168969e-51
90	0.10993699999999999	2.9634127504928896e-44
91	0.1159517	1.5013862588631132e-49
92	0.1159807	1.4143841873684467e-49
93	0.113177	4.3650398830320407e-47
94	0.1148213	1.5283052612370666e-48
95	0.1123077	2.5389260129689284e-46
96	0.1104215	1.126014244847131e-44
97	0.1182263	1.3564241852587613e-51
98	0.1098024	3.875576417444516e-44
99	0.1150815	8.968939193290736e-49
100	0.1128407	8.634201129308676e-47
101	0.1126791	1.1977990433317706e-46
102	0.1088826	2.411705402770126e-43
103	0.1143412	4.078644814380927e-48
104	0.1122998	2.5797820553855122e-46
105	0.1147561	1.7464826608141698e-48
106	0.1134923	2.300286048297439e-47
107	0.1154863	3.908876822977807e-49
108	0.1110246	3.363709543100831e-45
109	0.1131197	4.903411544702231e-47
110	0.1172272	1.078658821704434e-50
111	0.1102273	1.6600798898186946e-44
112	0.1155049	3.7623722196201586e-49
113	0.115566	3.3185873435070657e-49
114	0.1137389	1.3927663020281477e-47
115	0.1216918	9.518165632285059e-55
116	0.1097919	3.9575280732335607e-44
117	0.1127873	9.620823788983192e-47
118	0.1196912	6.380621143001015e-53
119	0.1183381	1.07492656203683e-51
120	0.1170526	1.5482154551042132e-50
121	0.1131806	4.3332555574144463e-47
122	0.1190766	2.3059932437067768e-52
123	0.1146628	2.113796062443488e-48
124	0.1102469	1.596329823825107e-44
125	0.1154433	4.269726068219534e-49
126	0.1133479	3.084964096145169e-47
127	0.1122728	2.7244307947576144e-46
128	0.1128255	8.904283145723116e-47
129	0.1154565	4.155553808070489e-49
130	0.1124726	1.819150512349879e-46
131	0.1140756	7.013201944808105e-48
132	0.1103987	1.178544983817336e-44
133	0.1131883	4.2660452247909522e-47
134	0.1119686	5.034748340299372e-46
135	0.1121634	3.398133039806124e-46
136	0.1162059	8.894554340326843e-50
137	0.1109368	4.011607725555315e-45
138	0.1102723	1.5173331999536982e-44
139	0.1121775	3.3027458037485387e-46
140	0.1113019	1.9273628268574008e-45
141	0.109228	1.2152560806095261e-43
142	0.1067847	1.503271488113689e-41
143	0.1116903	8.822465888649033e-46
144	0.1143404	4.085313568101799e-48
145	0.1182365	1.327949036529925e-51
146	0.1171662	1.2238581935420295e-50
147	0.1221773	3.412843345966863e-55
148	0.1088367	2.6413996929629286e-43
149	0.1134968	2.2793340182203877e-47
150	0.1113388	1.789584651208093e-45
151	0.1156183	2.980455334593648e-49
152	0.1124375	1.952975969890093e-46
153	0.111259	2.10089379975845e-45
154	0.1147384	1.8108980805398588e-48
155	0.1127415	1.0556115312751907e-46
156	0.1172922	9.428089172156546e-51
157	0.1195656	8.29878379803728e-53
158	0.1089616	2.0620417985021173e-43
159	0.1131597	4.521055160370223e-47
160	0.1193607	1.2738154180731098e-52
161	0.1163839	6.162396206351464e-50
162	0.1124537	1.890032110806365e-46
163	0.1140116	7.990835742707066e-48
164	0.1108694	4.592177286176445e-45
165	0.1168218	2.4951845391349614e-50
166	0.1047622	7.674303892559662e-40
167	0.1160917	1.1253923214455796e-49
168	0.1164127	5.80698347896365e-50
169	0.1142558	4.8555671412409984e-48
170	0.1128877	7.849697795118503e-47
171	0.112277	2.7014097551817926e-46
172	0.1190089	2.6560279620119605e-52
173	0.1089494	2.112539974889289e-43
174	0.1122739	2.718382630449811e-46
175	0.119643	7.057919678872359e-53
176	0.114549	2.6676235294294297e-48
177	0.1158861	1.7183967094677472e-49
178	0.1123776	2.2044166702843266e-46
179	0.1127828	9.708932863649092e-47
180	0.1158609	1.8098451861056753e-49
181	0.1148695	1.3846967734485976e-48
182	0.1186458	5.6636827483296046e-52
183	0.1207549	6.850151254434775e-54
184	0.1076949	2.51881302454258e-42
185	0.1160146	1.3190381730297058e-49
186	0.1141996	5.445712462479381e-48
187	0.118922	3.184101717574925e-52
188	0.1135746	1.945761408839815e-47
189	0.1149413	1.1953558149333866e-48
190	0.1080384	1.280182627245088e-42
191	0.1171219	1.341383540532643e-50
192	0.1123234	2.4596368611413433e-46
193	0.1186594	5.505421266451425e-52
194	0.1153621	5.044214559861672e-49
195	0.1088008	2.836146809781485e-43
196	0.1135173	2.1862690587306667e-47
197	0.1141813	5.652915320133416e-48
198	0.1203858	1.4875882313663535e-53
199	0.108442	5.7695383985426485e-43
200	0.1167487	2.9020459987151926e-50
201	0.1181842	1.480546036493183e-51
202	0.114026	7.759642905737207e-48
203	0.1135149	2.1969655269594627e-47
204	0.1129085	7.525608158148048e-47
205	0.1203133	1.7321057606748133e-53
206	0.1151677	7.516123920731348e-49
207	0.1134904	2.3091900380621387e-47
208	0.1110012	3.5254170771764286e-45
209	0.1123021	2.567820060678051e-46
210	0.1113133	1.883704337177797e-45
211	0.1127481	1.0415940083561158e-46
212	0.1143931	3.6684311252648495e-48
213	0.1202772	1.8684267196071468e-53
214	0.11615	9.980384980702654e-50
215	0.1182022	1.426147592496734e-51
216	0.1219504	5.513139526504938e-55
217	0.1123182	2.4856208498952218e-46
218	0.1183457	1.0580592955038704e-51
219	0.1182183	1.3791833018475293e-51
220	0.1162939	7.419062207184355e-50
221	0.1188412	3.768654428482421e-52
222	0.1155157	3.679832402399786e-49
223	0.1162949	7.403782494735311e-50
224	0.113392	2.820532850585016e-47
225	0.1134827	2.345627981628134e-47
226	0.1151893	7.190474590325266e-49
227	0.1151774	7.368101932058075e-49
228	0.1126221	1.3443080633247228e-46
229	0.113351	3.0655937663510585e-47
230	0.1149496	1.1752056972768819e-48
231	0.114637	2.2283330272703663e-48
232	0.1165955	3.982144512405777e-50
233	0.1108727	4.5618932003678924e-45
234	0.1121314	3.6249318254842564e-46
235	0.1159084	1.6413247966959024e-49
236	0.112436	1.9589088075146955e-46
237	0.1137817	1.276529327933312e-47
238	0.1189015	3.3232345692290482e-52
239	0.1158875	1.713453618897389e-49
240	0.1151946	7.112744507782295e-49
241	0.1155615	3.3494102095633268e-49
242	0.1141323	6.247262491636912e-48
243	0.1184076	9.301584411801393e-52
244	0.1128626	8.259373990548276e-47
245	0.1114799	1.347476679965551e-45
246	0.1154784	3.972811135023136e-49
247	0.1088884	2.3841356516900296e-43
248	0.1162495	8.130153948584929e-50
249	0.1164848	5.004355062084561e-50
250	0.1098624	3.4387141888058057e-44
251	0.1144723	3.120373535673555e-48
252	0.1169344	1.9770117832702703e-50
253	0.1157946	2.074303125628993e-49
254	0.1079478	1.530578297222189e-42
255	0.1127272	1.0866316439851534e-46
256	0.1086353	3.936123156394034e-43
257	0.1146569	2.1394594314284574e-48
258	0.1106398	7.274732430091869e-45
259	0.1117164	8.370641332584745e-46
260	0.1114073	1.5593335872712873e-45
261	0.1109464	3.935100353332043e-45
262	0.119706	6.185972337797127e-53
263	0.1108774	4.5191048292672e-45
264	0.1169864	1.7754372667787795e-50
265	0.1136741	1.5891476759509253e-47
266	0.108104	1.1247863544290283e-42
267	0.1116606	9.366265056749029e-46
268	0.1111603	2.5615930970470438e-45
269	0.1180179	2.0919963468063505e-51
270	0.1174074	7.426276319977997e-51
271	0.117621	4.7691161523989653e-51
272	0.118131	1.6537279772794273e-51
273	0.1182439	1.3076646856458447e-51
274	0.1193422	1.3240376571528029e-52
275	0.1092267	1.218398170511603e-43
276	0.1170224	1.6480305818532792e-50
277	0.1066377	2.00413117721704e-41
278	0.1096337	5.423490769381067e-44
279	0.1111693	2.5157093862817257e-45
280	0.1197861	5.230855968802606e-53
281	0.1171831	1.1817818673726065e-50
282	0.1132114	4.0705892751436947e-47
283	0.1182453	1.3038620308348079e-51
284	0.1118642	6.2145279419763726e-46
285	0.1158666	1.7887444887032168e-49
286	0.1205124	1.1403162817564896e-53
287	0.1160018	1.3542611940436968e-49
288	0.1115615	1.143435660741536e-45
289	0.1122723	2.727184395265158e-46
290	0.1192758	1.5211274547528115e-52
291	0.1130219	5.979633347109822e-47
292	0.1130879	5.230264458231583e-47
293	0.1138182	1.1850804096435257e-47
294	0.1133637	2.987496337638263e-47
295	0.1159937	1.377033978488302e-49
296	0.1139878	8.388104929964615e-48
297	0.1220526	4.4422970125742956e-55
298	0.111684	8.935122179983552e-46
299	0.1147839	1.649894001906774e-48
300	0.120576	9.977005270814773e-54
301	0.1146527	2.1579174306897978e-48
302	0.1140567	7.288788421133332e-48
303	0.1102693	1.526456639426788e-44
304	0.1098991	3.196076496903291e-44
305	0.1166562	3.513046617536391e-50
306	0.1179374	2.4728504859719618e-51
307	0.114521	2.8247596409716604e-48
308	0.1111003	2.889557483712909e-45
309	0.1124018	2.0991634211076565e-46
310	0.1155451	3.464179309755676e-49
311	0.1132747	3.5795686530114214e-47
312	0.1162253	8.545956222948127e-50
313	0.1122083	3.103568489878774e-46
314	0.1123257	2.448230526796904e-46
315	0.1092784	1.0994716859296374e-43
316	0.1143271	4.197788728840506e-48
317	0.1141664	5.827415845009581e-48
318	0.1133787	2.897807668232343e-47
319	0.1132145	4.045048258605696e-47
320	0.111706	8.547844885760432e-46
321	0.1098956	3.218460181728397e-44
322	0.1125912	1.431067169186607e-46
323	0.1137706	1.3057113187795286e-47
324	0.1133505	3.0687097874953183e-47
325	0.1167149	3.1119287395344365e-50
326	0.1085773	4.4148817684706006e-43
327	0.1168727	2.2460047862110175e-50
328	0.1121025	3.842703818147524e-46
329	0.1145895	2.4556393630522223e-48
330	0.1118438	6.47541837000541e-46
331	0.1138199	1.180984184866829e-47
332	0.1168444	2.381312542014493e-50
333	0.114872	1.3776268866193465e-48
334	0.1102285	1.6561048808463471e-44
335	0.1130596	5.539371636661303e-47
336	0.1119821	4.899492708202566e-46
337	0.1134653	2.430094438424605e-47
338	0.1140373	7.582903153657698e-48
339	0.1170469	1.566581454443843e-50
340	0.1121719	3.3403061558028918e-46
341	0.1119804	4.916323418413659e-46
342	0.1135676	1.973665720843344e-47
343	0.1132127	4.0598590004624105e-47
344	0.1104731	1.0155908951400858e-44
345	0.1149105	1.273188974971299e-48
346	0.1182366	1.32767284179154e-51
347	0.1092638	1.1318316911539667e-43
348	0.1132203	3.9976903806715883e-47
349	0.1145123	2.875439309447504e-48
350	0.1185632	6.727261832512475e-52
351	0.1156865	2.5906319337022757e-49
352	0.1100232	2.495216379950254e-44
353	0.1152463	6.3971296397396095e-49
354	0.1212179	2.5853439256370157e-54
355	0.1125603	1.5234099802243477e-46
356	0.1144959	2.973452730421724e-48
357	0.1147789	1.6668642089915012e-48
358	0.1166882	3.288376223170776e-50
359	0.1139157	9.715900138962664e-48
360	0.1102278	1.6584224811997488e-44
361	0.1156174	2.9859727840105383e-49
362	0.1081342	1.059715096749214e-42
363	0.1172925	9.422232657603388e-51
364	0.1138005	1.2285804558100746e-47
365	0.115457	4.151289492660149e-49
366	0.1146618	2.1181240704016873e-48
367	0.1153255	5.437694451526426e-49
368	0.1136709	1.5995311562778512e-47
369	0.1098971	3.208848097095269e-44
370	0.1144898	3.0107532701326635e-48
371	0.111543	1.1868108405203736e-45
372	0.11567	2.6800064013855893e-49
373	0.1167714	2.7690779281155896e-50
374	0.1200356	3.101298299872243e-53
375	0.1168416	2.3951342341106756e-50
376	0.1156167	2.9902711774970733e-49
377	0.1198277	4.794419049196653e-53
378	0.1135969	1.8594632821259066e-47
379	0.1142075	5.358622081379684e-48
380	0.1113285	1.827023418548904e-45
381	0.1155167	3.672281820237688e-49
382	0.1172166	1.102594933537949e-50
383	0.1177218	3.8690929363688825e-51
384	0.1113135	1.8829472680570764e-45
385	0.1128569	8.35534011971179e-47
386	0.1139441	9.16954148678367e-48
387	0.1158301	1.9282339804629907e-49
388	0.1132374	3.8612609164667523e-47
389	0.1152064	6.942682717482564e-49
390	0.1109534	3.8802326700253476e-45
391	0.1136308	1.735532493081447e-47
392	0.1152017	7.009927620904783e-49
393	0.1109291	4.074043636018985e-45
394	0.1153914	4.749791471126289e-49
395	0.1150625	9.325092439384257e-49
396	0.1165576	4.306220272116648e-50
397	0.1156367	2.8698574219939102e-49
398	0.1147472	1.7785814152404197e-48
399	0.1155562	3.3860791720009494e-49
400	0.1155666	3.314499066011816e-49
401	0.118275	1.2257414474852446e-51
402	0.1149194	1.2501928614832177e-48
403	0.1172353	1.0607181063010802e-50
404	0.1137314	1.4141958100727697e-47
405	0.117083	1.4538313119385431e-50
406	0.111467	1.3829024489311944e-45
407	0.1176697	4.310826429295814e-51
408	0.1125213	1.6484888051036255e-46
409	0.1090141	1.858113660874877e-43
410	0.1134513	2.5002532786936166e-47
411	0.1098111	3.80895709799574e-44
412	0.1142471	4.942565348855281e-48
413	0.1139063	9.903796653853499e-48
414	0.1164076	5.86839614312141e-50
415	0.1150858	8.890238119532346e-49
416	0.1163953	6.019188177720378e-50
417	0.1181545	1.574866874411959e-51
418	0.1148922	1.3218074586328622e-48
419	0.1149077	1.2805106022002024e-48
420	0.1088749	2.448798331739786e-43
421	0.1174305	7.079132477448746e-51
422	0.1120993	3.8676054091993475e-46
423	0.1142558	4.8555671412409984e-48
424	0.1180299	2.040472811487583e-51
425	0.114907	1.2823475624534896e-48
426	0.1156108	3.026746653226359e-49
427	0.1114339	1.478108260102798e-45
428	0.1141329	6.239620538045708e-48
429	0.1133771	2.9072450568388994e-47
430	0.1153761	4.9013299901122536e-49
431	0.1077556	2.2351218845158888e-42
432	0.1056384	1.4054985972082982e-40
433	0.1144124	3.5266156987249606e-48
434	0.1147505	1.7666115487036407e-48
435	0.1155175	3.666252484698163e-49
436	0.1126422	1.2907093279204444e-46
437	0.1097707	4.128296025174328e-44
438	0.1148071	1.573379982381876e-48
439	0.1133415	3.125341502017498e-47
440	0.1140017	8.153754115301356e-48
441	0.1211455	3.011233534748668e-54
442	0.1062133	4.590279551795272e-41
443	0.1142565	4.848634045798646e-48
444	0.1135178	2.1840471747398058e-47
445	0.1115268	1.2261388139936229e-45
446	0.1148306	1.4994849684516598e-48
447	0.1159065	1.647754823816211e-49
448	0.1132823	3.5247372360194444e-47
449	0.1198058	5.019444970948584e-53
450	0.1165418	4.448974755456289e-50
451	0.1117711	7.497195453992655e-46
452	0.1164792	5.062517849594167e-50
453	0.1100191	2.5157141801549865e-44
454	0.1123655	2.259000770619969e-46
455	0.1186321	5.8276980360212215e-52
456	0.122627	1.3175547260852053e-55
457	0.1140913	6.792196560801581e-48
458	0.1163117	7.151727493395953e-50
459	0.115013	1.0320627995918174e-48
460	0.1144112	3.535271559636351e-48
461	0.1135764	1.9386498459583939e-47
462	0.1154567	4.1538475577479085e-49
463	0.1205721	1.0059092100931356e-53
464	0.1119976	4.748662532211127e-46
465	0.1069671	1.0517518820213583e-41
466	0.1146337	2.2434228094557286e-48
467	0.1090368	1.7762882461117678e-43
468	0.1169303	1.9938441332504795e-50
469	0.1126571	1.252357493431324e-46
470	0.1123523	2.320085503902326e-46
471	0.1119624	5.098107379156806e-46
472	0.1136117	1.8043077317680115e-47
473	0.1142622	4.792545197754128e-48
474	0.114254	4.8734405445273364e-48
475	0.1124403	1.9419492476232688e-46
476	0.1104626	1.0371492050701309e-44
477	0.1162011	8.982972651486265e-50
478	0.1111847	2.4390904267475755e-45
479	0.1122034	3.1344351153548253e-46
480	0.1107217	6.174145839515682e-45
481	0.1179133	2.5997927256845275e-51
482	0.1144223	3.456006794093234e-48
483	0.1140896	6.815787705026208e-48
484	0.1128269	8.879058809330232e-47
485	0.1218509	6.80261970185724e-55
486	0.1144158	3.502205398594811e-48
487	0.1155315	3.562323511021406e-49
488	0.1138907	1.0223657552948135e-47
489	0.1152562	6.2685247864486874e-49
490	0.1132908	3.4644045115592253e-47
491	0.1208457	5.659420431589861e-54
492	0.1169607	1.8723595626658833e-50
493	0.1122868	2.6484456819290416e-46
494	0.117421	7.219892692334473e-51
495	0.1118378	6.5542093248635834e-46
496	0.1192529	1.5956802590703529e-52
497	0.1138229	1.1737899757052292e-47
498	0.1156765	2.6444368339651005e-49
499	0.1172221	1.090109832638891e-50
500	0.1157325	2.356859862823616e-49
501	0.1158021	2.0425507201086908e-49
502	0.117671	4.299214758386617e-51
503	0.114232	5.0972696229397985e-48
504	0.1124798	1.7928509110318337e-46
505	0.1177253	3.841091407192674e-51
506	0.1168021	2.5988672663626386e-50
507	0.1128575	8.345186272414485e-47
508	0.121668	1.0008460783621846e-54
509	0.1089193	2.242466050316341e-43
510	0.114926	1.2334075610875797e-48
511	0.1166617	3.4733695341626414e-50
512	0.1183002	1.1631317228511736e-51
513	0.1169983	1.732270615483697e-50
514	0.1165599	4.285824164996281e-50
515	0.1156269	2.9282433144359764e-49
516	0.1134764	2.375867007460997e-47
517	0.1181076	1.7361681739297648e-51
518	0.1143161	4.293143400992309e-48
519	0.1091365	1.4574000896776791e-43
520	0.1096482	5.269149345310859e-44
521	0.1135215	2.167675086260927e-47
522	0.1151318	8.090232571223065e-49
523	0.11242919999999999	1.9860305953635236e-46
524	0.1183442	1.0613673095763245e-51
525	0.1197614	5.508523346810739e-53
526	0.1089208	2.2358066544115597e-43
527	0.1166044	3.9096407481208635e-50
528	0.1085283	4.864303406689506e-43
529	0.1131231	4.869693804850151e-47
530	0.1126812	1.1927168032799413e-46
531	0.1062508	4.266544320197081e-41
532	0.1115213	1.2397842942169257e-45
533	0.1131375	4.729434345230822e-47
534	0.1164615	5.250825579890681e-50
535	0.111718	8.343706353111282e-46
536	0.1177759	3.4581492641611114e-51
537	0.117423	7.190028726846175e-51
538	0.116541	4.456327119107564e-50
539	0.1151937	7.125884617019914e-49
540	0.1134072	2.734732595521014e-47
541	0.1141155	6.465069623455356e-48
542	0.112662	1.239995180489268e-46
543	0.1155721	3.277256544340879e-49
544	0.1151823	7.294437189722256e-49
545	0.1116381	9.800377060920519e-46
546	0.1143773	3.788753085736644e-48
547	0.1160173	1.3117258604698947e-49
548	0.1136864	1.549858265502926e-47
549	0.1159383	1.5433711697109745e-49
550	0.1143587	3.935452286573967e-48
551	0.1151	8.635203053512828e-49
552	0.1151845	7.261602661591465e-49
553	0.1134051	2.746429762518749e-47
554	0.116748	2.9062460512971066e-50
555	0.118182	1.4873351697937706e-51
556	0.1141683	5.804868607217738e-48
557	0.1169828	1.7887063230034777e-50
558	0.112492	1.7491505220989138e-46
559	0.1069586	1.0694146976440202e-41
560	0.1192865	1.487494422851385e-52
561	0.1173565	8.252313472599565e-51
562	0.114932	1.2183433746542478e-48
563	0.1138397	1.1343028099313596e-47
564	0.119456	1.0436970388894832e-52
565	0.1139111	9.807400974025637e-48
566	0.1135055	2.2393650199414044e-47
567	0.1164019	5.9378009583097665e-50
568	0.1119965	4.7592122400267476e-46
569	0.1154919	3.864178995528025e-49
570	0.1135336	2.114983918215375e-47
571	0.1107283	6.093046586287928e-45
572	0.1154324	4.366359826400356e-49
573	0.1153378	5.30215683187602e-49
574	0.1170379	1.596023993274223e-50
575	0.1196706	6.661766958910478e-53
576	0.1118016	7.050284146634242e-46
577	0.1175676	5.3276870276617456e-51
578	0.1143184	4.273028563506767e-48
579	0.1129572	6.818056982406849e-47
580	0.1137564	1.3440153828908922e-47
581	0.1163628	6.436485086502378e-50
582	0.115339	5.2891154697786385e-49
583	0.1140885	6.831096099524315e-48
584	0.1201275	2.557763053649262e-53
585	0.1100964	2.1560491683627737e-44
586	0.1200309	3.1320050070943217e-53
587	0.1111153	2.8038363747641876e-45
588	0.1129168	7.40004086239784e-47
589	0.1151588	7.65454605270183e-49
590	0.1175416	5.622822228895088e-51
591	0.1164816	5.037508808312308e-50
592	0.1092614	1.1372412879547293e-43
593	0.1180093	2.1297182009735163e-51
594	0.1145076	2.903194301393342e-48
595	0.1156653	2.7060229073358487e-49
596	0.1127797	9.770097962796298e-47
597	0.1187312	4.740208889838862e-52
598	0.1107384	5.97099213709409e-45
599	0.114001	8.165398230591485e-48
600	0.1151295	8.128470707004557e-49
601	0.1191922	1.8114121608049852e-52
602	0.1101262	2.0315173017144713e-44
603	0.1187268	4.783887200650087e-52
604	0.1147474	1.7778536711594994e-48
605	0.1152414	6.461752985076715e-49
606	0.1203404	1.6363346454813882e-53
607	0.1145757	2.52591319682201e-48
608	0.110727	6.10893622482847e-45
609	0.1095357	6.591642427553367e-44
610	0.1139041	9.948293296886153e-48
611	0.106403	3.170176880896385e-41
612	0.1193814	1.2198712070718964e-52
613	0.116022	1.29909336561302e-49
614	0.1169165	2.0515569909877384e-50
615	0.1167829	2.704053015211699e-50
616	0.1155358	3.53099641239142e-49
617	0.1164678	5.183012949722316e-50
618	0.107917	1.626375613561251e-42
619	0.1126516	1.2663800409081905e-46
620	0.1164563	5.307464252718064e-50
621	0.1133887	2.839512413109783e-47
622	0.1181752	1.508516792202645e-51
623	0.1090667	1.673967199001173e-43
624	0.114716	1.8958264678698095e-48
625	0.1137712	1.3041170364795914e-47
626	0.1127949	9.47382450042467e-47
627	0.109298	1.057475336650128e-43
628	0.1125173	1.6618827972725107e-46
629	0.1161865	9.257338122853148e-50
630	0.1121146	3.749981593912153e-46
631	0.1129231	7.306127745333186e-47
632	0.1074273	4.263315531939423e-42
633	0.1148227	1.5239316490033713e-48
634	0.1080862	1.1649898581331008e-42
635	0.1148121	1.5573593078135072e-48
636	0.1148814	1.3513648589024059e-48
637	0.1152061	6.946955652214095e-49
638	0.1147708	1.6947262492295527e-48
639	0.1129756	6.568350914302111e-47
640	0.115239	6.493642439202149e-49
641	0.1147929	1.6197807994671795e-48
642	0.1130008	6.241097980633552e-47
643	0.1158508	1.8478458288712047e-49
644	0.1134199	2.665044055066398e-47
645	0.1130906	5.201688270955655e-47
646	0.1113428	1.7752524541927597e-45
647	0.114152	6.001164441511203e-48
648	0.1107707	5.596789519459152e-45
649	0.1122483	2.8626734787724043e-46
650	0.1064972	2.6374517388544344e-41
651	0.1125259	1.6332187662595754e-46
652	0.1180841	1.823087766471758e-51
653	0.1152258	6.671861607085502e-49
654	0.1150197	1.0179912014613422e-48
655	0.1125575	1.5320656850701657e-46
656	0.1182094	1.4049508497803913e-51
657	0.1186159	6.027769432177578e-52
658	0.1180109	2.122649154650078e-51
659	0.1134232	2.6472277973707742e-47
660	0.1128871	7.859250279375346e-47
661	0.1097844	4.0171207159692337e-44
662	0.1187885	4.2064438101242466e-52
663	0.1161693	9.59130820174625e-50
664	0.1086365	3.926784873255728e-43
665	0.1116144	1.0279356471786769e-45
666	0.1086152	4.0958719235322964e-43
667	0.1170431	1.5789460620351279e-50
668	0.1142716	4.7014581146215344e-48
669	0.1140672	7.134377695259589e-48
670	0.1176829	4.194363187000445e-51
671	0.1119874	4.847388461624677e-46
672	0.112083	3.996967699385921e-46
673	0.1168718	2.2501873796708824e-50
674	0.114438	3.346911504611052e-48
675	0.1168269	2.469022123347075e-50
676	0.1132266	3.9468763345035007e-47
677	0.1207028	7.643098833093691e-54
678	0.1146371	2.2278773451907358e-48
679	0.1162853	7.551773244160936e-50
680	0.1162425	8.248307845752357e-50
681	0.1127784	9.795862082811686e-47
682	0.1119516	5.210379599730683e-46
683	0.1117334	8.088836593072972e-46
684	0.1129951	6.313666419625593e-47
685	0.1087672	3.0313635909640606e-43
686	0.1100656	2.2927633964409753e-44
687	0.1182507	1.2892977270236343e-51
688	0.1136015	1.8421425807381634e-47
689	0.1167904	2.6624685446098283e-50
690	0.1170567	1.5351378155926409e-50
691	0.1142466	4.947612231065126e-48
692	0.1120765	4.049749401977629e-46
693	0.1105918	8.00855750118991e-45
694	0.1171826	1.1830057597423191e-50
695	0.1204089	1.4171648722807737e-53
696	0.1187645	4.422293037104919e-52
697	0.1219859	5.114745898621998e-55
698	0.1106673	6.884937217367254e-45
699	0.1195424	8.711502800937175e-53
700	0.1121219	3.69512445686998e-46
701	0.1141325	6.244714136970849e-48
702	0.1171565	1.2486802871592034e-50
703	0.11188	6.0196922454241565e-46
704	0.1135659	1.980502506362316e-47
705	0.1129892	6.389667643723714e-47
706	0.1169301	1.99466887132924e-50
707	0.1147572	1.7425557398050138e-48
708	0.1129972	6.286833278261319e-47
709	0.1127535	1.0302633328757133e-46
710	0.1151765	7.38171264439381e-49
711	0.1092164	1.2435812241816883e-43
712	0.1128027	9.325286013833785e-47
713	0.1129038	7.597652636617889e-47
714	0.1150624	9.32700377108168e-49
715	0.1141658	5.834554159109144e-48
716	0.1123824	2.1831296924259304e-46
717	0.1138603	1.0876881074324974e-47
718	0.1099485	2.896213933635348e-44
719	0.1133966	2.794287440436006e-47
720	0.1153975	4.690685658469109e-49
721	0.1122275	2.985515297695332e-46
722	0.1196473	6.99468853022771e-53
723	0.1113224	1.8495631126335025e-45
724	0.1045033	1.2648926149723727e-39
725	0.1141581	5.926940498508914e-48
726	0.1110933	2.93045021884256e-45
727	0.1144821	3.058504743410745e-48
728	0.122527	1.6283486196397994e-55
729	0.1143406	4.083645360655573e-48
730	0.1179033	2.6543558172331836e-51
731	0.1102899	1.4648937760020776e-44
732	0.1130965	5.139784807118678e-47
733	0.1158328	1.9175538783507807e-49
734	0.1168969	2.136402106335072e-50
735	0.1124769	1.8033978848180592e-46
736	0.115895	1.6872133379255192e-49
737	0.1132612	3.679072763353374e-47
738	0.1122718	2.729940771495023e-46
739	0.1161956	9.085363866000094e-50
740	0.1141746	5.730727535037892e-48
741	0.108873	2.458038288374438e-43
742	0.1183213	1.113170297924705e-51
743	0.1159453	1.5212946663960086e-49
744	0.113465	2.4315770531368156e-47
745	0.1083478	6.9502896228633e-43
746	0.111696	8.721759923090099e-46
747	0.1135462	2.0614729004770784e-47
748	0.1120575	4.208053703149194e-46
749	0.1163703	6.337694127390361e-50
750	0.1154955	3.8357143165922446e-49
751	0.1201141	2.6306569893524256e-53
752	0.1130591	5.544993614479238e-47
753	0.1115088	1.2713626080718419e-45
754	0.1127966	9.441250901970092e-47
755	0.1143467	4.033090161367448e-48
756	0.1130594	5.541619745219092e-47
757	0.1135389	2.0923085338216277e-47
758	0.1167744	2.7519659973603395e-50
759	0.1150968	8.692031086491452e-49
760	0.11783	3.0907680133099186e-51
761	0.1166083	3.8782859056434836e-50
762	0.1183179	1.1210737529875705e-51
763	0.1111564	2.581734323492596e-45
764	0.1133074	3.3495325019748244e-47
765	0.1147846	1.6475319672921454e-48
766	0.1123063	2.546118981143486e-46
767	0.1104925	9.769280639530473e-45
768	0.1132546	3.7287185821259274e-47
769	0.1139982	8.21214079963517e-48
770	0.1155549	3.3951344436324883e-49
771	0.1152406	6.472365405920206e-49
772	0.1172112	1.1149918277015247e-50
773	0.1108713	4.5747165943237746e-45
774	0.1168363	2.421516248006476e-50
775	0.1136839	1.557764673484552e-47
776	0.11412	6.405996411338135e-48
777	0.1103614	1.269803449780593e-44
778	0.1121486	3.501212566234281e-46
779	0.1112265	2.242654252141109e-45
780	0.1161898	9.194601694062308e-50
781	0.1145617	2.5992556042062987e-48
782	0.113597	1.8590850233155448e-47
783	0.1105137	9.363544725647177e-45
784	0.1110763	3.032179864904896e-45
785	0.1152707	6.0848052610382045e-49
786	0.1138133	1.1969666417046197e-47
787	0.1168725	2.246933580552619e-50
788	0.1175293	5.76807358993788e-51
789	0.1094106	8.454048896474045e-44
790	0.1185452	6.984282044546456e-52
791	0.113562	1.9962762887718702e-47
792	0.1139393	9.259682906763967e-48
793	0.1105664	8.426276866055742e-45
794	0.1177823	3.4125107207572915e-51
795	0.1118272	6.695750505294285e-46
796	0.1161964	9.070398545283276e-50
797	0.1163919	6.0615483262652125e-50
798	0.1105142	9.354181119076076e-45
799	0.1122968	2.5954682184182307e-46
800	0.1144728	3.11718695374386e-48
801	0.1147786	1.6678879408590664e-48
802	0.118168	1.5312725619838382e-51
803	0.1148823	1.3488767600383823e-48
804	0.1133303	3.197274459977249e-47
805	0.1127116	1.121509521415148e-46
806	0.1127039	1.1391342379169153e-46
807	0.1163052	7.248217039377285e-50
808	0.1137	1.5075433595366098e-47
809	0.1090933	1.5878900890748897e-43
810	0.1156707	2.6761530121271557e-49
811	0.1104257	1.1165953594604927e-44
812	0.1101168	2.070004468086704e-44
813	0.1097083	4.674765505795067e-44
814	0.1148843	1.3433640010051045e-48
815	0.1139564	8.942529449539307e-48
816	0.1149572	1.1570523323563858e-48
817	0.1172639	9.997204791117206e-51
818	0.1133034	3.3768602059463876e-47
819	0.11102770000000001	3.342849177132853e-45
820	0.1067807	1.51508598183442e-41
821	0.117561	5.401108959575081e-51
822	0.114313	4.320404233907839e-48
823	0.1157073	2.482190868785646e-49
824	0.1148473	1.4490865964488688e-48
825	0.1190782	2.2983031113810906e-52
826	0.1116455	9.655432248483935e-46
827	0.1180754	1.8563564312534592e-51
828	0.1152912	5.8341932148016725e-49
829	0.1132722	3.5977906198211086e-47
830	0.1139633	8.817644898024489e-48
831	0.1129936	6.332902858668711e-47
832	0.1163871	6.121857718221301e-50
833	0.1142128	5.300974469855163e-48
834	0.110153	1.925660857380222e-44
835	0.1158593	1.8158126998413548e-49
836	0.114931	1.2208412652853753e-48
837	0.1182368	1.3271206242687508e-51
838	0.1162226	8.593643491043619e-50
839	0.1120799	4.022054379045948e-46
840	0.1207519	6.893496398440988e-54
841	0.1140873	6.847835285145552e-48
842	0.1091249	1.4913507249350953e-43
843	0.1158621	1.8053823946596876e-49
844	0.107423	4.2994900705753423e-42
845	0.1166837	3.319082406666061e-50
846	0.1130596	5.539371636661303e-47
847	0.1218504	6.809806651479994e-55
848	0.1077605	2.2136613242870262e-42
849	0.1132777	3.5578237656917287e-47
850	0.1158911	1.7008078576306584e-49
851	0.1147669	1.7083065246072935e-48
852	0.1112784	2.0205704781129346e-45
853	0.1130175	6.033239567568227e-47
854	0.1128807	7.96186770539735e-47
855	0.1126757	1.206073266037514e-46
856	0.1172629	1.0017930051351972e-50
857	0.1136667	1.6132622440758222e-47
858	0.1189724	2.8662553463389393e-52
859	0.1121004	3.859027387007933e-46
860	0.1159036	1.657617561712643e-49
861	0.1124374	1.9533709342455094e-46
862	0.1146945	1.981076926981594e-48
863	0.1164256	5.654492629558375e-50
864	0.1154031	4.6370708366098936e-49
865	0.1174875	6.29025204734972e-51
866	0.1170354	1.604300017367237e-50
867	0.1104771	1.0074962574848759e-44
868	0.1144884	3.019379695488022e-48
869	0.113417	2.6807994728382554e-47
870	0.1139367	9.308878022373592e-48
871	0.1152169	6.794770424064268e-49
872	0.1153083	5.63304212607654e-49
873	0.1133238	3.239776123385186e-47
874	0.1134837	2.3408635675510913e-47
875	0.1155321	3.557935698030474e-49
876	0.1093018	1.0495202362815254e-43
877	0.1153508	5.162567686979878e-49
878	0.1154792	3.966289583510594e-49
879	0.115522	3.632521026858729e-49
880	0.1126883	1.1756927444143396e-46
881	0.1179398	2.4605526625356815e-51
882	0.1086891	3.5384475818218402e-43
883	0.1155028	3.7786348339564054e-49
884	0.1174018	7.512959243401989e-51
885	0.1137182	1.4527136243096481e-47
886	0.1158873	1.7141589052015756e-49
887	0.1113123	1.887494238603292e-45
888	0.1131541	4.572739306374282e-47
889	0.112842	8.611484874346126e-47
890	0.1153783	4.879246784679331e-49
891	0.1229862	6.153029721976019e-56
892	0.1160909	1.1272481920089844e-49
893	0.1157502	2.272623887365914e-49
894	0.111463	1.3940747050367352e-45
895	0.1180813	1.8337294788684614e-51
896	0.1126902	1.1711782613528417e-46
897	0.1158068	2.0229001827371863e-49
898	0.1173376	8.581851692961425e-51
899	0.1176918	4.1176160976859355e-51
900	0.1087039	3.4362559110914475e-43
901	0.1146866	2.0133532540839322e-48
902	0.1153842	4.820512469903927e-49
903	0.1106057	7.788772789943507e-45
904	0.1169498	1.9150445497816013e-50
905	0.1139362	9.318368468270699e-48
906	0.1143465	4.0347377669433406e-48
907	0.1176147	4.8318486239195e-51
908	0.1149865	1.0896465319412114e-48
909	0.1141282	6.299732975833079e-48
910	0.1136216	1.7683271123713964e-47
911	0.110136	1.9921519599533534e-44
912	0.1117823	7.329892662692955e-46
913	0.1114337	1.4787029497590613e-45
914	0.1152809	5.958796097588242e-49
915	0.1134528	2.492640636588239e-47
916	0.1157996	2.0530806055451348e-49
917	0.1157686	2.1882394625681796e-49
918	0.1146234	2.291179952036123e-48
919	0.1159413	1.5338709417377373e-49
920	0.1118467	6.437675413526125e-46
921	0.1222158	3.1459868872647224e-55
922	0.1195671	8.272781161755032e-53
923	0.114022	7.823185453787139e-48
924	0.1138608	1.0865807605840896e-47
925	0.1131311	4.791267393077834e-47
926	0.1184538	8.448615134896934e-52
927	0.1188512	3.690866897076681e-52
928	0.1160869	1.1365734464836042e-49
929	0.1135759	1.9406226753825535e-47
930	0.1176036	4.9443872194776316e-51
931	0.1171041	1.3917183369036766e-50
932	0.1179593	2.3628687446784232e-51
933	0.1161992	9.018213337279352e-50
934	0.1168513	2.347590692399226e-50
935	0.1108625	4.6561479400677535e-45
936	0.1153605	5.060806568570022e-49
937	0.114972	1.1224999761148677e-48
938	0.1173577	8.231821912258917e-51
939	0.1099901	2.6655725062016787e-44
940	0.1137562	1.3445628050654457e-47
941	0.1212319	2.5102092949311715e-54
942	0.1158575	1.8225496205372996e-49
943	0.1126984	1.1518921992769902e-46
944	0.1116285	9.991651807800078e-46
945	0.1124877	1.7644305296474763e-46
946	0.1165618	4.2690479267087384e-50
947	0.1124028	2.0949236416580104e-46
948	0.1096963	4.787845274132998e-44
949	0.1108922	4.3869640144475396e-45
950	0.1115824	1.0963325240958523e-45
951	0.1115381	1.198571745704542e-45
952	0.1136034	1.8350354289445716e-47
953	0.1102475	1.5944172884676982e-44
954	0.1140999	6.674095616397783e-48
955	0.1098609	3.4490127844108623e-44
956	0.1077659	2.190248766992354e-42
957	0.1154378	4.318216543280911e-49
958	0.1157091	2.473022230003075e-49
959	0.1150827	8.946906448522305e-49
960	0.111435	1.4748417279031253e-45
961	0.1136912	1.534789996285142e-47
962	0.1173863	7.758185558911946e-51
963	0.1115068	1.27648905013453e-45
964	0.1131868	4.2790560893106635e-47
965	0.1145253	2.8000411005465346e-48
966	0.1158056	2.0278993383361283e-49
967	0.1114481	1.436489289880011e-45
968	0.116706	3.1696691050948957e-50
969	0.1157509	2.2693549847604035e-49
970	0.1143894	3.696261436887455e-48
971	0.1103459	1.3097677347683668e-44
972	0.114548	2.673082407765655e-48
973	0.1096679	5.066451635789131e-44
974	0.118228	1.3516363648062633e-51
975	0.1105469	8.761649265101015e-45
976	0.1159213	1.5983253325150744e-49
977	0.1141167	6.449263840600535e-48
978	0.1165817	4.0972276704784985e-50
979	0.1150742	9.104142773486802e-49
980	0.1132226	3.9790640333579584e-47
981	0.1129708	6.632598380982939e-47
982	0.1134061	2.740853472100509e-47
983	0.1100392	2.416805606850691e-44
984	0.1170969	1.4126098503121595e-50
985	0.1165915	4.0151659427968826e-50
986	0.1177806	3.4245745115884637e-51
987	0.1136463	1.6816470172183174e-47
988	0.1119981	4.743874923720518e-46
989	0.1109885	3.6164033136055224e-45
990	0.1135466	2.059796437739143e-47
991	0.109802	3.878667156693637e-44
992	0.1124512	1.899611971572764e-46
993	0.1154394	4.304053833548163e-49
994	0.1123138	2.5078210170895273e-46
995	0.1134651	2.431082748008699e-47
996	0.1178718	2.8338104653415546e-51
997	0.1135674	1.9744688251059818e-47
998	0.1177336	3.7754934875427166e-51
999	0.1176376	4.6076856505200876e-51
