Dataset	Random-mean	P-value
0	0.00875189	0.7948856928080981
1	0.00856381	0.8949382293897442
2	0.00829569	0.9598852491629808
3	0.00826016	0.9406423534608332
4	0.00896475	0.6856788519439274
5	0.00861336	0.8683474879999626
6	0.00838384	0.992295812828113
7	0.00821384	0.9156093992152343
8	0.00953543	0.4279513215316637
9	0.0087006	0.8219092886745846
10	0.00829891	0.9616305148705931
11	0.00830622	0.9655932641741138
12	0.00872928	0.806770100258944
13	0.00840104	0.9829631348259972
14	0.008177	0.8957582662039932
15	0.00870678	0.818641247837515
16	0.00903622	0.6503146968117652
17	0.00857428	0.8893086542629872
18	0.007654	0.626479509086532
19	0.00859337	0.8790588066727638
20	0.00884403	0.7469732858877545
21	0.00905083	0.643178421450767
22	0.00828919	0.9563627929261153
23	0.00862203	0.8637092086408893
24	0.00855192	0.9013377404540435
25	0.00813136	0.871257051468849
26	0.00825008	0.9351888955953448
27	0.00886264	0.737407399228162
28	0.00912493	0.6075011344494953
29	0.00847309	0.9439091336320646
30	0.00852233	0.9172908921823395
31	0.00873564	0.8034224666970013
32	0.00879283	0.7734892660836618
33	0.00867248	0.8368177247847097
34	0.0080807	0.8442061797074772
35	0.00836648	0.9982836261959531
36	0.00914206	0.5993810458149526
37	0.00847211	0.9444396411769781
38	0.00857179	0.8906469969967992
39	0.00801043	0.8069935532352777
40	0.00885326	0.742223905268292
41	0.00800641	0.8048770290275739
42	0.00828916	0.9563465373624889
43	0.00852277	0.9170534097145637
44	0.00839716	0.9850682549378431
45	0.00770256	0.6500671373290241
46	0.00870836	0.8178062335390536
47	0.00843279	0.9657427461101671
48	0.00744994	0.5316907047392729
49	0.00887175	0.7327394052435567
50	0.00814915	0.8807939868117617
51	0.00853239	0.9118630700489763
52	0.00782875	0.7129780411076295
53	0.00836081	0.995206737372334
54	0.00825684	0.9388458541455845
55	0.00865126	0.8481072989944224
56	0.00851829	0.9194717560874084
57	0.00869445	0.8251645428868317
58	0.00800877	0.8061193929848753
59	0.00809894	0.8539263141596987
60	0.00771258	0.654979355321832
61	0.00905747	0.6399459249987851
62	0.00911766	0.6109621208434992
63	0.00825744	0.9391704998729947
64	0.00835804	0.9937035890697619
65	0.00918926	0.577266140228698
66	0.00877204	0.7843342898605392
67	0.00843032	0.9670819405921391
68	0.00804877	0.8272485833773063
69	0.00839879	0.9841838739285848
70	0.00817495	0.894655431120887
71	0.00928983	0.5314747014624612
72	0.00832522	0.9758968997829437
73	0.00909107	0.6236945740102537
74	0.00784981	0.7236851678488316
75	0.00830384	0.9643029684495381
76	0.00838294	0.9927841908527388
77	0.0086824	0.8315514170470293
78	0.00863753	0.8554288353552919
79	0.00810212	0.8556232639688277
80	0.0084285	0.9680687752301178
81	0.00886006	0.7387311742865187
82	0.00848177	0.9392114677930437
83	0.00823133	0.9250531122610319
84	0.0086436	0.852190424160046
85	0.00853726	0.9092369500291295
86	0.008424010000000001	0.970503535246509
87	0.008390710000000001	0.9885679692607501
88	0.00920152	0.5715855408344286
89	0.00844195	0.9607772159001429
90	0.00828095	0.9518986384205731
91	0.00832916	0.978034110249737
92	0.00747516	0.5430007158507197
93	0.0091688	0.5868050680742309
94	0.00863726	0.855572940425824
95	0.00867064	0.837795353716216
96	0.00887218	0.7325193149359414
97	0.00908227	0.6279335950252429
98	0.00807326	0.8402481172237595
99	0.00806729	0.837075011081304
100	0.00841182	0.9771150429874981
101	0.00843897	0.9623924815188378
102	0.00915165	0.5948567457746854
103	0.00800401	0.8036141142920372
104	0.00820563	0.911180446788477
105	0.00827167	0.9468728646238602
106	0.00939337	0.48633941573966966
107	0.00915621	0.5927109600877527
108	0.00805376	0.8298936020992844
109	0.00866977	0.8382576896783646
110	0.00877661	0.7819466833885746
111	0.00868162	0.8319652305396288
112	0.00866091	0.8429692367206659
113	0.00883864	0.7497512330446936
114	0.00905838	0.6395034485995033
115	0.00869986	0.822300816390319
116	0.00871713	0.8131751666366684
117	0.00861068	0.869782162339932
118	0.00835349	0.9912345698495223
119	0.00877015	0.7853223208994461
120	0.00886605	0.7356589562850356
121	0.0095817	0.40985495176999165
122	0.00911876	0.6104378879908907
123	0.00841095	0.9775869717762082
124	0.00846261	0.9495835612067384
125	0.00879018	0.7748692154404221
126	0.00870432	0.8199417435446722
127	0.00845493	0.9537435643708426
128	0.00847426	0.9432758052562356
129	0.00775151	0.6742052283993084
130	0.00817785	0.8962155986297528
131	0.00855972	0.8971388235110228
132	0.00836577	0.9978983344233289
133	0.00837014	0.9997302174642744
134	0.00988611	0.302546616360411
135	0.00899631	0.6699716663872539
136	0.00828611	0.9546939845417004
137	0.00877649	0.7820093514388595
138	0.00842535	0.9697768732038974
139	0.00864266	0.8526917624479424
140	0.008663	0.841857307713981
141	0.00825417	0.9374013049339537
142	0.00833792	0.982786421553351
143	0.0075837	0.5930045181517724
144	0.00794326	0.7718260981679607
145	0.00805169	0.8287961335451057
146	0.00998726	0.27146477527378643
147	0.00800607	0.8046980849973173
148	0.00735501	0.4902188396341399
149	0.00865957	0.8436823133908383
150	0.0089864	0.6748886454210793
151	0.00849229	0.9335208394465457
152	0.00864969	0.8489438507148315
153	0.00792842	0.7641166892867359
154	0.00860977	0.8702694071830751
155	0.00900418	0.6660769198676902
156	0.00844266	0.9603923942885267
157	0.00788141	0.7398525190917273
158	0.00830667	0.9658372379049341
159	0.00817899	0.8968290163583473
160	0.00902119	0.6576898043708241
161	0.00831192	0.9686838289254842
162	0.00855873	0.8976716055395854
163	0.00812555	0.8681463928903251
164	0.00880867	0.7652559116573251
165	0.00879754	0.7710383741478584
166	0.00919519	0.5745151819584591
167	0.00833266	0.979932780503753
168	0.00742798	0.521941049768996
169	0.00752024	0.5635116785502847
170	0.007984400000000001	0.7933145752223025
171	0.00895181	0.6921590398537798
172	0.0077063900000000005	0.6519429775336212
173	0.00795001	0.7753402725963903
174	0.00955278	0.42111167256797943
175	0.00783847	0.7179129006575181
176	0.00832789	0.9773451944582785
177	0.0083354	0.9814192481344959
178	0.00841828	0.9736110983300594
179	0.0095602	0.4182063278240048
180	0.00811579	0.8629255407780393
181	0.00870589	0.8191116948494777
182	0.0088723	0.7324578983186124
183	0.00934023	0.5092415040452241
184	0.0089004	0.7181242244683529
185	0.00861119	0.8695091127063431
186	0.00814909	0.8807617918255286
187	0.00825548	0.9381100282937467
188	0.00813394	0.872639019759615
189	0.00873541	0.8035434663499125
190	0.00888037	0.7283315898492455
191	0.00748605	0.5479212402872679
192	0.0081868	0.9010331091020991
193	0.00871395	0.814853643106647
194	0.00849935	0.9297037339640669
195	0.00884518	0.746381013242051
196	0.00830772	0.96640652236898
197	0.00887434	0.7314140788458018
198	0.00868055	0.8325329736909322
199	0.00903646	0.6501972061315666
200	0.00848797	0.9358572801353696
201	0.00905246	0.6423842717903652
202	0.00875744	0.7919756305562287
203	0.00737558	0.4990547393412922
204	0.00848482	0.9375612850549753
205	0.00838555	0.991367902703199
206	0.0081421	0.8770124416012995
207	0.00871937	0.8119933591524777
208	0.00784442	0.7209395714937784
209	0.00892316	0.7065866295343748
210	0.00851758	0.919855089926483
211	0.00789131	0.744941792057306
212	0.0088405	0.7487922395985869
213	0.00804399	0.8247167181055145
214	0.00865507	0.8460779104749665
215	0.00890205	0.7172855925104304
216	0.00840312	0.9818346648434495
217	0.00848418	0.9379075308663885
218	0.00886153	0.7379768349374811
219	0.00861788	0.8659287998245153
220	0.0082025	0.9094926627098836
221	0.00935186	0.5041813208010961
222	0.00849942	0.9296658952762017
223	0.00812235	0.8664339914720549
224	0.00789204	0.745317506938569
225	0.00820738	0.9121242716151199
226	0.00842068	0.9723094496372683
227	0.00793465	0.7673503822625118
228	0.00815795	0.8855180287517244
229	0.0077265	0.6618283885603256
230	0.00798951	0.7959950432093508
231	0.00800339	0.8032879446757302
232	0.00753171	0.5687895262965315
233	0.00832689	0.9768027529712558
234	0.00876895	0.7859498222647368
235	0.00870673	0.8186676757117026
236	0.00742489	0.5205766037361206
237	0.00899639	0.6699320305756266
238	0.00826475	0.9431265645927676
239	0.00769548	0.6466053790304794
240	0.00840488	0.9808798339904257
241	0.0082299	0.924280569012214
242	0.00821365	0.9155068719189476
243	0.0083582	0.9937904129622579
244	0.00767862	0.6383926149818288
245	0.00774397	0.6704643597287869
246	0.00869654	0.8240579447444704
247	0.00810644	0.8579296251543633
248	0.0088394	0.7493593393193148
249	0.00901465	0.6609094448236228
250	0.00822066	0.9192905081818342
251	0.00843066	0.9668975924238249
252	0.00831843	0.972214153219769
253	0.00876621	0.7873831389590562
254	0.00802081	0.8124651263869658
255	0.00898518	0.6754949327816927
256	0.00825188	0.9361625112948678
257	0.00823344	0.9261931479051485
258	0.00848355	0.9382483780800847
259	0.009591	0.4062735043421839
260	0.00886041	0.7385515467865353
261	0.00840033	0.983348341649867
262	0.00854596	0.9045480157788481
263	0.0078676	0.7327723110032992
264	0.00824761	0.933853036891275
265	0.00813939	0.8755595697247648
266	0.00879231	0.7737599921707469
267	0.00815101	0.881792129063962
268	0.00908505	0.6265931110546124
269	0.0080649	0.8358054467475304
270	0.0093026	0.5257951041864783
271	0.00877952	0.7804274184259667
272	0.00789616	0.7474391160589653
273	0.00819057	0.9030634890624922
274	0.00937461	0.49436023945460295
275	0.00859943	0.8758092164095738
276	0.00845846	0.9518313158313427
277	0.00855231	0.9011277278843608
278	0.00818867	0.9020401403806144
279	0.00808706	0.8475928172549134
280	0.00773195	0.6645177275945626
281	0.00849048	0.9344996961363072
282	0.00929584	0.5287978097198033
283	0.00886268	0.7373868817167013
284	0.00824317	0.9314522080772267
285	0.00852442	0.9161629166977459
286	0.0084108	0.9776683396080572
287	0.00887438	0.7313936167699768
288	0.0081975	0.9067973742855964
289	0.00884423	0.746870271179958
290	0.00780464	0.7007895980837784
291	0.00873936	0.8014660865551857
292	0.00828067	0.95174696962538
293	0.00754574	0.5752773514808699
294	0.00786621	0.7320609252002576
295	0.00904189	0.6475413132168867
296	0.00832076	0.9734778310017633
297	0.00774512	0.6710343905662634
298	0.00829968	0.9620478886372852
299	0.00809948	0.8542144279338642
300	0.00763796	0.6187700476561104
301	0.00882561	0.7564801411112808
302	0.00795953	0.780304392419457
303	0.009202	0.5713636787266215
304	0.00848768	0.9360141445919297
305	0.00870493	0.8196192164788585
306	0.00866357	0.8415541091006813
307	0.00820389	0.9102421397512508
308	0.00927772	0.5368894057212099
309	0.00827621	0.9493313422446847
310	0.00823517	0.9271279825084707
311	0.00872968	0.8065594519944375
312	0.00837678	0.9961269302609335
313	0.00827588	0.9491526257519033
314	0.00765996	0.6293546382155617
315	0.00869949	0.8224965968871591
316	0.00852765	0.9144200153710809
317	0.00818572	0.900451580758727
318	0.00894805	0.6940462689698967
319	0.00851247	0.9226145589913424
320	0.00802831	0.8164243102826456
321	0.00798839	0.7954073356937477
322	0.008069400000000001	0.8381961934875544
323	0.00783182	0.7145353961242447
324	0.00832325	0.9748283586198468
325	0.00712595	0.3977488201398848
326	0.008188870000000001	0.9021478536423024
327	0.00971694	0.35963967008258824
328	0.00856992	0.8916523033362869
329	0.00783367	0.7154744435103637
330	0.00808463	0.8462985295651164
331	0.00796017	0.7806384394955596
332	0.00866783	0.8392888470494604
333	0.00871454	0.8145421630537393
334	0.00864329	0.8523557525230273
335	0.00809202	0.8502359308151577
336	0.00864952	0.849034442996873
337	0.00853862	0.9085037539672325
338	0.00748545	0.5476495630837236
339	0.00948922	0.44648112002093
340	0.00774764	0.6722841648060677
341	0.00817487	0.8946123977771872
342	0.00787401	0.7360558433962633
343	0.00818163	0.8982497993812253
344	0.00785011	0.7238380890982161
345	0.00832895	0.9779201938931732
346	0.00900653	0.6649156812850407
347	0.0078939	0.7462750821532653
348	0.00822137	0.9196738331636307
349	0.00867861	0.8335625628836734
350	0.00778944	0.6931447212367925
351	0.00853928	0.908147966344246
352	0.00812159	0.8660273881406401
353	0.00870473	0.8197249596910952
354	0.00817691	0.8957098448005685
355	0.00845938	0.9513329846526895
356	0.00840414	0.9812812936970146
357	0.00819336	0.9045664879016825
358	0.00796844	0.7849585835020406
359	0.00842616	0.9693376344239972
360	0.00808109	0.8444137684992381
361	0.00879953	0.7700035457248455
362	0.00834405	0.9861123286724848
363	0.00881338	0.7628128079449792
364	0.00790392	0.7514403565650155
365	0.00865142	0.8480220549270931
366	0.00873854	0.8018972249143715
367	0.00878396	0.7781109846763206
368	0.00800398	0.803598331101625
369	0.00816653	0.8901279007971523
370	0.00852208	0.9174258286993247
371	0.00841689	0.9743650023011132
372	0.00818672	0.9009900310989266
373	0.00868862	0.8282532034388982
374	0.00885111	0.7433293364682678
375	0.00786438	0.7311247044326864
376	0.00843999	0.961839587617949
377	0.00865103	0.8482298404605803
378	0.00848499	0.937469315497558
379	0.00833091	0.9789834304604089
380	0.0087542	0.7936741276263836
381	0.00762022	0.6102922276420787
382	0.00890935	0.7135793906416756
383	0.00878357	0.7783143763909612
384	0.00790334	0.7511410615572987
385	0.00798309	0.792627802777503
386	0.0080124	0.8080312737790735
387	0.00841792	0.973806351794563
388	0.00841806	0.9737304197041106
389	0.00835499	0.9920485240947525
390	0.0082708	0.9464018038238065
391	0.00882148	0.7586168374838308
392	0.00743837	0.5265424242904726
393	0.0085685	0.8924158077303685
394	0.00856536	0.8941044741550139
395	0.00784769	0.7226048397324589
396	0.00850524	0.9265204442574613
397	0.00861748	0.8661427926221018
398	0.0088922	0.7222970039106875
399	0.00807218	0.8396738935868895
400	0.00797143	0.786522165276921
401	0.00860063	0.8751659802317396
402	0.00824845	0.9343073162595839
403	0.00763367	0.616715162607955
404	0.0079302	0.7650401836955976
405	0.0082137	0.9155338526498762
406	0.00829541	0.9597334959123218
407	0.00843522	0.9644253334638471
408	0.00790019	0.7495162363587995
409	0.0080923	0.8503851894405176
410	0.00886162	0.7379306591011381
411	0.00856054	0.8966975644862988
412	0.00818532	0.9002362134637154
413	0.00776799	0.6824096085033123
414	0.00806361	0.8351203786165495
415	0.00794451	0.7724765197482552
416	0.00888553	0.7256973276517128
417	0.00780761	0.7022869497413082
418	0.00781496	0.7059974889588838
419	0.00859812	0.876511509774351
420	0.00779093	0.6938927528220109
421	0.00861725	0.8662658429350967
422	0.00803717	0.8211074759831832
423	0.00908013	0.6289663173079703
424	0.00815259	0.8826401612344126
425	0.00765233	0.6256749108309502
426	0.00765633	0.6276028369540801
427	0.00833155	0.9793306179444194
428	0.00913058	0.6048174430086881
429	0.00779913	0.698014770360563
430	0.00828341	0.9532312315735081
431	0.00821408	0.9157389093899843
432	0.00765947	0.629118046813181
433	0.00873185	0.8054169306181345
434	0.00823232	0.9255879914376279
435	0.00834667	0.987533919158686
436	0.00811606	0.8630698905139195
437	0.0080105	0.8070304207322592
438	0.00841392	0.9759759379306602
439	0.00808857	0.8483972943707438
440	0.0088577	0.7399427495025122
441	0.00797484	0.7883064339198153
442	0.00883901	0.7495604345837102
443	0.00822777	0.9231299906512594
444	0.00814573	0.8789591893606682
445	0.00831902	0.9725341338135085
446	0.00870953	0.8171880335993429
447	0.00828018	0.9514815534521501
448	0.00826282	0.9420819362687999
449	0.00966409	0.3787837980400839
450	0.00839446	0.9865332204727302
451	0.00986167	0.310399236544423
452	0.00958416	0.4089057757816579
453	0.00956712	0.41550745134474143
454	0.00868679	0.82922326588866
455	0.00832894	0.9779147693160043
456	0.00847695	0.941819828254681
457	0.00889934	0.7186631616601022
458	0.00757966	0.5911059711979723
459	0.00833015	0.9785711505108569
460	0.00793009	0.7649831040947812
461	0.00900994	0.663232082634684
462	0.00894043	0.6978767457763544
463	0.00841748	0.9740449970531873
464	0.00839885	0.9841513203914439
465	0.00908481	0.6267087876352133
466	0.00814186	0.8768837571456172
467	0.0085646	0.8945132685791976
468	0.00916918	0.5866272379739159
469	0.00835681	0.9930361329682316
470	0.00805582	0.830986099189929
471	0.0089575	0.6893067428500104
472	0.00866925	0.8385340551474033
473	0.00932419	0.5162639619493121
474	0.00897749	0.679321375010216
475	0.0078223	0.7097099840049674
476	0.00788445	0.7414140835188812
477	0.00913262	0.6038497751636238
478	0.00831183	0.9686350267490705
479	0.00768576	0.6418652682265584
480	0.00851261	0.9225389445060947
481	0.00766282	0.6307363196429777
482	0.00828541	0.9543147374048833
483	0.00758702	0.5945668033572817
484	0.00844902	0.9569456829608601
485	0.00880634	0.7664653634939032
486	0.00873499	0.8037644344122234
487	0.00801093	0.8072569019227601
488	0.00794843	0.7745172790585753
489	0.008106790000000001	0.8581165366321682
490	0.00883387	0.7522123566796597
491	0.00918848	0.5776284486117795
492	0.00945148	0.46194826487231744
493	0.00853895	0.9083258578518213
494	0.00865816	0.8444327790033642
495	0.00830512	0.964996897579645
496	0.0087355	0.8034961180975033
497	0.00863108	0.8588726557183665
498	0.00873315	0.8047326700191657
499	0.00895834	0.6888860390584735
500	0.00793115	0.7655331970757773
501	0.00826437	0.9429208786686529
502	0.00889302	0.7218793507643056
503	0.0088446	0.7466797059202265
504	0.00856151	0.8961756287010161
505	0.00772743	0.6622869952139048
506	0.0084744	0.943200024773236
507	0.00789191	0.7452505943624883
508	0.00906742	0.6351148595613143
509	0.0084964	0.9312985081123596
510	0.00916415	0.5889831713245071
511	0.00861915	0.8652494380527229
512	0.00883911	0.7495088700681263
513	0.00885236	0.7426865792132255
514	0.00868721	0.8290006054733077
515	0.00824143	0.9305115119696076
516	0.00826713	0.9444148939183407
517	0.00803047	0.8175654315150773
518	0.00835876	0.9940942971595976
519	0.00844849	0.9572328789858764
520	0.00790217	0.7505374255081211
521	0.00845753	0.9523350828397891
522	0.0082803	0.9515465528336965
523	0.00897364	0.6812402070556327
524	0.00844678	0.9581595303240953
525	0.00825046	0.9353944286475251
526	0.00822983	0.9242427540413243
527	0.008648639999999999	0.8495034231982984
528	0.0085413	0.9070591556433985
529	0.00864911	0.8492529384841346
530	0.00851783	0.9197201110887905
531	0.00862232	0.8635541447579548
532	0.00857705	0.8878201867557802
533	0.00863731	0.8555462539373164
534	0.00879984	0.7698423781885986
535	0.00988021	0.30443006295662106
536	0.00852026	0.9184082381518569
537	0.00875437	0.7935849844922893
538	0.00875957	0.7908595643284659
539	0.00915872	0.5915313565359664
540	0.00841164	0.9772126827733192
541	0.00826843	0.9451186649701404
542	0.00807248	0.8398333915876721
543	0.00839916	0.983983127538749
544	0.00835575	0.9924609307980705
545	0.00863999	0.8541161011996776
546	0.0088611	0.7381974658983269
547	0.00767684	0.6375281161841015
548	0.00869728	0.823666218769542
549	0.00890038	0.7181343917946824
550	0.0086847	0.8303314706330226
551	0.00812952	0.8702717020166881
552	0.00761802	0.6092444740190227
553	0.00834189	0.9849403634447236
554	0.00974295	0.3504456630171816
555	0.00790236	0.750635441477034
556	0.00959526	0.4046392428563328
557	0.00910465	0.6171774725507417
558	0.00866384	0.8414104969212028
559	0.00857325	0.8898622277957088
560	0.00805552	0.8308269772511978
561	0.00901807	0.6592249904139595
562	0.00821737	0.9175145025659528
563	0.00848179	0.9392006460626383
564	0.00826239	0.941849208780293
565	0.0075899900000000005	0.5959659850815843
566	0.00888808	0.724396709581951
567	0.00842874	0.9679386403519925
568	0.00845807	0.9520425706268676
569	0.00855694	0.8986350357212208
570	0.00809871	0.8538036049603294
571	0.00944689	0.4638496399341917
572	0.00885223	0.7427534175998425
573	0.00859739	0.8769029064117219
574	0.008233850000000001	0.9264146891177031
575	0.00851703	0.920152051510591
576	0.00863505	0.856752648151886
577	0.00763899	0.6192638574931113
578	0.00820314	0.9098377356773575
579	0.00810795	0.8587360716102879
580	0.00829741	0.9608174794567401
581	0.00833338	0.9803233785834498
582	0.00797197	0.7868046434882323
583	0.00837881	0.9950253352771967
584	0.00852388	0.9164543392246361
585	0.00918597	0.5787950659020676
586	0.00893584	0.7001878163215469
587	0.00764176	0.6205927243968539
588	0.00857278	0.8901148472102975
589	0.00847394	0.9434490197199571
590	0.00832441	0.9754575450131568
591	0.00922549	0.5605567983009079
592	0.00842574	0.969565386710187
593	0.00831092	0.9681415891649277
594	0.00803152	0.8181202833795918
595	0.0088065	0.766382292729845
596	0.00818367	0.8993479013565536
597	0.0082173	0.9174767196621918
598	0.00944429	0.4649286065162056
599	0.00835501	0.99205937687594
600	0.00857114	0.8909964151363136
601	0.00755597	0.5800299509935335
602	0.00920531	0.5698348736073583
603	0.00871354	0.815070112624668
604	0.00872174	0.8107434318646273
605	0.00801612	0.8099917492766712
606	0.00857803	0.8872936755835127
607	0.00829253	0.958172691196963
608	0.00823246	0.9256636336435538
609	0.00842507	0.9699287109754607
610	0.00890303	0.7167876575036686
611	0.0095917	0.4060046928998553
612	0.00854383	0.9056956943071192
613	0.00848891	0.9353488401164074
614	0.00837369	0.9978037558304427
615	0.00854078	0.9073394269001511
616	0.00823905	0.9292249705008266
617	0.00861302	0.8685294749633276
618	0.00805568	0.8309118414205379
619	0.00850146	0.9285632381478863
620	0.00841462	0.9755962470419285
621	0.00829694	0.9605627367234736
622	0.00864944	0.8490770753505098
623	0.00819161	0.9036237062869836
624	0.0087332	0.8047063552937838
625	0.00877909	0.7806518618782986
626	0.0083799	0.9944338422508461
627	0.008704	0.8201109502813113
628	0.00876612	0.7874302309794661
629	0.00847127	0.9448943815963952
630	0.00819597	0.9059728294655042
631	0.00862597	0.8616029309486913
632	0.00761826	0.6093587354427863
633	0.00837913	0.9948516856496579
634	0.0077238	0.6604976706609638
635	0.0075751	0.5889664281785829
636	0.00850045	0.9291091444810575
637	0.00801536	0.8095911244613166
638	0.00765855	0.6286739374656396
639	0.0079599	0.7804975084329201
640	0.00901247	0.6619840610600681
641	0.00866688	0.8397938962303275
642	0.00866733	0.8395546541535833
643	0.00923583	0.5558314020557684
644	0.00884189	0.7480758265104663
645	0.00864665	0.8505641545694321
646	0.00867431	0.8358456595032281
647	0.00828612	0.9546994024326302
648	0.00858771	0.8820957488957551
649	0.00795474	0.777805553216093
650	0.00855158	0.9015208339830678
651	0.00806845	0.8376913548312991
652	0.00879961	0.7699619531491521
653	0.00839875	0.9842055763013452
654	0.00877408	0.7832682345337131
655	0.0083122	0.9688356586696192
656	0.00838695	0.9906082188585873
657	0.00844136	0.961097004211197
658	0.0090845	0.6268582168374801
659	0.00777642	0.6866210520725801
660	0.00936137	0.5000633865028692
661	0.00778995	0.6934007251937624
662	0.00838484	0.9917531739795609
663	0.00812017	0.8652677772195705
664	0.0085824	0.8849464754905239
665	0.00866429	0.84117115504279
666	0.00828926	0.9564007226453017
667	0.00798203	0.7920722117397736
668	0.00742507	0.5206560354756409
669	0.00802815	0.8163397982677416
670	0.00813919	0.8754523632997444
671	0.00836905	0.999678276576369
672	0.00954911	0.422553059699327
673	0.00809227	0.8503691971878293
674	0.00892159	0.7073803705906387
675	0.00833794	0.9827972723440331
676	0.00831561	0.9706848172593184
677	0.0085527	0.9009177222506725
678	0.00875062	0.7955520029110839
679	0.00865739	0.8448426675392908
680	0.00778513	0.6909826414844584
681	0.00825446	0.9375581936277148
682	0.00800891	0.8061931079859236
683	0.00752617	0.5662373757012023
684	0.00869371	0.8255564363583301
685	0.00811374	0.8618297019969169
686	0.0078209	0.7090013421854712
687	0.00871029	0.8167865288552689
688	0.00880541	0.766948265552767
689	0.00867552	0.835203065690327
690	0.00799093	0.7967403391129936
691	0.00904222	0.6473800497811153
692	0.00792301	0.7613119574209064
693	0.00814819	0.8802788907627986
694	0.00819146	0.9035429027514124
695	0.0087845	0.7778293905318091
696	0.00916862	0.586889312120745
697	0.00829498	0.9595004491265389
698	0.00773826	0.667636853062871
699	0.00872425	0.8094201963798919
700	0.00865761	0.8447255522279901
701	0.00911872	0.610456947498142
702	0.00890542	0.7155738120200876
703	0.00820124	0.9088133503753275
704	0.00854068	0.9073933265455012
705	0.00854092	0.9072639681151453
706	0.00785732	0.7275166070503127
707	0.00830104	0.9627850936711007
708	0.00837867	0.9951013070639939
709	0.00873924	0.8015291761921304
710	0.00879696	0.7713400593996216
711	0.00766729	0.6328983930807921
712	0.00876258	0.7892831333487711
713	0.00847469	0.9430430525554516
714	0.00904602	0.6455242737742439
715	0.00819899	0.9076004591574158
716	0.00901217	0.6621319987235196
717	0.00823753	0.9284034105513999
718	0.00750082	0.5546300005406899
719	0.00823595	0.9275495016860307
720	0.00882517	0.7567076910018576
721	0.00749743	0.5530866569195882
722	0.00793004	0.7649571592445783
723	0.00833298	0.980106379060569
724	0.00859609	0.8775999887600245
725	0.00821343	0.9153881578623062
726	0.00820031	0.9083119960102556
727	0.00808886	0.8485518147440645
728	0.00890958	0.7134627293654288
729	0.00923373	0.5567895265932268
730	0.00855235	0.9011061885255508
731	0.00731581	0.4736165075201795
732	0.0081922	0.903941543225049
733	0.00826434	0.9429046404685091
734	0.00892234	0.7070011550982079
735	0.00880528	0.7670157752226535
736	0.00809226	0.8503638664506421
737	0.00782092	0.7090114638649783
738	0.00855686	0.898678097559886
739	0.0087408	0.8007091122323162
740	0.00969737	0.3666564434891698
741	0.00897509	0.6805172865545082
742	0.00860528	0.8726742245013616
743	0.00854908	0.9028672705518528
744	0.00793963	0.7699381862607926
745	0.00772808	0.6626076021370495
746	0.00786535	0.7316209027149132
747	0.00801953	0.8117899023733859
748	0.0079796	0.790798945247875
749	0.00808652	0.8473051620361522
750	0.00853984	0.9078461004158154
751	0.00796431	0.7828002842955577
752	0.00883033	0.7540404861785612
753	0.00862464	0.8623138238167252
754	0.00862565	0.8617739625997325
755	0.00883684	0.750679660527855
756	0.00797074	0.7861612618753852
757	0.00822012	0.9189989778183071
758	0.00859861	0.8762488084517849
759	0.00830536	0.9651270122654567
760	0.00866453	0.8410435120548652
761	0.00816389	0.8887090746224526
762	0.00832799	0.9773994391886395
763	0.00856327	0.8952287263273822
764	0.00817433	0.8943219308444542
765	0.00938937	0.4880436761512563
766	0.00860437	0.8731617595934984
767	0.00900011	0.6680899841738317
768	0.00835289	0.9909089906639577
769	0.00729374	0.46440732665163276
770	0.00898362	0.6762704929148888
771	0.00798422	0.7932202000087601
772	0.00834438	0.9862913816236273
773	0.00893623	0.6999913422941215
774	0.00788326	0.7408026856936709
775	0.0084508	0.955981179031546
776	0.0084671	0.9471521065072419
777	0.00827587	0.949147210140582
778	0.00832817	0.977497079967091
779	0.00835228	0.9905779867143139
780	0.00843907	0.9623382754287042
781	0.00886534	0.7360228888252397
782	0.00929939	0.5272198550255935
783	0.00923381	0.5567530118359534
784	0.00799248	0.7975540784259862
785	0.00812408	0.8673596809990128
786	0.00890672	0.7149138635945094
787	0.00808139	0.8445734595555953
788	0.00771164	0.6545178875504234
789	0.00840235	0.9822524116241658
790	0.008689820000000001	0.827617239309819
791	0.00852596	0.9153318849766034
792	0.00768055	0.6393305217948867
793	0.00794296	0.771670020881082
794	0.00856227	0.8957667207746653
795	0.00808799	0.8480882711464142
796	0.00754095	0.5730583970322451
797	0.0081715	0.8927999020965118
798	0.00818706	0.9011731146292556
799	0.00794181	0.7710718104590075
800	0.00843262	0.9658349143304381
801	0.0082119	0.9145626080205809
802	0.00898373	0.676215794688691
803	0.00846426	0.9486899863290095
804	0.00770112	0.6493624342790261
805	0.00820511	0.9109000201249765
806	0.00811596	0.8630164271142896
807	0.0085832	0.8845168910445539
808	0.00858852	0.8816610258794868
809	0.00749426	0.5516453830143988
810	0.00895286	0.691632362477453
811	0.00859524	0.8780558248460878
812	0.0081118	0.8607929096989204
813	0.00868758	0.8288044636558634
814	0.00816428	0.8889186515626213
815	0.0075954	0.598518520445645
816	0.00800821	0.8058245502512947
817	0.00861678	0.8665173036739771
818	0.0078961	0.747408205030236
819	0.00911175	0.6137820984102975
820	0.00775531	0.6760936178234587
821	0.00831874	0.9723822780609033
822	0.00785793	0.7278281173312848
823	0.00881886	0.7599732799668822
824	0.00934008	0.5093069423601344
825	0.00844723	0.9579156691634417
826	0.00903828	0.6493065189225874
827	0.00812294	0.8667496684913235
828	0.00812839	0.8696666688573682
829	0.00849019	0.9346565387927546
830	0.00853834	0.9086546997326557
831	0.00860927	0.8705371451534495
832	0.00797559	0.7886990181192712
833	0.00852037	0.9183488581962748
834	0.0083523	0.9905888392773673
835	0.00858663	0.8826754349391479
836	0.0080395	0.8223401227822541
837	0.00836289	0.9963354667318862
838	0.0086511	0.8481925448424047
839	0.00807575	0.841572345946082
840	0.00857677	0.8879706276424482
841	0.0084554	0.9534889433974936
842	0.00777205	0.6844366683720862
843	0.00824427	0.932046950618386
844	0.0090985	0.6201251832908948
845	0.00786962	0.7338065335718102
846	0.00816836	0.8911116125831179
847	0.00807809	0.8428172114536838
848	0.00837839	0.995253250770436
849	0.00853926	0.9081587475164034
850	0.00881477	0.7620922581508464
851	0.00743046	0.5230374708463938
852	0.00973553	0.35305312451141857
853	0.00905492	0.6411865148656689
854	0.00793607	0.7680880066223126
855	0.00864969	0.8489438507148315
856	0.008574	0.8894591349296355
857	0.00815207	0.8823610471061953
858	0.00765297	0.625983207129807
859	0.00862519	0.8620198319761694
860	0.00800663	0.8049928218010786
861	0.00927456	0.5383068858414153
862	0.00798973	0.7961104993982024
863	0.00772937	0.6632440670613087
864	0.00829456	0.9592728253819358
865	0.00765882	0.6288042599528529
866	0.00835784	0.9935950593093468
867	0.0094318	0.4701312491282448
868	0.00912102	0.6093614560692746
869	0.00756697	0.5851607618330339
870	0.00817363	0.8939454207786879
871	0.00851821	0.9195149476967073
872	0.00819679	0.9064147298014034
873	0.00819386	0.9048358789025484
874	0.00919496	0.5746217641698523
875	0.00859944	0.8758038557677289
876	0.00771267	0.6550235453391201
877	0.00888194	0.7275297377206099
878	0.00854218	0.9065848768792605
879	0.0074788	0.544642951983715
880	0.00823181	0.925312443393933
881	0.00796317	0.7822048251809763
882	0.00796471	0.7830092475668999
883	0.00858536	0.883357183340199
884	0.00816522	0.8894238176797901
885	0.00829568	0.9598798293789104
886	0.00825639	0.9386023765319869
887	0.00785132	0.7244549835590676
888	0.00815855	0.8858402730323952
889	0.0083076	0.966341460413382
890	0.0079786	0.7902751295273118
891	0.00864933	0.849135695559077
892	0.00935729	0.5018278776808294
893	0.00785433	0.7259903495303095
894	0.00827366	0.9479504182437428
895	0.00841	0.9781023052904242
896	0.00871503	0.8142834985616124
897	0.00779892	0.6979090943898145
898	0.0086701	0.8380823142683801
899	0.00861283	0.868631176601902
900	0.00801594	0.809896859938416
901	0.00809208	0.8502679143536855
902	0.00835849	0.9939477814545377
903	0.0085608	0.896557659767923
904	0.00838268	0.9929252783501874
905	0.00808815	0.8481735165970145
906	0.00848122	0.9395090697812516
907	0.00845037	0.9562141713080432
908	0.00862348	0.8629339419597603
909	0.00800766	0.8055349994929066
910	0.00748447	0.5472059672695301
911	0.00874179	0.80018880112403
912	0.00892801	0.7041366493105436
913	0.00881982	0.7594761767421218
914	0.00803619	0.8205891557347824
915	0.00783606	0.7166882301178334
916	0.00794899	0.7748089439733099
917	0.00822176	0.9198843999229263
918	0.00887717	0.7299668602274016
919	0.00805118	0.8285257940665396
920	0.00836319	0.9964982648954689
921	0.0082291	0.9238484081568252
922	0.00752223	0.5644256659216641
923	0.00844954	0.9566639111724397
924	0.00844825	0.9573629318485934
925	0.00797463	0.7881965199957534
926	0.00893005	0.7031070590736798
927	0.0089875	0.6743421741111876
928	0.00863951	0.8543722127843035
929	0.00845856	0.9517771484809162
930	0.00870684	0.8186095346610978
931	0.00843113	0.9666427611127815
932	0.00752696	0.5666009736325363
933	0.00803925	0.8222078434348012
934	0.00824965	0.9349563239423622
935	0.00849559	0.9317364439032789
936	0.00864242	0.8528197732798843
937	0.009397	0.48479559494539903
938	0.00797079	0.7861874127492487
939	0.00846107	0.9504176217843232
940	0.00912068	0.6095233430878588
941	0.0092234	0.5615142955796978
942	0.00830271	0.9636903816419113
943	0.00798683	0.7945889369972867
944	0.00817082	0.8924342436827877
945	0.00848825	0.9357058271658258
946	0.00874159	0.8002939073241789
947	0.00873058	0.8060855448382491
948	0.00912467	0.6076247598400173
949	0.00895561	0.6902536783041665
950	0.00789168	0.7451322152931228
951	0.00868429	0.8305489094133619
952	0.00816108	0.8871992772400753
953	0.00826541	0.9434838175920321
954	0.00836512	0.9975456029472561
955	0.00822323	0.9206781251146364
956	0.00823011	0.9243940149534912
957	0.0085972	0.8770047817210462
958	0.00814401	0.8780366712527314
959	0.00814357	0.8778007048570878
960	0.00895607	0.690023162423778
961	0.00840377	0.9814820253384211
962	0.00855626	0.8990010708718915
963	0.00870072	0.8218458018795924
964	0.0086633	0.8416977265637893
965	0.00897446	0.6808313469513878
966	0.00863591	0.8562935380928163
967	0.00830159	0.9630832371510192
968	0.00780746	0.7022112980876543
969	0.00780476	0.7008500746070683
970	0.00838363	0.9924097674485033
971	0.00787442	0.7362660317755705
972	0.00823176	0.9252854293626493
973	0.00744439	0.529217944619737
974	0.00852495	0.915876901864169
975	0.00799088	0.796714093139378
976	0.00837518	0.9969951877839751
977	0.0085105	0.9236786368339093
978	0.00888308	0.7269476884052504
979	0.00804862	0.8271691040352893
980	0.00860344	0.8736600596249728
981	0.00981401	0.32609702506094873
982	0.00862776	0.8606463428101865
983	0.00752069	0.5637182965372376
984	0.00807539	0.8413808633199975
985	0.00819766	0.9068836070252617
986	0.00840607	0.9802342536019009
987	0.00896941	0.6833508155839003
988	0.00885954	0.7389980758181214
989	0.00901139	0.6625166984930047
990	0.00842889	0.9678573064874827
991	0.00888458	0.7261820746531386
992	0.00833882	0.9832747102632751
993	0.00824417	0.9319928815383122
994	0.00837076	0.9993937645786725
995	0.00872316	0.8099947616824643
996	0.00780599	0.701470068466522
997	0.00827858	0.9506149261143678
998	0.00833843	0.9830631177071959
999	0.00865	0.8487786581721055
