Dataset	Random-mean	P-value
0	0.1017188	0.1810750382475972
1	0.0987739	0.1080539125332999
2	0.0990813	0.11436429902663924
3	0.0967852	0.0736333471314864
4	0.0983356	0.09953772353791551
5	0.0982538	0.09800941869437038
6	0.0983321	0.09947194359342502
7	0.1017599	0.1823058841662636
8	0.1021889	0.195526492687227
9	0.097622	0.08682885478188604
10	0.0999776	0.13443093180447957
11	0.101562	0.17643602518172957
12	0.0961974	0.06538460929040964
13	0.1020924	0.1924928842962915
14	0.1009164	0.15826814346031182
15	0.0995407	0.12433263172263234
16	0.1001341	0.13819896756468988
17	0.1010638	0.1622856597604095
18	0.100022	0.13549176561674442
19	0.1006845	0.15210093190408475
20	0.0964073	0.06823792099612024
21	0.0989605	0.11185065875574568
22	0.0969231	0.07568727617744676
23	0.1003766	0.14419806380020816
24	0.0949318	0.05019778341005143
25	0.0990655	0.11403301714224479
26	0.0998814	0.13215454784550956
27	0.0959065	0.061593895643834856
28	0.1015877	0.17719022929826547
29	0.1003208	0.14280023182564225
30	0.1022442	0.19728067936507787
31	0.1062837	0.3579866957199306
32	0.1005805	0.1493954153526414
33	0.0970331	0.07735904649026447
34	0.1016698	0.17961569916760978
35	0.0988816	0.11023260571404553
36	0.0940634	0.04159007061483143
37	0.1006973	0.1524364859850902
38	0.1052327	0.30984826998839243
39	0.0990434	0.11357091269222258
40	0.099034	0.11337481012055783
41	0.1012961	0.16877307114447337
42	0.0983548	0.0998991924629903
43	0.0975336	0.08535022942121302
44	0.1006797	0.15197524452768996
45	0.0987968	0.1085142802495554
46	0.0986665	0.10591544754844931
47	0.0978351	0.09047856871426684
48	0.1000153	0.13533127091552447
49	0.1012298	0.16690194416769374
50	0.1017487	0.18196985643014363
51	0.0990258	0.11320396033591709
52	0.0960168	0.06300918028832325
53	0.0976762	0.08774563655731207
54	0.1017538	0.18212281191549945
55	0.0990195	0.11307283585041486
56	0.1019883	0.1892593911406518
57	0.1016322	0.17850183461872454
58	0.1000484	0.13612559719450767
59	0.0969808	0.07656047331398101
60	0.1006275	0.15061350737745788
61	0.1012647	0.16788493922630407
62	0.1001727	0.1391407610855998
63	0.10183	0.184419540557218
64	0.0998377	0.13113041044415077
65	0.0960648	0.06363343859732981
66	0.0990184	0.1130499534039523
67	0.1012045	0.16619205824224897
68	0.1009517	0.15922333357082402
69	0.1002205	0.14031387865358377
70	0.0970816	0.07810566292504072
71	0.0968464	0.07453917225461149
72	0.0972681	0.08103162709645542
73	0.1013551	0.17045140355526014
74	0.0973809	0.08284419509490383
75	0.1008406	0.15623175897650055
76	0.1039296	0.25639619392478924
77	0.1005785	0.14934374927064037
78	0.0981686	0.0964376254043079
79	0.1027643	0.21434651570006955
80	0.0974057	0.08324708671949085
81	0.095241	0.0536038486740941
82	0.1010099	0.16080771547910883
83	0.1012293	0.16688789271263837
84	0.1010448	0.1617635095866813
85	0.0984698	0.10208625362209264
86	0.0993552	0.12022869962167737
87	0.105067	0.3026691993053232
88	0.0954068	0.055508563138655063
89	0.1023411	0.20038226312508903
90	0.1018907	0.18626440871496822
91	0.1026781	0.21144661385633698
92	0.1020769	0.19200887030235134
93	0.0991826	0.11650634816155986
94	0.0996587	0.12699969010696824
95	0.0990548	0.11380909838065928
96	0.10134169999999999	0.17006912726148726
97	0.0988291	0.10916626245199638
98	0.1014344	0.1727268984444812
99	0.1026036	0.20896330863099027
100	0.100026	0.13558765357196773
101	0.0966167	0.07118589518043507
102	0.1013385	0.1699779327348644
103	0.0954445	0.05594946020651148
104	0.0979681	0.09281844914038759
105	0.0957953	0.060193864298322186
106	0.0987979	0.10853643307417483
107	0.0933206	0.035254133819928424
108	0.0966261	0.07132064675964586
109	0.1019234	0.18726391505758208
110	0.1005131	0.1476617880048187
111	0.1010825	0.16280080910021838
112	0.0996856	0.12761389052351843
113	0.0977777	0.08948352856868974
114	0.0993007	0.11904338456198799
115	0.1015804	0.1769757557942816
116	0.102237	0.19705163462163044
117	0.0973961	0.08309094036323246
118	0.0977771	0.08947317428406494
119	0.0998142	0.1305822289634855
120	0.0986138	0.1048785008448154
121	0.1053505	0.3150200435365898
122	0.0989134	0.11088250510467651
123	0.0996149	0.12600455326322374
124	0.1029805	0.22174601029446817
125	0.1025488	0.20715022832561988
126	0.1059206	0.3408478459130816
127	0.0977735	0.08941106888136925
128	0.099158	0.11598328435582683
129	0.101728	0.1813500175318233
130	0.0976581	0.08743861244481246
131	0.1034277	0.2376295802018423
132	0.1002148	0.14017358895347537
133	0.0951492	0.052572982645750506
134	0.1024983	0.20548956988490383
135	0.1031109	0.2262967063440333
136	0.098657	0.10572792190988106
137	0.1005645	0.1489824692760989
138	0.1004791	0.1467931256660167
139	0.0951685	0.05278832159903517
140	0.0959257	0.061838341840017096
141	0.1021239	0.19347929395478378
142	0.0993511	0.12013920819638756
143	0.0995067	0.12357234005317319
144	0.0981289	0.0957121643716598
145	0.102174	0.1950558114911296
146	0.0989323	0.1112702002812392
147	0.1020479	0.19110570574030625
148	0.1036774	0.24684098333838891
149	0.1007094	0.15275420836948597
150	0.0978164	0.09015342538160077
151	0.1042678	0.2696094022373941
152	0.0957955	0.0601963584023626
153	0.1013322	0.1697985008747678
154	0.0991912	0.11668964537277353
155	0.0979125	0.09183441816394268
156	0.1048288	0.29254475004826636
157	0.1035262	0.24123374373381842
158	0.0974205	0.08348827902791686
159	0.0986776	0.10613489127351537
160	0.095725	0.05932249098458485
161	0.0958327	0.060661757393764046
162	0.0965791	0.07064897899682228
163	0.1047266	0.2882715289785746
164	0.0997017	0.12798260369385708
165	0.1001841	0.13941985263382975
166	0.1028161	0.21610291546971253
167	0.0954835	0.05640863290490513
168	0.1051665	0.3069666979931166
169	0.1011618	0.16499911563706082
170	0.1044744	0.2779076811804558
171	0.0988814	0.11022852786111152
172	0.0992059	0.11700348127627547
173	0.1009443	0.15902273413142362
174	0.0952132	0.0532898983780982
175	0.1032857	0.23250108444980436
176	0.0956023	0.057826758177316105
177	0.1014455	0.17304721829549896
178	0.0958988	0.06149608803071996
179	0.0944624	0.04537562230244142
180	0.1027222	0.2129266351828796
181	0.1003127	0.1425981900265581
182	0.1054547	0.3196418558498623
183	0.0969435	0.07599506203051969
184	0.0965289	0.06993733232212287
185	0.101717	0.1810212742576834
186	0.1020792	0.19208063500694972
187	0.1004808	0.14683646554367022
188	0.1014932	0.17442879499832575
189	0.0988978	0.11056330866834695
190	0.1017215	0.18115570650779816
191	0.0990094	0.11286287073201165
192	0.0989547	0.11173107852918047
193	0.0981999	0.0970126913180924
194	0.1003369	0.14320247482442755
195	0.1041064	0.26324632672294607
196	0.0986892	0.10636460580450056
197	0.0989724	0.11209632115118953
198	0.0968896	0.07518405591729153
199	0.0988473	0.10953499847087778
200	0.0990807	0.1143517048494521
201	0.100028	0.13563561724464218
202	0.09977369999999999	0.12964167418873965
203	0.1009667	0.1596305426612303
204	0.1016768	0.17982363807460983
205	0.1002157	0.14019573276626113
206	0.1004413	0.14583198181662538
207	0.1017025	0.1805886086149782
208	0.0969284	0.07576714194984747
209	0.1031761	0.2285969342493249
210	0.0961748	0.06508335941896867
211	0.101791	0.18324137923614753
212	0.1015672	0.17658843294270288
213	0.1015664	0.176564979196372
214	0.098563	0.10388660089060427
215	0.1007102	0.1527752325927368
216	0.0984355	0.10142997818396049
217	0.0999787	0.13445713574375248
218	0.099483	0.12304452692400034
219	0.0987196	0.10696849077288444
220	0.101215	0.16648639818687663
221	0.0994388	0.12206488262474732
222	0.0999522	0.13382695906195727
223	0.1043008	0.27092331817403303
224	0.0983937	0.10063475946701954
225	0.0938245	0.03945438732044173
226	0.0953533	0.05488787049176996
227	0.1008288	0.15591654922813783
228	0.1012947	0.16873339779821955
229	0.0989832	0.11231964425455104
230	0.0989554	0.11174550525940144
231	0.1037827	0.2507996869237423
232	0.098149	0.09607891411974542
233	0.100779	0.1545915829907287
234	0.0986304	0.10520425417068016
235	0.1016581	0.1792685441400256
236	0.0970697	0.0779219303350632
237	0.0991977	0.11682833453060593
238	0.0961896	0.06528050813048653
239	0.0975311	0.0853087116008834
240	0.1002686	0.1415020408764211
241	0.0943099	0.043895731522930914
242	0.0983955	0.10066890042749298
243	0.1023716	0.2013658531399576
244	0.1009958	0.16042277888164927
245	0.097873	0.09114044905975524
246	0.0975623	0.08582802777011359
247	0.1024021	0.2023529677619376
248	0.1002733	0.14161855418291608
249	0.0992035	0.11695219743826238
250	0.0941568	0.0424513097148507
251	0.1012865	0.16850116617673605
252	0.0953577	0.054938698267763306
253	0.1023022	0.19913288924778444
254	0.0992832	0.11866473199660833
255	0.1022992	0.19903677400623485
256	0.0982756	0.09841486937034745
257	0.0960336	0.06322709107355473
258	0.1014289	0.17256834613843702
259	0.0996438	0.12666047611019993
260	0.0976343	0.08703622396329908
261	0.1016139	0.17796158155124753
262	0.0991625	0.1160788282754536
263	0.0988674	0.10994337484942387
264	0.0981874	0.09678270365775778
265	0.0994441	0.12218202786766746
266	0.1059031	0.34003534429159743
267	0.1021775	0.19516629927927912
268	0.0997021	0.12799177482789612
269	0.0982989	0.09884970107403218
270	0.0948731	0.04957213655460613
271	0.104164	0.26550513783000274
272	0.1052607	0.3110724328788681
273	0.1009533	0.15926673164126567
274	0.1004483	0.1460096062161416
275	0.093885	0.039986216747965556
276	0.0980012	0.09340828318543247
277	0.0981341	0.09580693702149574
278	0.0998197	0.13071036677722767
279	0.1001856	0.13945660733642687
280	0.0955345	0.057013829413327874
281	0.0958185	0.06048375365625959
282	0.0943451	0.044233643539336336
283	0.1002638	0.14138312477143028
284	0.0982056	0.09711771099097548
285	0.0971603	0.07932968561886906
286	0.1047185	0.2879346623089739
287	0.1003898	0.14453026625105
288	0.0981323	0.09577412258749954
289	0.096394	0.0680541299476901
290	0.0995471	0.12447615360107728
291	0.0997199	0.12840040902204672
292	0.101043	0.1617141087195873
293	0.0984746	0.1021783634798346
294	0.0982455	0.09785540184058872
295	0.0934255	0.036095530115469614
296	0.0972086	0.0800886069285105
297	0.1014647	0.17360233549262985
298	0.1014276	0.17253088608374664
299	0.0964826	0.06928621048583995
300	0.1039821	0.25841723349458884
301	0.0989503	0.1116404299444697
302	0.1003363	0.1431874687887671
303	0.1019768	0.1889046608992136
304	0.0956051	0.05786053701538238
305	0.0972141	0.08017540027255479
306	0.1000373	0.13585882086882486
307	0.1005906	0.14965653792008526
308	0.0993971	0.1211462598854087
309	0.1014394	0.17287113162173892
310	0.102543	0.20695900458751748
311	0.0960959	0.06404063312596409
312	0.1010357	0.16151387777831935
313	0.099691	0.12773746588844626
314	0.1005	0.14732663240078295
315	0.0982155	0.09730033008894898
316	0.1028758	0.21814003723927256
317	0.0989602	0.11184447109113621
318	0.0978596	0.09090598884160314
319	0.0996936	0.12779699839610664
320	0.10088	0.15728774893286784
321	0.1011175	0.163768312953719
322	0.0969795	0.07654070963327873
323	0.1037915	0.25113251843798373
324	0.0993899	0.12098819893319186
325	0.0970132	0.07705439371507289
326	0.0978677	0.09104765660871741
327	0.1030379	0.22374099309841627
328	0.097826	0.09032022596988637
329	0.098645	0.10549142482422626
330	0.0981938	0.09690040268079564
331	0.1064754	0.3672506484886666
332	0.1026771	0.2114131399269912
333	0.104517	0.2796401956712045
334	0.1030755	0.22505476508491826
335	0.1013528	0.17038574313580845
336	0.0957915	0.06014649263393777
337	0.0994125	0.1214848781580105
338	0.1014542	0.1732985907703798
339	0.0968059	0.07393871414237688
340	0.0985764	0.10414751554186108
341	0.1003436	0.14337012438041083
342	0.1022398	0.19714068438066096
343	0.1003974	0.14472180080278818
344	0.0934657	0.036422489163891444
345	0.0960677	0.06367131765763837
346	0.0970538	0.07767698954159939
347	0.0985642	0.10390994514065176
348	0.0976301	0.08696536997600912
349	0.1007768	0.1545332486741387
350	0.1035615	0.24253472970433354
351	0.1004247	0.14541142098782195
352	0.1039807	0.2583631958726249
353	0.1036976	0.24759697207847473
354	0.097729	0.08864624679836752
355	0.0983892	0.10054944752635106
356	0.0989771	0.11219346488421758
357	0.0999817	0.13452862114951156
358	0.0994788	0.12295117475915644
359	0.0988316	0.10921685464064203
360	0.0992084	0.11705692075800044
361	0.0967704	0.0734156513939318
362	0.0954772	0.0563342466323571
363	0.0989614	0.11186922337347939
364	0.093791	0.039162500589621584
365	0.1035518	0.24217674323489435
366	0.1019967	0.1895188092808503
367	0.1011432	0.16448149788032923
368	0.100109	0.1375892043869347
369	0.0984021	0.10079416310438606
370	0.0969701	0.07639792705527888
371	0.0988839	0.11027950960844266
372	0.1009792	0.1599704862021524
373	0.0961349	0.06455430817418843
374	0.100687	0.1521664254832385
375	0.1012662	0.16792728575170426
376	0.09909659999999999	0.11468582038428465
377	0.1000729	0.13671586231336663
378	0.0998598	0.13164756450391793
379	0.1018481	0.18496823368016468
380	0.0990429	0.11356047496630108
381	0.0945967	0.046713588216499645
382	0.0992048	0.11697997398746694
383	0.0981	0.0951868171280412
384	0.0994681	0.12271359954377598
385	0.1001952	0.1396920144729128
386	0.0951963	0.05309979711217785
387	0.0980096	0.09355844767166882
388	0.0953356	0.054683801055405594
389	0.1004437	0.14589286292580864
390	0.1001653	0.13895982728792092
391	0.1052017	0.30849667144966064
392	0.1035584	0.2424202811282902
393	0.0993634	0.12040783939431124
394	0.1037669	0.25020287775613015
395	0.1022216	0.19656238848357116
396	0.1020778	0.1920369497895785
397	0.0982247	0.09747028326402275
398	0.099428	0.1218264439140812
399	0.0978872	0.0913894384451585
400	0.0992721	0.11842504904248333
401	0.1007887	0.15484898423216487
402	0.0985393	0.10342640718274823
403	0.1018007	0.18353388555959635
404	0.101998	0.18955898078305458
405	0.1007501	0.15382661759130684
406	0.1038091	0.2517991078883089
407	0.0967099	0.07253122650844364
408	0.1005432	0.14843409065126784
409	0.0951449	0.05252510595880014
410	0.1029586	0.22098823440254506
411	0.0984368	0.10145479005344597
412	0.1001959	0.13970919155886352
413	0.097734	0.08873191746506834
414	0.0999258	0.13320143976201493
415	0.0981566	0.0962178790068063
416	0.0995468	0.12446942312110171
417	0.0992596	0.11815559149982101
418	0.0989429	0.11148810666974161
419	0.0979441	0.09239265188900357
420	0.1022386	0.19710251658346212
421	0.0957631	0.05979343186527774
422	0.1009515	0.15921790944258313
423	0.0989776	0.11220380323849677
424	0.1028911	0.21866433324327392
425	0.0972073	0.08006810332237198
426	0.0987769	0.10811413437036721
427	0.103146	0.22753295402441173
428	0.0989881	0.1124210826571698
429	0.1001727	0.1391407610855998
430	0.1039598	0.25755742473105747
431	0.0996595	0.12701792296368083
432	0.0964768	0.06920499729716278
433	0.1009554	0.15932370521954392
434	0.0971548	0.07924363893856387
435	0.1008596	0.15674031785574
436	0.1035693	0.24282286553356008
437	0.0991735	0.11631264105553639
438	0.1015758	0.17684070770108873
439	0.0986143	0.10488830095615045
440	0.1000603	0.1364120506489232
441	0.1003802	0.14428860623501957
442	0.101873	0.18572504251687644
443	0.0989162	0.11093987388485145
444	0.1001576	0.13877175117832413
445	0.1018055	0.1836787591111029
446	0.0992492	0.11793177036193878
447	0.1003722	0.14408746011143522
448	0.0994193	0.12163463382864374
449	0.0982395	0.09774418509753902
450	0.1010625	0.162249893121989
451	0.0958001	0.060253746499590796
452	0.0982251	0.09747767792350191
453	0.0969474	0.07605401981143313
454	0.1012126	0.16641908587767965
455	0.1033763	0.23576403918723968
456	0.1010198	0.16107840778829075
457	0.1040719	0.2618997757917241
458	0.1019671	0.18860583584624652
459	0.0983649	0.10008976087392993
460	0.1014732	0.17384851595005876
461	0.1033799	0.23589436045591586
462	0.0969941	0.07676291064798776
463	0.1052732	0.31161996519638263
464	0.0989017	0.11064303951055893
465	0.108798	0.49102501645803975
466	0.0997749	0.12966946648668468
467	0.1007196	0.153022432530279
468	0.0962916	0.06665269882103557
469	0.0932311	0.03454957812792291
470	0.1007401	0.1535625963414427
471	0.0969476	0.07605704429516995
472	0.1007136	0.15286461015951908
473	0.098846	0.10950862750106567
474	0.1052027	0.3085402103131069
475	0.1004402	0.14580408448970456
476	0.0990222	0.11312901736344322
477	0.0983223	0.09928794465490934
478	0.0976264	0.08690298965583827
479	0.1015053	0.17478056685634838
480	0.0987605	0.10778524650529688
481	0.0979714	0.09287711953251156
482	0.0966741	0.07201201049114886
483	0.0997026	0.1280032394656603
484	0.0994993	0.12340734778417566
485	0.0975735	0.0860150723145557
486	0.0998073	0.13042161240308828
487	0.1002413	0.14082673128251277
488	0.0990206	0.11309572195455617
489	0.0988825	0.1102509575304123
490	0.0997774	0.12972738199806777
491	0.0979231	0.09202137025307643
492	0.1000344	0.13578918925875055
493	0.0918829	0.02530935262006306
494	0.0973709	0.08268218748301277
495	0.1006533	0.1512853802365202
496	0.0980809	0.09484088758906649
497	0.1034557	0.2386502139074031
498	0.0980534	0.09434459546975499
499	0.1018311	0.18445285204732084
500	0.0991532	0.11588143913011333
501	0.1011109	0.16358553788556796
502	0.0962573	0.06618863333076733
503	0.1017712	0.18264537931619915
504	0.1000816	0.1369259422408025
505	0.0984888	0.10245124330341962
506	0.1013765	0.17106324205700085
507	0.1002081	0.1400088253218243
508	0.0994848	0.1230845519742106
509	0.0991896	0.1166555263885512
510	0.1020605	0.19149772947556123
511	0.0986144	0.10489026106584631
512	0.0969913	0.07672025595743556
513	0.1019073	0.18677130845160425
514	0.1026306	0.20986084020844623
515	0.1006928	0.15231845344897876
516	0.1002086	0.14002111595641853
517	0.0978564	0.09085007031109515
518	0.1038664	0.2539778742647558
519	0.0994115	0.12146286745965285
520	0.0964923	0.06942220784442887
521	0.0971351	0.07893605938195555
522	0.1000765	0.13680276168717703
523	0.0990027	0.11272375693388835
524	0.0964108	0.06828635498266772
525	0.1056845	0.32999102272144365
526	0.0979146	0.09187143152655486
527	0.1010572	0.16210413698530626
528	0.100308	0.14248105676847683
529	0.1005404	0.1483621183718073
530	0.10184700000000001	0.1849348531787857
531	0.1019198	0.1871536836221372
532	0.0960333	0.06322319434272938
533	0.0994324	0.12192354151793688
534	0.099794	0.13011245166978835
535	0.1009323	0.1586978452611856
536	0.1015843	0.17709031340012057
537	0.1057456	0.3327788877997264
538	0.0987388	0.10735129252226314
539	0.0946989	0.04775391808519259
540	0.1017468	0.18191289743839836
541	0.0997341	0.12872712631625108
542	0.0999273	0.1332369197517911
543	0.1038897	0.25486758002278553
544	0.1001436	0.1384302981265155
545	0.0968038	0.07390768766505944
546	0.0964885	0.06936890437605893
547	0.1013687	0.17084004487368584
548	0.0995523	0.12459286046444085
549	0.0976465	0.08724230279810676
550	0.1024102	0.20261571245400015
551	0.1026682	0.21111539110388247
552	0.1013348	0.1698725348637775
553	0.1004336	0.1456367865028868
554	0.0948697	0.049536099805741765
555	0.0964429	0.06873188638311108
556	0.0996695	0.12724600597777286
557	0.0999207	0.1330808626173491
558	0.1016529	0.1791144136124913
559	0.0959332	0.0619340469488456
560	0.1006481	0.15114978018364172
561	0.1006453	0.15107680322448414
562	0.0977121	0.08835717438202623
563	0.1019853	0.18916680540883424
564	0.097185	0.0797170527601484
565	0.0998053	0.13037508560868372
566	0.0977319	0.0886959276437887
567	0.1010908	0.1630298539791015
568	0.0991463	0.11573516005826555
569	0.1011194	0.16382095860172446
570	0.0984169	0.10107550770120856
571	0.0989101	0.11081492203989
572	0.0978353	0.09048205128672253
573	0.1001087	0.1375819289740986
574	0.1052191	0.30925482874679366
575	0.1013236	0.16955379193134737
576	0.1002779	0.14173266000254747
577	0.101065	0.1623186804111461
578	0.10293	0.22000143146085138
579	0.0976296	0.08695693808670281
580	0.0962994	0.06675860367898583
581	0.1011763	0.165403486639753
582	0.0990553	0.11381955413944178
583	0.0980764	0.09475953298838256
584	0.1019807	0.18902490561975144
585	0.1007766	0.154527946385634
586	0.1007893	0.15486491666579405
587	0.10104	0.16163179930970972
588	0.100084	0.13698393922658475
589	0.0996658	0.12716157806629294
590	0.1042816	0.27015832396997636
591	0.103575	0.24303357881218335
592	0.0980134	0.09362644295672322
593	0.1013044	0.16900842150073048
594	0.1000381	0.13587803445111257
595	0.0988298	0.10918042639222432
596	0.1012066	0.16625089483185046
597	0.1000737	0.13673516959526125
598	0.0948817	0.049663386716987216
599	0.0982744	0.09839251612445611
600	0.0950117	0.0510600359920578
601	0.1028092	0.21586835715428002
602	0.10129	0.1686002600032952
603	0.0986266	0.10512961319467394
604	0.1003035	0.14236897729212553
605	0.0993342	0.11977088062338283
606	0.1015419	0.1758478345215164
607	0.1008251	0.1558178119387214
608	0.0947042	0.04780839679998739
609	0.0989188	0.11099316592237916
610	0.0992133	0.11716171785647052
611	0.0977948	0.08977903243900719
612	0.097736	0.0887662044499269
613	0.1001437	0.13843273477436469
614	0.0984032	0.1008150523139921
615	0.098388	0.10052670743508615
616	0.0971593	0.0793140351065843
617	0.1003495	0.14351788099298596
618	0.1009284	0.15859236487285686
619	0.0967541	0.07317650270460051
620	0.0970814	0.07810257206432474
621	0.1001494	0.13857167845418014
622	0.099981	0.13451193858809393
623	0.0976185	0.08676992040761054
624	0.1011613	0.1649851851248492
625	0.1025326	0.20661644225192047
626	0.0998015	0.13028672026147248
627	0.1019312	0.18750291465048413
628	0.0999755	0.13438091709115435
629	0.0959995	0.06278543469360079
630	0.0979703	0.09285755942095934
631	0.104411	0.27534283126351183
632	0.1021225	0.19343537467069655
633	0.101411	0.17205308571538797
634	0.0959341	0.06194553981314365
635	0.0959772	0.062497994461711115
636	0.10022059999999999	0.14031634084216743
637	0.1000805	0.13689936663494146
638	0.1030672	0.2247642829626476
639	0.1001502	0.13859118793492914
640	0.103402	0.2366955074824746
641	0.0998086	0.13045186174277315
642	0.1023128	0.1994727686930133
643	0.0979441	0.09239265188900357
644	0.0991922	0.11671097372663934
645	0.1003349	0.14315245940794558
646	0.0943766	0.044537899465055875
647	0.1037877	0.2509887578624881
648	0.1010086	0.1607721956263408
649	0.0995636	0.12484676832805228
650	0.1008024	0.15521308590768254
651	0.0975162	0.08506160469081597
652	0.0941669	0.042545340989438005
653	0.0983377	0.09957720819607328
654	0.0980644	0.09454286136281408
655	0.0996506	0.12681519738828945
656	0.1009534	0.15926944431844706
657	0.0998456	0.13131509385403997
658	0.0957706	0.059886501919465276
659	0.0997659	0.1294611372259808
660	0.0949562	0.050459792694895436
661	0.1005161	0.14773862331956256
662	0.0985601	0.10383020286207409
663	0.1024376	0.20350634964836084
664	0.093995	0.0409688011072588
665	0.102843	0.21701910898898488
666	0.0975516	0.08564964124386307
667	0.0973799	0.08282798274033742
668	0.1004283	0.1455025478157173
669	0.0975483	0.08559468547347367
670	0.0992452	0.11784577413162436
671	0.0978534	0.09079767187219613
672	0.0968937	0.07524549664954377
673	0.0964888	0.06937311131950856
674	0.1000709	0.1366676033324913
675	0.100353	0.14360558852424096
676	0.0952241	0.05341281005879365
677	0.0991961	0.11679418362930999
678	0.1044983	0.278878774749483
679	0.0966139	0.07114579686841847
680	0.0997034	0.12802158455065515
681	0.1010326	0.16142890497825105
682	0.0956516	0.058423914226992966
683	0.0966372	0.07148003803728768
684	0.1004631	0.14638570125676456
685	0.100252	0.14109111653737835
686	0.0973217	0.08188885419745347
687	0.1025575	0.20743730482528716
688	0.0966354	0.07145417094569176
689	0.0994841	0.1230689854661506
690	0.0962992	0.06675588643609735
691	0.101147	0.16458714799379026
692	0.0935243	0.036903630357817074
693	0.1016489	0.178995918892267
694	0.099847	0.13134784363155438
695	0.0955674	0.057407105816467616
696	0.1040947	0.2627891347176507
697	0.1002584	0.14124943617124314
698	0.096472	0.06913784565954803
699	0.1003929	0.14460836866211477
700	0.1026368	0.21006733436722327
701	0.0991432	0.11566948785558817
702	0.1012029	0.16614724089949906
703	0.0992304	0.11752801678679448
704	0.0944737	0.04548693744631368
705	0.0969388	0.07592406000639733
706	0.0979974	0.09334041533005695
707	0.0978074	0.08999727556603764
708	0.0991663	0.11615955807443316
709	0.1030364	0.2236886962401125
710	0.0928062	0.03136690266888702
711	0.0967377	0.07293653185548657
712	0.0988564	0.10971973616204068
713	0.0967636	0.07331580606883817
714	0.1032924	0.2327412793266931
715	0.1004619	0.1463551794170334
716	0.103988	0.25864504974405245
717	0.0988838	0.11027746998016792
718	0.0997244	0.1285038761982061
719	0.0989503	0.1116404299444697
720	0.0993085	0.11921246092403653
721	0.0983756	0.10029196697598365
722	0.0977231	0.08854524135699739
723	0.1016102	0.17785249846794754
724	0.0972857	0.08131229590962283
725	0.1027423	0.21360368407404517
726	0.0989669	0.11198272675295845
727	0.0986607	0.10580092680416753
728	0.1011858	0.165668824359655
729	0.0995843	0.1253129402321485
730	0.095276	0.05400130954131727
731	0.098506	0.10278255168952714
732	0.0988115	0.1088106189076095
733	0.0988089	0.10875815861501441
734	0.1001577	0.13877419246515568
735	0.0990051	0.11277357316301537
736	0.0993406	0.11991026119711855
737	0.1007683	0.1543080235506137
738	0.1016457	0.1789011651945355
739	0.1006329	0.15075394296042505
740	0.100719	0.15300664470522932
741	0.0995478	0.12449185916076795
742	0.0971802	0.07964165454090409
743	0.1002053	0.1399400131411009
744	0.1022887	0.19870063826707415
745	0.0998985	0.1325569837318115
746	0.1000544	0.13626996927937104
747	0.1005427	0.14842123649877914
748	0.1022407	0.19716931378704575
749	0.1011012	0.1633171936454527
750	0.0976501	0.08730318829755197
751	0.0966136	0.07114150172158909
752	0.1010319	0.16140972225520087
753	0.098388	0.10052670743508615
754	0.1048699	0.29427519694427434
755	0.0985079	0.10281920203319397
756	0.0988427	0.10944170839956635
757	0.0944893	0.045640990386296924
758	0.1011969	0.1659792569964215
759	0.1003984	0.14474701722195518
760	0.0988504	0.10959790339513387
761	0.0978191	0.09020031291486429
762	0.0960798	0.06382956626467802
763	0.0954875	0.05645590480400418
764	0.0999742	0.1343499628289576
765	0.0998529	0.13148593028445343
766	0.0980162	0.09367657016307528
767	0.0957551	0.0596942897018933
768	0.0979678	0.09281311694730734
769	0.0995186	0.12383802731483812
770	0.1002036	0.13989824704317724
771	0.099257	0.11809960493187804
772	0.0991915	0.11669604355674952
773	0.10216599999999999	0.19480344063376615
774	0.1043648	0.2734840371731078
775	0.1000267	0.1356044393636838
776	0.0978343	0.0904646395052383
777	0.1013806	0.17118065137341507
778	0.1002238	0.14039514846449616
779	0.0972471	0.080697770073331
780	0.0976508	0.08731503113442045
781	0.1010923	0.1630712736040534
782	0.1035648	0.24265660390126784
783	0.101071	0.16248385988602684
784	0.1027238	0.2129804726684855
785	0.1034644	0.23896796981452303
786	0.1004388	0.14576858472274629
787	0.0963489	0.06743393369141698
788	0.097117	0.07865431954118571
789	0.0970566	0.07772007811685522
790	0.0994761	0.12289119193593001
791	0.0976263	0.0869013042038053
792	0.1001759	0.1392190590120168
793	0.1032376	0.23078187533274516
794	0.0979057	0.09171464776349572
795	0.1014541	0.17329569987849275
796	0.1018834	0.18604181783979673
797	0.0961927	0.06532186525340561
798	0.09805	0.09428338091121753
799	0.1050528	0.30205917388267484
800	0.0972193	0.0802575298598703
801	0.1066566	0.37614351753822484
802	0.1013858	0.1713296477265198
803	0.1024541	0.20404405839811524
804	0.1004174	0.14522677050158925
805	0.0975653	0.08587809665744474
806	0.1014366	0.17279034992732648
807	0.1035323	0.24145820734785442
808	0.1055906	0.3257361956274627
809	0.0990377	0.11345196750163722
810	0.1006988	0.1524758456638541
811	0.1002237	0.14039268520995393
812	0.0960137	0.06296903863679175
813	0.0983175	0.09919792208690195
814	0.1025742	0.20798917008298598
815	0.102937	0.22024266328130884
816	0.0982145	0.0972818712326693
817	0.0973271	0.08197562390179673
818	0.1024441	0.2037180507564567
819	0.0996159	0.12602720517820706
820	0.1030894	0.2255418368999646
821	0.0991149	0.11507132086521994
822	0.09796	0.09267456641182764
823	0.0967571	0.07322046977589397
824	0.1003394	0.14326501298995206
825	0.0998152	0.13060551948027457
826	0.097678	0.08777621692777701
827	0.1024511	0.20394621618111922
828	0.0947573	0.04835710736731274
829	0.0967461	0.07305936300341238
830	0.101357	0.1705056591014401
831	0.1014824	0.17411526454666068
832	0.1046548	0.2852947527216238
833	0.09888569999999999	0.11031622802497679
834	0.0993855	0.12089168576725891
835	0.1013717	0.17092586405881277
836	0.0963462	0.06739695278877152
837	0.1026503	0.21051746854508327
838	0.0979009	0.09163017972010552
839	0.1004303	0.14555319276457596
840	0.1005215	0.1478770040489387
841	0.0988789	0.11017756477675196
842	0.0985303	0.10325207613549028
843	0.0988906	0.11041623275425273
844	0.0971238	0.07876007022912633
845	0.1020636	0.19159427058241807
846	0.1005408	0.14837239849014122
847	0.1003771	0.14421063652741734
848	0.1023903	0.20197064933735212
849	0.0991418	0.11563983906722011
850	0.097823	0.09026807407197483
851	0.0990615	0.1139492685412946
852	0.104865	0.29406853026244767
853	0.0993515	0.12014793676527023
854	0.1037836	0.2508337123372676
855	0.0993513	0.12014357241862302
856	0.0988392	0.10937076900585828
857	0.1014387	0.1728509335454362
858	0.1010518	0.1619557326181012
859	0.1023972	0.20219414429202906
860	0.0965282	0.06992745080294399
861	0.097102	0.07842145538624955
862	0.0962791	0.06648326869460154
863	0.0988069	0.1087178181907241
864	0.1020131	0.1900260490770256
865	0.1018595	0.18531444017581736
866	0.1010938	0.16311270118153764
867	0.103584	0.2433665462051578
868	0.1001656	0.13896715890842593
869	0.0987952	0.1084820643601076
870	0.0980848	0.09491144027072727
871	0.1006684	0.15167966842278954
872	0.100099	0.13734685079350734
873	0.1013079	0.16910773956120245
874	0.0985677	0.10397805639740716
875	0.0981756	0.09656599652751957
876	0.0997897	0.13001261948565412
877	0.1009386	0.158868349075077
878	0.0988533	0.10965677584375835
879	0.1026668	0.2110685818886217
880	0.0989497	0.1116280732810272
881	0.0978688	0.09106690915560017
882	0.1013187	0.16941448331905123
883	0.0988157	0.10889540483325096
884	0.0991142	0.11505655617882153
885	0.0981461	0.09602593049756798
886	0.0996193	0.12610424546860374
887	0.0969468	0.07604494695022211
888	0.0985378	0.10339733573440256
889	0.1019283	0.18741402948491814
890	0.0996578	0.12697918058339228
891	0.0981574	0.09623251626208106
892	0.1024663	0.2044423027496431
893	0.1011141	0.16367413684667978
894	0.0995349	0.1242026768051019
895	0.0978527	0.09078544907569781
896	0.0988794	0.11018775590078672
897	0.1012388	0.1671550227716331
898	0.0998843	0.13222273032748658
899	0.1017558	0.18218282054015494
900	0.0987883	0.10834322021291573
901	0.1000731	0.13672068893617514
902	0.0961156	0.06429968050513984
903	0.0937265	0.03860568363846226
904	0.1047506	0.2892712155766806
905	0.0982217	0.09741483764064059
906	0.0995804	0.1252250069387771
907	0.1028881	0.21856145866391696
908	0.0988091	0.10876219331007571
909	0.0976513	0.08732349109904394
910	0.0985781	0.10418065391489226
911	0.0995489	0.12451654245574571
912	0.0983386	0.09959413402544585
913	0.0942596	0.04341665578488424
914	0.0972059	0.08004602729675821
915	0.0962493	0.06608078105839417
916	0.1031835	0.2288590536811925
917	0.0989987	0.11264076851917486
918	0.0997455	0.1289898887208419
919	0.1023084	0.1993316351311581
920	0.1059287	0.3412243396333817
921	0.0998017	0.1302913699076504
922	0.099686	0.12762304105702832
923	0.1000709	0.1366676033324913
924	0.0984702	0.1020939269129386
925	0.1039063	0.255502771330253
926	0.0994877	0.12314905821140401
927	0.0986497	0.10558400268629613
928	0.1021592	0.19458911422232236
929	0.0985889	0.10439137616230218
930	0.1011276	0.16404831276429205
931	0.1000563	0.13631571179320978
932	0.10320119999999999	0.22948688474522858
933	0.0948845	0.04969312652321848
934	0.1038216	0.2522732883305898
935	0.1028803	0.21829414786238469
936	0.1013572	0.17051137096584604
937	0.0997933	0.13009619585674437
938	0.0966121	0.07112002918300224
939	0.0995012	0.12344969420741843
940	0.0979651	0.09276513829924148
941	0.0970034	0.07690472422914492
942	0.0993647	0.12043625882410414
943	0.1015034	0.174725294854335
944	0.0998334	0.13102997143561815
945	0.1002039	0.13990561683243108
946	0.0997324	0.1286879781915298
947	0.098137	0.09585982369358735
948	0.0985526	0.10368445896354991
949	0.1029115	0.21936480501539826
950	0.0991931	0.11673017186873628
951	0.1002597	0.14128161156138683
952	0.1023382	0.20028892476747218
953	0.0953226	0.054534323828561077
954	0.1042736	0.2698400149699578
955	0.0971855	0.07972491008445695
956	0.1005273	0.14802574574404467
957	0.1041447	0.2647467936248295
958	0.1021346	0.19381520520862427
959	0.0995591	0.12474560616714056
960	0.0974265	0.08358622114642023
961	0.0989813	0.11228033046353411
962	0.099496	0.12333382574888567
963	0.1013213	0.16948839145750144
964	0.1008993	0.15780699743656715
965	0.0971647	0.0793985777754517
966	0.097135	0.07893450055090788
967	0.1027986	0.21550837924750335
968	0.1034076	0.23689881884326688
969	0.1000567	0.13632534330956445
970	0.0989532	0.1117001690664585
971	0.1017111	0.18084513112010941
972	0.0994588	0.12250740103308674
973	0.10112259999999999	0.16390965384708492
974	0.0964315	0.06857338691301951
975	0.097278	0.08118940615452334
976	0.1011528	0.16474850216935644
977	0.1000812	0.13691627792263378
978	0.0983648	0.10008787263505348
979	0.0938312	0.03951298624587157
980	0.1016701	0.17962460715945963
981	0.0975357	0.0853851170411633
982	0.0985446	0.10352917845750238
983	0.0964296	0.06854699962956082
984	0.0988072	0.10872386849795057
985	0.0978735	0.0911492069969589
986	0.1003254	0.14291506960861244
987	0.0994757	0.12288230754039667
988	0.1013329	0.169818430717299
989	0.0967023	0.07242074582077106
990	0.1002098	0.1400506168738596
991	0.0966295	0.07136943826483684
992	0.0999647	0.13412392630808836
993	0.097446	0.08390517723812926
994	0.0966639	0.07186463719250587
995	0.103884	0.25464972622972387
996	0.1016276	0.1783659183638222
997	0.1009331	0.15871948884093756
998	0.0968343	0.07435935930308946
999	0.0984269	0.10126596009958969
