Dataset	Random-mean	P-value
0	0.0075351	0.5741874577722976
1	0.0078793	0.48289046398836954
2	0.0079073	0.4758274101270523
3	0.0089119	0.26239379007942226
4	0.0094022	0.18696864979527597
5	0.0086998	0.30080949321390493
6	0.0070051	0.7288639331162181
7	0.0079052	0.47635516239877507
8	0.0081136	0.4255764541855406
9	0.0085673	0.32662578723341595
10	0.0088062	0.28109207316745594
11	0.0079	0.47766335987506625
12	0.0078629	0.4870537528845664
13	0.0083279	0.37681871867569217
14	0.0101372	0.10577762315893327
15	0.0076014	0.5559826529896794
16	0.0067986	0.7927380326436066
17	0.0074278	0.6042353427354721
18	0.0078016	0.502785905692049
19	0.0085706	0.32596579213960897
20	0.0084334	0.3541381901844046
21	0.0083466	0.37273438964713146
22	0.0076558	0.5412593120534652
23	0.0080752	0.434687697305275
24	0.0083472	0.37260379839559044
25	0.0075917	0.5586283860088087
26	0.0083033	0.3822336391273147
27	0.0097005	0.14971919204192527
28	0.0083949	0.3623128459081294
29	0.0087452	0.29228600950159156
30	0.0075725	0.5638833090668111
31	0.0076085	0.5540499778292383
32	0.0078675	0.4858840439534914
33	0.0081692	0.41258409376914995
34	0.0088862	0.26685889033432764
35	0.0080208	0.4477866062046256
36	0.0088244	0.27780949097000274
37	0.008644	0.3115106969334178
38	0.0087906	0.2839266379206066
39	0.0077068	0.5276357304510995
40	0.0069615	0.7422106923618198
41	0.0095752	0.1646091430812953
42	0.0079389	0.4679249135154506
43	0.0080996	0.428885247889496
44	0.0080074	0.45104735003036245
45	0.0070242	0.7230426426079539
46	0.0081849	0.40895849122092043
47	0.0080163	0.4488801321535332
48	0.0093709	0.19124363095084082
49	0.0086953	0.3016632827445194
50	0.007054	0.7139923178035328
51	0.0091172	0.22857921401209133
52	0.0080017	0.4524384557290253
53	0.0087636	0.288878311514546
54	0.0099326	0.12488706547080666
55	0.0076717	0.5369931376581449
56	0.0077381	0.5193622312854821
57	0.0072313	0.6610142074992846
58	0.0087791	0.28602859881036896
59	0.008532	0.3337401216788366
60	0.0083325	0.3758114603974311
61	0.0085307	0.3340040213078471
62	0.0097085	0.14880468604395852
63	0.0081729	0.4117279371734228
64	0.0083861	0.36419784277533285
65	0.0098973	0.12844140980985147
66	0.0085095	0.33832664047315486
67	0.0091154	0.2288615011827106
68	0.0086048	0.3191770501831497
69	0.0076849	0.5334643250776332
70	0.0083328	0.3757458275672927
71	0.0088742	0.26896159999184527
72	0.0097787	0.14096230024786527
73	0.0070166	0.7253570658582689
74	0.0084059	0.35996523012853865
75	0.0078356	0.494026984383345
76	0.0102617	0.0953373071895805
77	0.0085755	0.32498740356457856
78	0.0090226	0.2437533326482316
79	0.0077287	0.5218398548746694
80	0.009652	0.1553556239514799
81	0.0078399	0.4929250961655004
82	0.0082126	0.402608264644043
83	0.0092369	0.2103614830202628
84	0.0069563	0.7438077972774675
85	0.0089689	0.2526759646647098
86	0.0086981	0.30113184608870425
87	0.0093017	0.20095006707282176
88	0.0072633	0.6516218616496243
89	0.009749	0.14424046768851678
90	0.0085251	0.3351423610997827
91	0.0085083	0.33857238888935004
92	0.0077786	0.5087573786228268
93	0.0076985	0.5298409058243607
94	0.0095703	0.16521336098790165
95	0.0087239	0.2962644574676081
96	0.0084838	0.3436148467843645
97	0.0077423	0.5182571782031529
98	0.009452	0.18031337392573582
99	0.0095196	0.17156369764535226
100	0.008355	0.37090869853544095
101	0.008095399999999999	0.4298808018463036
102	0.0080434	0.44231767584532844
103	0.0076732	0.5365915446704042
104	0.0090512	0.23909283391484906
105	0.0091809	0.21874891773644828
106	0.0090653	0.23681850729891796
107	0.0083555	0.3708002021536251
108	0.0081719	0.4119592266152533
109	0.0080096	0.45051108167649645
110	0.0090921	0.23253801678711444
111	0.0079489	0.4654393864858688
112	0.008342	0.37373653311268995
113	0.0077782	0.5088615589232905
114	0.0089626	0.25373751548687473
115	0.0084097	0.359156465364327
116	0.0074973	0.5846917401834545
117	0.0080262	0.4464763801091557
118	0.0090724	0.2356790989462927
119	0.0077899	0.5058189204079742
120	0.0092892	0.20274115195808431
121	0.0099123	0.12692155353569556
122	0.0089589	0.2543624143926568
123	0.0090506	0.23918995514232658
124	0.0080976	0.42935915353164866
125	0.006899	0.7614784424338064
126	0.0078508	0.49013786124653447
127	0.0075628	0.5665471839673902
128	0.0076376	0.5461633411607612
129	0.0081018	0.4283643039349124
130	0.0080744	0.43487870762025027
131	0.0089226	0.2605501140182188
132	0.0081911	0.40753197497349014
133	0.0096147	0.15979918017121186
134	0.0080643	0.43729438639956786
135	0.0085739	0.32530666658138996
136	0.0086842	0.30377620372098013
137	0.0089603	0.2541258400664717
138	0.0075455	0.5713131791554509
139	0.0072534	0.6545217936528414
140	0.008561000000000001	0.32788819230461086
141	0.009234299999999999	0.21074566235902364
142	0.0076568	0.5409905000591348
143	0.0088845	0.26715608323565754
144	0.0078666	0.4861127801305347
145	0.0070663	0.7102684214265028
146	0.0082383	0.39676984568732865
147	0.0078677	0.4858332216182397
148	0.0085702	0.32604574523429486
149	0.0078141	0.49955618150276215
150	0.0075492	0.5702922565641445
151	0.0078376	0.4935143139965621
152	0.008756	0.2902825725656397
153	0.009245	0.20916787318288602
154	0.0086207	0.3160526900122931
155	0.0081345	0.4206647890879127
156	0.0089016	0.2641770557441561
157	0.0076045	0.5551384034964657
158	0.008273	0.38896858512201193
159	0.0088152	0.2794655343851905
160	0.0076809	0.534532420523462
161	0.0068525	0.775911192034004
162	0.0078037	0.5022425400498243
163	0.0082562	0.39273381367816873
164	0.0101383	0.10568155252091666
165	0.008579700000000001	0.3241503107499185
166	0.0081189	0.424327747068008
167	0.0066118	0.8517586403027949
168	0.0087547	0.29052323547420206
169	0.0089472	0.2563455050437031
170	0.0085421	0.33169441828401125
171	0.0083724	0.36714464418655235
172	0.0073997	0.6122197411676094
173	0.0090111	0.24564522264378333
174	0.0090232	0.24365490769415712
175	0.0069702	0.73954110208629
176	0.0087557	0.2903380982216792
177	0.0076321	0.5476496589640105
178	0.0074697	0.5924176589188714
179	0.0088894	0.26630008688461165
180	0.0076582	0.5406142756157415
181	0.0091133	0.2291911504798404
182	0.0072173	0.665140353263524
183	0.0089281	0.25960593345090816
184	0.0087141	0.298107059878453
185	0.0080891	0.43137665218343724
186	0.009283	0.20363384221519898
187	0.0088692	0.2698410846744346
188	0.0091684	0.22065353860347683
189	0.0079389	0.4679249135154506
190	0.0090219	0.24386819713623414
191	0.0076089	0.5539411928687311
192	0.0099103	0.12712338672832815
193	0.008368	0.3680942129625653
194	0.0079989	0.4531226947626358
195	0.008875	0.26882106567961156
196	0.0076435	0.5445711584018023
197	0.0077168	0.5249851362436577
198	0.0075418	0.5723349724841882
199	0.007983	0.45701927819626087
200	0.0082408	0.39620465174702624
201	0.0091543	0.22281622175080149
202	0.0076124	0.5529897717634888
203	0.0103258	0.09029392173758938
204	0.008373	0.36701527618232477
205	0.0093615	0.1925414599213765
206	0.0094921	0.17508388214390694
207	0.0079901	0.4552769675485686
208	0.0087121	0.29848404182366056
209	0.0090629	0.23720454051741505
210	0.0087038	0.30005192508787976
211	0.0084576	0.3490600929003115
212	0.0075613	0.5669596628157954
213	0.0078092	0.5008209162670283
214	0.0092582	0.2072332797831682
215	0.007299	0.6412085797462381
216	0.0099546	0.12271107232034723
217	0.0076155	0.5521477556497874
218	0.0091671	0.2208523012917372
219	0.0087852	0.2849123368238555
220	0.0079889	0.4555711791278567
221	0.0072734	0.6486687779586986
222	0.0085743	0.3252268316629454
223	0.0087065	0.29954128794104923
224	0.0092526	0.20805242119457626
225	0.0090532	0.2387692978625962
226	0.0091968	0.21634338033684666
227	0.0084844	0.34349078668767474
228	0.0082493	0.3942866397443464
229	0.0081381	0.4198221410993579
230	0.0111537	0.04247117334066744
231	0.0070871	0.7039868894064649
232	0.0087689	0.28790174395767587
233	0.0089407	0.25745186036244516
234	0.0081716	0.4120286285055679
235	0.0079831	0.45699471257352764
236	0.008021499999999999	0.4476166386399548
237	0.0078746	0.4840816174995429
238	0.007722	0.5236095320396612
239	0.0081516	0.4166710786707575
240	0.0081267	0.4224939370958819
241	0.0082075	0.40377296951570796
242	0.008514	0.3374061065459789
243	0.0091796	0.2189464450940695
244	0.0090474	0.2397084060473212
245	0.0084545	0.3497079922744947
246	0.0072845	0.6454296854516621
247	0.0085203	0.3361200720687958
248	0.0079586	0.4630354680117388
249	0.0086501	0.3103287520113429
250	0.0096439	0.15631249809989461
251	0.0076728	0.5366986213268463
252	0.0088595	0.2715529183300292
253	0.0087957	0.28299782711955007
254	0.0093797	0.19003449973672712
255	0.0092766	0.20455833319819117
256	0.0097691	0.14201557168712567
257	0.0088722	0.2693131569021488
258	0.0094758	0.17719573592661733
259	0.0083523	0.3714949202056911
260	0.0074158	0.6076393209349349
261	0.0084933	0.341653929882791
262	0.0080399	0.44316211927242244
263	0.0087029	0.3002222666609708
264	0.0092873	0.20301441416764993
265	0.0083557	0.37075680913029685
266	0.0082601	0.3918577750991393
267	0.0075439	0.5717549289673391
268	0.0087597	0.2895983450479169
269	0.0072165	0.6653764418416447
270	0.0100976	0.10928263879134048
271	0.0066755	0.8315207933274136
272	0.0091729	0.2199665067394618
273	0.0080691	0.4361453769974173
274	0.0088518	0.2729170929804477
275	0.0086462	0.3110840791694845
276	0.007353	0.6255914969852892
277	0.009484	0.17613096599089834
278	0.0081748	0.4112887000094265
279	0.0096644	0.1538994222014026
280	0.0079108	0.47494853746678056
281	0.0094862	0.17584611108111484
282	0.0082963	0.38378316730526063
283	0.0075779	0.5624029521607558
284	0.0083068	0.38146031889722576
285	0.007593	0.5582734477251461
286	0.008844	0.27430376663911676
287	0.0089738	0.25185246120865895
288	0.0089522	0.25549671747604796
289	0.0079055	0.47627974954270824
290	0.0070885	0.7035648143984616
291	0.0084545	0.3497079922744947
292	0.0068794	0.7675521124004878
293	0.0084491	0.35083841668472926
294	0.0080427	0.4424864906805227
295	0.0083641	0.3689371560804108
296	0.0094705	0.17788649310576554
297	0.0086072	0.3187041548133132
298	0.0081294	0.42186024257328236
299	0.0095905	0.16273323709738097
300	0.0077366	0.5197571882993117
301	0.0085027	0.3397207328402446
302	0.0082313	0.3983549807891693
303	0.0076032	0.5554923671623873
304	0.0087747	0.2868356076151365
305	0.0086545	0.3094780459881171
306	0.0086601	0.30839756471197066
307	0.0078603	0.48771556642515523
308	0.0085881	0.32248035111568574
309	0.0077634	0.5127240930849284
310	0.009089	0.23303031507271796
311	0.0073049	0.6394943385327556
312	0.0077705	0.5108692115268727
313	0.0068216	0.7855454091364614
314	0.0075906	0.558928804209206
315	0.0089738	0.25185246120865895
316	0.0090684	0.2363205400732789
317	0.008627	0.31482032096043483
318	0.0073403	0.6292496321301742
319	0.0064863	0.8919058356372332
320	0.0094067	0.18635989801935604
321	0.0079245	0.4715169836067311
322	0.0081183	0.4244690022851204
323	0.0078978	0.47821742035306924
324	0.0093238	0.19781179051280204
325	0.0090886	0.23309389135711672
326	0.0084877	0.3428089687796866
327	0.0084697	0.346538512664618
328	0.0075337	0.5745749033640926
329	0.0086846	0.30369989168582817
330	0.0102449	0.0966958675480275
331	0.007416	0.6075825177580396
332	0.0075295	0.5757379834619395
333	0.0087524	0.2909493532095774
334	0.0082984	0.38331790469484484
335	0.0099019	0.12797382073454935
336	0.009269	0.20566013548794504
337	0.0087557	0.2903380982216792
338	0.0094869	0.17575554767721685
339	0.0075795	0.5619646893911298
340	0.0080627	0.4376777772662884
341	0.0088451	0.2741079184549329
342	0.008291399999999999	0.38487012666240483
343	0.0077835	0.5074820797824762
344	0.0080887	0.4314717288073522
345	0.0091627	0.22152599111428972
346	0.0082776	0.38794148250009364
347	0.0078015	0.5028117880119839
348	0.0071771	0.6770445472976946
349	0.0083745	0.3666919807734371
350	0.0091308	0.22645440696880476
351	0.008545	0.33110854238420506
352	0.008624	0.3154067680416383
353	0.0086271	0.314800785103102
354	0.009069	0.2362242451028298
355	0.0084869	0.34297417830424215
356	0.0091872	0.21779348704520854
357	0.0077943	0.5046771683698441
358	0.0086267	0.3148789333241651
359	0.0080996	0.428885247889496
360	0.0072199000000000004	0.6643732952928113
361	0.008415	0.35803036444888914
362	0.0081525	0.4164615061814705
363	0.0094824	0.17633834967137177
364	0.008627	0.31482032096043483
365	0.0079267	0.4709672107857126
366	0.009418	0.18483772803707368
367	0.0082548	0.39304857904835955
368	0.0082741	0.38872282283257253
369	0.007763	0.5128286980292274
370	0.0085795	0.3241901403708596
371	0.0085762	0.32484779027524235
372	0.0090067	0.24637179890677552
373	0.0076622	0.5395400715143448
374	0.0082118	0.4027908298492132
375	0.0091973	0.21626804524559223
376	0.0093243	0.197741206892899
377	0.0078619	0.48730823900428377
378	0.0093574	0.19310956193158835
379	0.0081877	0.40831388960264525
380	0.0091134	0.22917544521842256
381	0.0078698	0.48529976117207296
382	0.0081811	0.409834277931882
383	0.0081797	0.4101572177064938
384	0.0084632	0.3478916321615051
385	0.0083945	0.3623983944816598
386	0.0079749	0.4590115610606088
387	0.0075264	0.5765971615103161
388	0.008157	0.41541457911858315
389	0.0071039	0.6989280554231165
390	0.0105498	0.07433591141886875
391	0.0083882	0.36374745670027675
392	0.0077753	0.5096172010638598
393	0.010040199999999999	0.11452580169338841
394	0.0083916	0.36301900079581517
395	0.0083724	0.36714464418655235
396	0.0085208	0.33601814142770214
397	0.0085544	0.3292141105200663
398	0.0082717	0.38925915363635666
399	0.0094066	0.1863734098693644
400	0.0083103	0.3806879617246888
401	0.00947	0.17795176244189942
402	0.0082529	0.3934760055871963
403	0.0084242	0.35608091687391175
404	0.0107715	0.06089352325144645
405	0.0093236	0.1978400291330437
406	0.0084067	0.35979486868180954
407	0.0076865	0.5330373898238152
408	0.0088884	0.2664746261956636
409	0.007423	0.6055959045141148
410	0.0096725	0.15295382338335387
411	0.0081561	0.415623839782017
412	0.0090168	0.24470621716696356
413	0.0077979	0.5037440213955571
414	0.0074448	0.59942778741388
415	0.0073111	0.6376950094498719
416	0.0088809	0.267786185686028
417	0.0087654	0.2885463964865767
418	0.0081241	0.42310468941253065
419	0.0075227	0.577623424643903
420	0.0085106	0.3381014719558004
421	0.0085748	0.32512705598131875
422	0.009796299999999999	0.13904694751447255
423	0.0094781	0.1768965972024809
424	0.0093922	0.18832669926517365
425	0.0088122	0.28000699990908
426	0.0110279	0.04792903609164165
427	0.0092709	0.20538428058226468
428	0.0097875	0.14000209813040432
429	0.0094382	0.1821396866684468
430	0.0086735	0.3058222895085309
431	0.0084833	0.3437182521039196
432	0.0076007	0.5561733768375611
433	0.0096682	0.15345525483703973
434	0.0095612	0.1663399163908725
435	0.0084692	0.3466424793836188
436	0.0091155	0.2288458120396534
437	0.00878	0.28586371842975195
438	0.0081	0.42879050335447033
439	0.0092258	0.21200518263369084
440	0.0084322	0.35439120803385393
441	0.0080256	0.4466218526954059
442	0.0106423	0.06845781527250645
443	0.0084584	0.34889301716835397
444	0.008835	0.27590975942895074
445	0.0074226	0.6057093467040082
446	0.0070738	0.7080011442523872
447	0.0087754	0.286707116892617
448	0.0094078	0.18621131555030684
449	0.0095631	0.16610422462636215
450	0.008346	0.3728650093129866
451	0.0088987	0.26468064781374295
452	0.0087417	0.29293726388230984
453	0.0086092	0.31831042675106885
454	0.0093965	0.18774184686766057
455	0.008511	0.33801961641601774
456	0.0098628	0.13199086447140893
457	0.0079933	0.4544929277113219
458	0.0078938	0.4792257043698289
459	0.0079421	0.46712874403089877
460	0.00814	0.4193778113587444
461	0.0068632	0.7725830277415752
462	0.008546400000000001	0.33082594597544157
463	0.009547	0.16810938892274402
464	0.0078502	0.49029106573331327
465	0.0069851	0.7349763591400897
466	0.0083104	0.3806659085315218
467	0.0081625	0.41413712000429903
468	0.0085059	0.33906423015656195
469	0.0087239	0.2962644574676081
470	0.0077986	0.5035626822083816
471	0.0080491	0.44094441618360725
472	0.0090804	0.23439992300530108
473	0.0089514	0.25563239176679464
474	0.0098786	0.13035597504504692
475	0.0087024	0.30031692878101673
476	0.0080271	0.4462582219212208
477	0.0089075	0.2631545513783781
478	0.0075585	0.5677300090702839
479	0.0078223	0.4974434944484599
480	0.00779	0.5057929563750916
481	0.0096951	0.15033890872204608
482	0.0077868	0.5066241540143982
483	0.0083795	0.3656156152313208
484	0.0099716	0.12105004482515988
485	0.008589	0.32230176108061526
486	0.0080735	0.43509365226350316
487	0.0082974	0.38353941512384826
488	0.0083393	0.37432552531114405
489	0.0071554	0.6835044454843261
490	0.0091971	0.21629817701053752
491	0.008356	0.3706917255198342
492	0.0072526	0.6547563606702931
493	0.0084535	0.3499171551474304
494	0.0098054	0.13806453224898677
495	0.0078321	0.49492484430295103
496	0.0069999	0.7304515210295028
497	0.0084186	0.3572667369819661
498	0.0077213	0.5237946015364032
499	0.0080248	0.446815858191673
500	0.0093015	0.20097863305001482
501	0.0087225	0.29652721771682605
502	0.008568	0.3264857156150578
503	0.0097195	0.1475542274591093
504	0.0072728	0.648844054663307
505	0.0082445	0.3953690594064331
506	0.0078393	0.49307876873262557
507	0.0085392	0.33228096536282414
508	0.0085165	0.336895396574142
509	0.0078734	0.48438599752683376
510	0.0088074	0.28087482997523155
511	0.0077462	0.5172321494432184
512	0.008227	0.3993305994255535
513	0.0094436	0.1814234117262395
514	0.0074703	0.5922492061164228
515	0.0099112	0.12703253083613866
516	0.0096235	0.15874224935436954
517	0.0084388	0.353001025796883
518	0.0077139	0.5257531046888634
519	0.007855000000000001	0.4890661528317618
520	0.0083728	0.3670583956860608
521	0.0074036	0.6111087940459152
522	0.008244	0.3954819148724701
523	0.0073334	0.6312409600253779
524	0.0087463	0.29208153101294215
525	0.0074439	0.5996818692979056
526	0.0084594	0.3486842441093819
527	0.0086407	0.31215134822332496
528	0.0093658	0.1919469693203386
529	0.0092266	0.21188640766842082
530	0.0088916	0.2659163780107279
531	0.0093716	0.19114724284215584
532	0.0080816	0.43316136372825154
533	0.0068107	0.7889518413284649
534	0.0097444	0.1447533936524518
535	0.0086102	0.31811368251976996
536	0.0086356	0.3131431561359746
537	0.0070872	0.7039567381589322
538	0.0093212	0.19817912316178643
539	0.0072242	0.6631054725730996
540	0.0097016	0.1495931932580916
541	0.0085529	0.32951594053370137
542	0.0075371	0.5736341792451902
543	0.0072156	0.6656420812404016
544	0.007906700000000001	0.4759781636960856
545	0.0080837	0.4326612134301936
546	0.0082423	0.39586576936827234
547	0.0088746	0.2688913265181583
548	0.0080638	0.43741417522749615
549	0.0074034	0.6111657439051525
550	0.0087497	0.29145011567828216
551	0.0094682	0.17818687999213115
552	0.0083358	0.3750898894874448
553	0.0085902	0.32206374165923807
554	0.0075457	0.5712579718750737
555	0.0082041	0.40455056139251544
556	0.0085324	0.33365894892064685
557	0.0082145	0.4021748715810156
558	0.0077377999999999995	0.5194412102656714
559	0.0083672	0.3682670263283703
560	0.007386	0.6161293739029601
561	0.0080081	0.4508766799238688
562	0.0076276	0.5488672263465528
563	0.008137	0.4200795113283171
564	0.0080143	0.44936663082098904
565	0.0088566	0.2720661479365248
566	0.009153	0.22301638099976345
567	0.0081019	0.4283406334348133
568	0.0098421	0.1341568186211611
569	0.0081637	0.4138587115161594
570	0.0082335	0.3978563839933035
571	0.0084473	0.3512157401620237
572	0.0085507	0.32995894943990256
573	0.008685	0.30362359241730735
574	0.0082054	0.40425314090378883
575	0.0077542	0.5151328235126205
576	0.0079318	0.46969410194335204
577	0.0076585	0.5405336731514445
578	0.0098961	0.12856360818615112
579	0.00913	0.22657900334155073
580	0.0083339	0.3755052345541935
581	0.0075333	0.5746856248736438
582	0.0078266	0.4963375308982062
583	0.0085112	0.3379786934304311
584	0.0080677	0.43648032444296714
585	0.0102699	0.09467978683820234
586	0.0089888	0.24934319959387266
587	0.0102369	0.09734823354593405
588	0.0088596	0.27153523261826673
589	0.0095316	0.17004436375967188
590	0.0077642	0.5125149166355237
591	0.007263	0.6517096611113682
592	0.0092161	0.21344916729169267
593	0.0088456	0.2740189282152172
594	0.009331	0.19679716768270747
595	0.0073264	0.6332638926516163
596	0.0088834	0.26734850603346494
597	0.007772	0.510477785287189
598	0.0088284	0.27709156511031874
599	0.0088901	0.2661779562945711
600	0.0086508	0.31019330902102044
601	0.0082405	0.3962724492835138
602	0.0074757	0.5907341231615104
603	0.0079088	0.4754506410229782
604	0.0087863	0.2847113583928919
605	0.0086759	0.3053625595301273
606	0.0080635	0.43748605760893666
607	0.0081695	0.41251463629506
608	0.0081217	0.42366892033323345
609	0.0076536	0.5418509336883435
610	0.0080991	0.42900369571307306
611	0.0081869	0.408497999578465
612	0.0076198	0.5509808432837466
613	0.0092719	0.20523920209324778
614	0.0082173	0.4015366984640676
615	0.0077587	0.5139539046885684
616	0.0075597	0.5673997991928186
617	0.0090303	0.24249233686184316
618	0.0073434	0.6283558553193069
619	0.0085403	0.3320584029817084
620	0.0099642	0.12177090057117328
621	0.0089901	0.24912655782605986
622	0.0100664	0.11210847625387789
623	0.0085107	0.3380810068747855
624	0.0075718	0.5640753448408125
625	0.0079637	0.46177433988881234
626	0.0082765	0.3881869431893862
627	0.008053	0.44000623012310236
628	0.0076549	0.5415012999997055
629	0.0075487	0.5704301681364774
630	0.0080045	0.4517548021690778
631	0.0068793	0.7675831375850786
632	0.0080193	0.44815094616703466
633	0.0085562	0.32885215159085956
634	0.00919	0.21736981769185093
635	0.0099663	0.12156599238313602
636	0.0088522	0.27284611128232383
637	0.0095652	0.16584401617107292
638	0.0090722	0.23571114164965853
639	0.0082671	0.3902883815920719
640	0.0075203	0.5782895693025287
641	0.0083766	0.36623966627925597
642	0.0088443	0.2742503439990127
643	0.0079856	0.4563808136818621
644	0.008832	0.2764465159830451
645	0.0078888	0.48048769313080897
646	0.0077301	0.5214704613675128
647	0.0081565	0.4155308273404338
648	0.0070666999999999995	0.7101474348599857
649	0.0077676	0.5116264144026283
650	0.0078233	0.4971861763076575
651	0.0091327	0.22615868694610647
652	0.0079639	0.4617249230837154
653	0.0087059	0.2996547126232598
654	0.0082911	0.3849367364225874
655	0.0077776	0.5090178503803164
656	0.007875	0.4839801805972195
657	0.0098411	0.13426214755571955
658	0.0082451	0.3952336585993921
659	0.008814	0.27968203492071547
660	0.0070058	0.7286503081551827
661	0.0074934	0.5857805928211155
662	0.0080615	0.43796544757478306
663	0.0082152	0.4020152711705768
664	0.0084577	0.349039205649221
665	0.0087547	0.29052323547420206
666	0.0086182	0.3165426038567606
667	0.0083799	0.3655295914614649
668	0.0085584	0.32841010859576636
669	0.0086122	0.31772043365670016
670	0.0091251	0.22734322563539056
671	0.0082806	0.38727252620090125
672	0.0097731	0.1415759747033207
673	0.0096596	0.15446187481366622
674	0.0093273	0.19731809299409891
675	0.0087441	0.2924905843371082
676	0.0089952	0.24827792919540886
677	0.0083847	0.3644982941848718
678	0.0089005	0.2643679954210724
679	0.007819	0.4982931483577173
680	0.0073503	0.6263684419195447
681	0.0091036	0.23071821134696036
682	0.0075458	0.5712303691890213
683	0.0086086	0.3184285116257915
684	0.007332	0.6316453257763726
685	0.0079611	0.4624170276324494
686	0.0078019	0.5027082629671503
687	0.0087732	0.2871110760736269
688	0.0075742	0.5634170679283268
689	0.0080837	0.4326612134301936
690	0.0087737	0.28701923337535906
691	0.0076944	0.5309319388769117
692	0.0077086	0.5271581192598713
693	0.0077358	0.5199678955176174
694	0.009419	0.184703468112361
695	0.0084403	0.3526855580594048
696	0.0074554	0.5964389522280443
697	0.0080659	0.43691118935671525
698	0.0074819	0.5889967908748593
699	0.0091149	0.22893995840958462
700	0.0080335	0.44470863013213036
701	0.009122	0.22782766329988846
702	0.008393	0.36271931455114703
703	0.0084742	0.34560370782105854
704	0.0084422	0.3522862223251205
705	0.008361500000000001	0.36949978616652834
706	0.0095456	0.1682846081272437
707	0.0071188	0.6944525270347198
708	0.0088058	0.28116451296169187
709	0.0077689	0.5112869060397134
710	0.0068509	0.7764092177793975
711	0.0090282	0.2428357879114371
712	0.0101179	0.10747454768977022
713	0.0085372	0.33268587162196683
714	0.009212099999999999	0.21404669183047265
715	0.006834	0.7816752034325024
716	0.0073879	0.6155865062791104
717	0.0084626	0.34801670502406234
718	0.0083212	0.37828879456144837
719	0.0094773	0.177000602652986
720	0.0084748	0.34547918899118024
721	0.0079567	0.463505791604623
722	0.00768	0.5347728909655408
723	0.0097541	0.14367342240619313
724	0.0082588	0.3921496558420168
725	0.0076217	0.5504656184108067
726	0.0079409	0.467427219321792
727	0.0085522	0.3296568560056006
728	0.0090172	0.24464041698716127
729	0.0081391	0.41958824878377043
730	0.00924	0.20990408718419534
731	0.0092562	0.20752556061775004
732	0.0083198	0.37859642110440883
733	0.0090008	0.24734843878866353
734	0.0084714	0.3461851746866823
735	0.007961	0.4624417563763218
736	0.0079602	0.46263961294479106
737	0.0078449	0.49164549230157717
738	0.0103436	0.0889322534166204
739	0.0092704	0.20545684783372956
740	0.0093527	0.19376231800608937
741	0.0079945	0.45419910950024833
742	0.0085229	0.33559025049173163
743	0.009023	0.24368771290244404
744	0.0086348	0.3132989223080112
745	0.0084723	0.3459982065499535
746	0.0070974	0.7008837684114587
747	0.0095256	0.17080276249169984
748	0.0087189	0.297203604234714
749	0.0087594	0.2896537823703364
750	0.0098495	0.1333793739577612
751	0.00842	0.356970048551032
752	0.0087783	0.2861752132036637
753	0.0092752	0.20476097280503056
754	0.0084576	0.3490600929003115
755	0.008994	0.24847742393311065
756	0.007774	0.5099561282014082
757	0.0087633	0.2889336557456924
758	0.0067693	0.8019263947529927
759	0.0071476	0.6858321526569457
760	0.00863	0.3142345926387278
761	0.0097815	0.1406562325694407
762	0.0081258	0.42270529275211277
763	0.0092365	0.21042055445103505
764	0.0075471	0.5708715921696212
765	0.0083315	0.37603028773198166
766	0.0085389	0.33234168095255723
767	0.0093007	0.2010929266530662
768	0.0091641	0.22131147536716422
769	0.0082982	0.3833622004972962
770	0.0092471	0.20885922297828402
771	0.0077037	0.528458801112281
772	0.0084272	0.3554466803787183
773	0.0076135	0.552690919636452
774	0.0077709	0.5107648158290374
775	0.0085598	0.3281290096856636
776	0.0071344	0.6897781544673256
777	0.0082254	0.3996939878259206
778	0.0088994	0.2645590304349778
779	0.0088399	0.2750345901510773
780	0.0076413	0.5451645833268655
781	0.0075436	0.5718377751738968
782	0.0095984	0.16177098088071637
783	0.0073177	0.635781943291372
784	0.008515	0.3372017627452569
785	0.0097747	0.14140042958980692
786	0.0090278	0.24290124600171353
787	0.0090452	0.2400653013473319
788	0.0094515	0.18037930574223235
789	0.0089604	0.2541089477746157
790	0.0096565	0.15482595645432698
791	0.0084972	0.34085100397421075
792	0.0085008	0.3401109175375737
793	0.0095749	0.16464608801867636
794	0.007691	0.5318375637097703
795	0.0082959	0.3838718280208756
796	0.008328	0.3767968040265832
797	0.0084727	0.3459151303003104
798	0.0080958	0.42978592926783443
799	0.0097539	0.1436956271488933
800	0.0094955	0.1746457553693253
801	0.008301	0.382742345193108
802	0.0079322	0.46959433095708303
803	0.0085314	0.3338619047524364
804	0.0088644	0.27068724815479067
805	0.0093634	0.1922786109893947
806	0.0078243	0.4969289292494702
807	0.0086348	0.3132989223080112
808	0.0075909	0.5588468641746293
809	0.0083894	0.36349025005255353
810	0.0075439	0.5717549289673391
811	0.0085105	0.33812193783419087
812	0.0084158	0.3578605805664715
813	0.007597	0.5571820196506981
814	0.0079595	0.46281277625413875
815	0.0076235	0.5499777300095707
816	0.0085565	0.32879185024880897
817	0.0094814	0.17646805707970406
818	0.0082086	0.4035215878059566
819	0.0093546	0.19349824264242338
820	0.0074035	0.61113726868088
821	0.0079783	0.4581747007732825
822	0.0092574	0.20735015617209232
823	0.0086176	0.31666025745408594
824	0.0081363	0.420243340747132
825	0.0093601	0.1927353073888775
826	0.0088082	0.2807300646692815
827	0.0087542	0.2906158339469157
828	0.0089773	0.2512653941002282
829	0.0093288	0.1971067852706037
830	0.0102141	0.09922683691749852
831	0.0083029	0.3823220798871677
832	0.008281	0.38718338532523255
833	0.0089712	0.25228918833307845
834	0.0098704	0.131202485337473
835	0.0080582	0.4387571026815672
836	0.0084009	0.36103113903249084
837	0.0089245	0.26022367371273786
838	0.0087661	0.28841738802750133
839	0.0080419	0.4426794671416715
840	0.0086671	0.3070504836776522
841	0.0094415	0.181701713728632
842	0.0077364	0.5198098609649084
843	0.0091724	0.22004276755723154
844	0.0094961	0.17456852410627038
845	0.0077761	0.5094086892743668
846	0.0097982	0.13884138348092218
847	0.0078624	0.4871809869503816
848	0.0080176	0.4485640687352074
849	0.0087392	0.29340304285616753
850	0.0083454	0.3729956573915866
851	0.0091163	0.22872032652103427
852	0.0087171	0.29754218487045286
853	0.0089749	0.2516678511929449
854	0.0090489	0.2394652833995836
855	0.0090528	0.23883398029117742
856	0.0089381	0.2578953308225063
857	0.0095293	0.17033478373654004
858	0.0070853	0.7045296915669903
859	0.0081629	0.41404430483803034
860	0.0089846	0.25004402094177547
861	0.0091099	0.2297255862082265
862	0.00954	0.16898685912005712
863	0.0083044	0.38199049187393486
864	0.0083981	0.36162891380682827
865	0.0085787	0.32434949079663133
866	0.0080512	0.44043909637141077
867	0.0081797	0.4101572177064938
868	0.0078908	0.47998267993963395
869	0.0087334	0.2944855672434077
870	0.0068028	0.7914232574600227
871	0.0083017	0.382587477605149
872	0.0076262	0.5492462979877959
873	0.008802	0.28185332441170197
874	0.0084336	0.354096031665744
875	0.0098008	0.138560465568635
876	0.0093579	0.19304021519529127
877	0.0088011	0.2820166318594549
878	0.0093819	0.18973310067199595
879	0.0090035	0.24690116523673636
880	0.0090128	0.24536490373967504
881	0.0085422	0.33167420449351115
882	0.0080517	0.44031883120355664
883	0.0088616	0.27118168441341234
884	0.0086541	0.30955531902652084
885	0.0086579	0.3088217409145998
886	0.0075456	0.571285575197227
887	0.009545	0.16835974411992372
888	0.0087821	0.2854792479259748
889	0.0099813	0.1201102121067607
890	0.0080142	0.4493909636195259
891	0.0091641	0.22131147536716422
892	0.0090053	0.24660329850247387
893	0.0094118	0.1856717553454327
894	0.0081099	0.42644946604191214
895	0.0092444	0.2092561197486866
896	0.0080529	0.4400302718284428
897	0.0082021	0.4050083874445095
898	0.0075685	0.5649810812654588
899	0.0083296	0.37644627679875153
900	0.0078762	0.4836759392296398
901	0.0084495	0.3507546020121999
902	0.0073321	0.6316164388431071
903	0.0091272	0.22701547659265814
904	0.007472	0.5917720428424257
905	0.0088335	0.27617804858203454
906	0.0080255	0.44664610075458056
907	0.009953	0.12286831871194095
908	0.0073874	0.6157293457556485
909	0.0087307	0.29499041512780794
910	0.0081631	0.413997901881078
911	0.0085097	0.3382856935665083
912	0.0085389	0.33234168095255723
913	0.0078178	0.49860230511624426
914	0.0086801	0.3045591381865965
915	0.0093975	0.18760602744670554
916	0.0079291	0.47036786314618595
917	0.0088991	0.26461114744066244
918	0.0077542999999999996	0.515106610032663
919	0.0090491	0.23943288021890738
920	0.0085653	0.32702620743393207
921	0.0070797	0.7062193729705714
922	0.0081591	0.4149265468939989
923	0.0099165	0.12649851754314462
924	0.0084889	0.3425612500970955
925	0.0081114	0.4260954162288342
926	0.0073188	0.6354633351406911
927	0.0092351	0.21062739919138276
928	0.0079984	0.4532449418841594
929	0.0077064	0.5277418962941343
930	0.0073136	0.6369700776585967
931	0.0079456	0.4662587964417044
932	0.008982	0.25047855314721584
933	0.0085366	0.33280740574299716
934	0.0096522	0.15533205393552563
935	0.0081784	0.41045722603765844
936	0.0075809	0.5615813452063112
937	0.008672	0.3061098541928678
938	0.0075094	0.5813195229499903
939	0.008984	0.2501442507348711
940	0.0088724	0.26927798699461075
941	0.0080161	0.44892876853519503
942	0.0087773	0.28635855274212313
943	0.0084678	0.34693369206922486
944	0.0077782	0.5088615589232905
945	0.0078355	0.4940526253970974
946	0.0072884000000000004	0.6442932202378527
947	0.009066	0.23670599816082274
948	0.0074426	0.6000489627100279
949	0.0089928	0.24867703102016125
950	0.008456	0.34939439711471076
951	0.0089889	0.24932653015866316
952	0.0075657	0.5657501341318265
953	0.0081574	0.41532159440620453
954	0.0089879	0.24949325964257638
955	0.0093582	0.1929986159560777
956	0.008585	0.32309598970468534
957	0.0081534	0.41625199603853213
958	0.0094053	0.18654912994999714
959	0.0082378	0.3968829429600855
960	0.0082774	0.3879861046643721
961	0.0088353	0.2758561229864066
962	0.009236	0.2104944106550989
963	0.0093675	0.19171231167873115
964	0.0078011	0.5029153243492753
965	0.0096421	0.15652574398740007
966	0.0085024	0.33978232181906687
967	0.0066946	0.825473728232483
968	0.0105166	0.07654396828677144
969	0.0079598	0.46273855897207505
970	0.0092869	0.20307197729550294
971	0.0083679	0.3681158118656529
972	0.0069248	0.7535059651491269
973	0.0099533	0.12283882300375228
974	0.0076285	0.5486236057890459
975	0.009885099999999999	0.12968798357884942
976	0.0076332	0.5473522351052886
977	0.0104522	0.0809798420859343
978	0.008801	0.28203478110094016
979	0.0072912	0.6434778098777196
980	0.0076712	0.5371270356322844
981	0.0068999	0.7611998995803888
982	0.0083713	0.3673818928243674
983	0.008163	0.4140211029740285
984	0.0074728	0.591547556663848
985	0.0094212	0.1844083509086935
986	0.0089901	0.24912655782605986
987	0.0076877	0.5327173020826657
988	0.0084511	0.3504194705639463
989	0.0076907	0.5319175094288867
990	0.0077707	0.5108170122811433
991	0.0091353	0.22575446516097242
992	0.0088734	0.2691021848463301
993	0.0088179	0.2789788257891819
994	0.0084635	0.3478291064736386
995	0.0084372	0.3533377218180104
996	0.0084371	0.3533587720743926
997	0.0080788	0.4338287519746681
998	0.0089971	0.2479622922582301
999	0.0074627	0.5943845670822698
