Dataset	Random-mean	P-value
0	0.08377172	5.923094338443903e-17
1	0.08270024	4.3060380857673887e-16
2	0.08393123	4.390978564147484e-17
3	0.08283625	3.3562005070789953e-16
4	0.0841407	2.959268952891725e-17
5	0.08340388	1.1765297244248933e-16
6	0.08568954	1.515111523639201e-18
7	0.08494764	6.365939860973558e-18
8	0.08599008	8.418533582716494e-19
9	0.08386079	5.0120919025722845e-17
10	0.08539614	2.6798569501461098e-18
11	0.08237167	7.837391827659422e-16
12	0.08457406	1.3007886519782714e-17
13	0.08475335	9.237737258261896e-18
14	0.08568462	1.5297123394045835e-18
15	0.08369711	6.810771804035149e-17
16	0.08473532	9.561776026043721e-18
17	0.08364711	7.477987094973122e-17
18	0.08585042	1.1066771198359055e-18
19	0.08376283	6.02254604368603e-17
20	0.08578837	1.2493677038540491e-18
21	0.08260949	5.082861668388356e-16
22	0.08374705	6.203157244587243e-17
23	0.08463082	1.1673732269108724e-17
24	0.08424861	2.4132345250574527e-17
25	0.08332341	1.366117946397906e-16
26	0.08540269	2.646053194846049e-18
27	0.08494304	6.422417228032945e-18
28	0.08534244	2.973599912191756e-18
29	0.08383898	5.221457576748999e-17
30	0.08353551	9.209144571419316e-17
31	0.08216906	1.1313308146428618e-15
32	0.08591953	9.666789282505886e-19
33	0.08333993	1.3248813329272448e-16
34	0.08244096	6.910081922428148e-16
35	0.08419189	2.6865016455240943e-17
36	0.08442787	1.7178864425595844e-17
37	0.08579378	1.2362341799188198e-18
38	0.08928054	1.0796044097328475e-21
39	0.08307981	2.143932134617767e-16
40	0.08552668	2.0801758197738656e-18
41	0.08431451	2.1301075074712945e-17
42	0.08401344	3.76177674021556e-17
43	0.08581059	1.1962913484654152e-18
44	0.08696256	1.2275528695152133e-19
45	0.08628646	4.699681083793415e-19
46	0.08424398	2.4344705781191552e-17
47	0.08434755	2.0007833914688515e-17
48	0.08134877	4.913829287686898e-15
49	0.08554535	2.0060526639673266e-18
50	0.08414063	2.959660087953744e-17
51	0.08313984	1.919009127273469e-16
52	0.08358642	8.375134606675173e-17
53	0.08548735	2.2453065648028594e-18
54	0.0897834	3.766361592948244e-22
55	0.08340041	1.1841404767868172e-16
56	0.0830207	2.3908085143826918e-16
57	0.08289594	3.007775069264253e-16
58	0.0849328	6.549926758865874e-18
59	0.08223484	1.0044157033962476e-15
60	0.08290181	2.9755045819092e-16
61	0.08304743	2.275871786512145e-16
62	0.08500952	5.65229537434498e-18
63	0.08261752	5.008880059653685e-16
64	0.08261754	5.008697130875354e-16
65	0.08535932	2.877987208204467e-18
66	0.08507901	4.944909791107298e-18
67	0.08395947	4.1639128478151586e-17
68	0.08472198	9.808737661833231e-18
69	0.08314505	1.900625174108961e-16
70	0.08320914	1.6882258419491124e-16
71	0.08326334	1.5270375457811476e-16
72	0.08585245	1.1022921736913197e-18
73	0.0844086	1.7819208535612732e-17
74	0.0861821	5.772731108660009e-19
75	0.08486455	7.466137500967484e-18
76	0.08492113	6.698298250514286e-18
77	0.08344328	1.0934320914814073e-16
78	0.08669323	2.0999414927711264e-19
79	0.08337743	1.2357850403862582e-16
80	0.08558712	1.8495516313610397e-18
81	0.08616784	5.937054724157585e-19
82	0.08610879	6.668247705782501e-19
83	0.08565994	1.6050816920840586e-18
84	0.08320428	1.7034751478891093e-16
85	0.08447119	1.5821237610385867e-17
86	0.0823049	8.846863368673193e-16
87	0.08268923	4.39364148665263e-16
88	0.08676716	1.8126911273650494e-19
89	0.08585894	1.0883883621493116e-18
90	0.08441427	1.7628381691285482e-17
91	0.08283729	3.349801297880737e-16
92	0.08270679	4.2547424595060294e-16
93	0.08238161	7.69717814213038e-16
94	0.08546103	2.3629925715047493e-18
95	0.08245247	6.766909566921916e-16
96	0.08207402	1.343118270663218e-15
97	0.08632057	4.39376543112412e-19
98	0.08450054	1.496228925348358e-17
99	0.08427012	2.3169539926687463e-17
100	0.08276422	3.8300718757050627e-16
101	0.08681358	1.652591573508941e-19
102	0.08456939	1.3124144253519766e-17
103	0.08368468	6.970929760975131e-17
104	0.08308996	2.104151135165047e-16
105	0.0845971	1.244905683094615e-17
106	0.08546818	2.330431590543108e-18
107	0.08591157	9.818650696553405e-19
108	0.08325904	1.5392499047100477e-16
109	0.08289319	3.023011958181972e-16
110	0.08407363	3.35846528846105e-17
111	0.084491	1.5236299433763694e-17
112	0.08653482	2.875965675029657e-19
113	0.08688373	1.4368464115552515e-19
114	0.08574276	1.3657255349390967e-18
115	0.08220262	1.0647188801459697e-15
116	0.08316034	1.8476717861564706e-16
117	0.08393648	4.347858757442475e-17
118	0.08485831	7.555976000003798e-18
119	0.08345334	1.0731615395065188e-16
120	0.08606281	7.29873038221627e-19
121	0.08456991	1.3111148392889725e-17
122	0.08426508	2.3391669725929875e-17
123	0.08356277	8.75285054694862e-17
124	0.08441635	1.7558886040580753e-17
125	0.08257155	5.447264589828559e-16
126	0.08710507	9.229507070791879e-20
127	0.08533767	3.0011834608680177e-18
128	0.08432102	2.1039887663115084e-17
129	0.08340373	1.1768577175738803e-16
130	0.08334195	1.3199242482455498e-16
131	0.08276542	3.8216604431470507e-16
132	0.08508559	4.8826519851887696e-18
133	0.08294253	2.7608695868050004e-16
134	0.08215543	1.1595445876091248e-15
135	0.08625344	5.015880791027505e-19
136	0.08326047	1.535177912846958e-16
137	0.08268983	4.38882243285819e-16
138	0.08415236	2.8948252534743636e-17
139	0.08363305	7.676977071476624e-17
140	0.08522671	3.719323028458581e-18
141	0.08274639	3.9572276199714165e-16
142	0.08457993	1.2863199098262502e-17
143	0.08299336	2.5142991561006937e-16
144	0.08519776	3.933128403701561e-18
145	0.08527029	3.4189721136780183e-18
146	0.08569724	1.4925370442863833e-18
147	0.08328008	1.4803997203155641e-16
148	0.08583706	1.1359695340092693e-18
149	0.08631021	4.48453299258707e-19
150	0.08692067	1.3347031937657962e-19
151	0.08547352	2.3064033253050817e-18
152	0.0848655	7.452553161474903e-18
153	0.0859311	9.45019285537342e-19
154	0.08410073	3.1911327570238565e-17
155	0.08361066	8.004715972703523e-17
156	0.08217602	1.1171862938410292e-15
157	0.08573255	1.393207351212773e-18
158	0.08407031	3.379552489594537e-17
159	0.08416697	2.8160327228485257e-17
160	0.08572947	1.4016046033122044e-18
161	0.08532938	3.0497258261272365e-18
162	0.08301298	2.425058305058525e-16
163	0.08402829	3.65803175164907e-17
164	0.08357767	8.512965911850093e-17
165	0.08462205	1.1870660583543217e-17
166	0.08268941	4.392195222010568e-16
167	0.08573253	1.3932617178793122e-18
168	0.08396853	4.093555005758095e-17
169	0.08264231	4.787130734015852e-16
170	0.08557331	1.8999083548236437e-18
171	0.0833454	1.3115002878105081e-16
172	0.08574917	1.3487468952173824e-18
173	0.08299214	2.5199541948206424e-16
174	0.08472617	9.730496734980639e-18
175	0.08549511	2.2117295674562134e-18
176	0.08459043	1.2608347705633096e-17
177	0.08539450999999999	2.6883353708226118e-18
178	0.08319559	1.731081906770722e-16
179	0.08310547	2.0447670870569584e-16
180	0.08640446	3.7227340573163236e-19
181	0.08373079	6.394862695252613e-17
182	0.08197776	1.5974572034716122e-15
183	0.08576101	1.3179329316876015e-18
184	0.08404803	3.524491894804515e-17
185	0.08257851	5.3785362609048e-16
186	0.08540858	2.6160161281606003e-18
187	0.08447473	1.571510505764325e-17
188	0.08559958	1.805252338151114e-18
189	0.08622472	5.3079711797409755e-19
190	0.08706414	1.001813670593541e-19
191	0.08598063	8.575990876718275e-19
192	0.08179823	2.2051978495095814e-15
193	0.08277755	3.737652695919941e-16
194	0.0849074	6.877121888381175e-18
195	0.08328041	1.47949462824372e-16
196	0.08582399	1.1653683985182385e-18
197	0.08728281	6.459914160787131e-20
198	0.08491291	6.804797634195472e-18
199	0.08397018	4.0808686036678656e-17
200	0.08581557	1.1847053926417748e-18
201	0.08417034	2.798161270085321e-17
202	0.08308386	2.1279706118383366e-16
203	0.08339048	1.206189808982154e-16
204	0.0857026	1.4770197012277712e-18
205	0.08584434	1.1199139185184001e-18
206	0.08461052	1.2134571209770191e-17
207	0.08444217	1.6718434215399035e-17
208	0.083517	9.532297244913242e-17
209	0.0835436	9.071330061088695e-17
210	0.08596256	8.885236428467792e-19
211	0.08368635	6.949197603255458e-17
212	0.08347366	1.0333433638549621e-16
213	0.08491387	6.7922738701142615e-18
214	0.08392993	4.40172098694871e-17
215	0.08557969	1.8764779265702045e-18
216	0.0845815	1.2824771303806563e-17
217	0.08721165	7.452908435119131e-20
218	0.08368834	6.923388629505258e-17
219	0.08423222	2.4892435394074857e-17
220	0.0841486	2.915453352503551e-17
221	0.08336135	1.273240187309321e-16
222	0.08603842	7.656764834173495e-19
223	0.08414631	2.9280878860445236e-17
224	0.08476693	9.000868794401998e-18
225	0.0864252	3.5731364693537454e-19
226	0.08315745	1.8575676514165563e-16
227	0.08615415	6.099163998479387e-19
228	0.0864859	3.168666001326948e-19
229	0.08469802	1.0268249911265467e-17
230	0.08465029	1.1248013423570503e-17
231	0.08265549	4.673211268412596e-16
232	0.08296043	2.671428060906453e-16
233	0.08539788	2.6708355631717976e-18
234	0.08385657	5.0519437659287603e-17
235	0.08264231	4.787130734015852e-16
236	0.08488097	7.234752755002674e-18
237	0.08092232	1.0427139140765427e-14
238	0.08114373	7.062159813951522e-15
239	0.08445668	1.6263718651774997e-17
240	0.08579808	1.2258928849968567e-18
241	0.08615231	6.121283671066509e-19
242	0.08508701	4.86931848946001e-18
243	0.08383163	5.29394358347844e-17
244	0.08370893	6.661849431088577e-17
245	0.07882668	3.756566030984444e-13
246	0.08519578	3.948187843574588e-18
247	0.08418728	2.710011421112832e-17
248	0.08422256	2.5351457631458885e-17
249	0.08613229	6.367148632321735e-19
250	0.08752413	3.972047241698135e-20
251	0.0868265	1.6105788041944797e-19
252	0.08511418	4.621026128479818e-18
253	0.08137004	4.7319028830095364e-15
254	0.08091634	1.0537153179303156e-14
255	0.08660492	2.502632809254828e-19
256	0.08240595	7.364211295464676e-16
257	0.08510351	4.71700345724415e-18
258	0.08243656	6.965600113781472e-16
259	0.08540879	2.614951449560124e-18
260	0.08230069	8.914650093773024e-16
261	0.08580691	1.2049248477329695e-18
262	0.08306282	2.2121906134762027e-16
263	0.08588258	1.0391954062799172e-18
264	0.08211743	1.2419238805240265e-15
265	0.08460222	1.2328134385881025e-17
266	0.08218496	1.0992738098915757e-15
267	0.08271949	4.156997381637185e-16
268	0.08295911	2.677924823973324e-16
269	0.08152282	3.6066742723516195e-15
270	0.08597397	8.688708584330208e-19
271	0.08334905	1.3026458157445308e-16
272	0.08824615	9.149408249074854e-21
273	0.08641574	3.6406183498792033e-19
274	0.08330684	1.4087529892127365e-16
275	0.08544743	2.426174254021722e-18
276	0.08434604	2.0065207393668732e-17
277	0.08601937	7.948455826419296e-19
278	0.08606155	7.316813768767022e-19
279	0.08357338	8.581359285828996e-17
280	0.08443121	1.7070213548908318e-17
281	0.08372807	6.427498329597862e-17
282	0.08564128	1.6644959977840796e-18
283	0.08269327	4.361293791946683e-16
284	0.08424718	2.4197737673462885e-17
285	0.08291301	2.914878251655313e-16
286	0.08381946	5.4161578552210946e-17
287	0.08568365	1.5326073467561023e-18
288	0.08349852	9.866101063013687e-17
289	0.08255888	5.574611602526779e-16
290	0.08608704	6.9594648394835625e-19
291	0.08300518	2.4601552450874986e-16
292	0.08529402	3.2656517078838313e-18
293	0.08162772	2.991503960839828e-15
294	0.08457968	1.2869328675534414e-17
295	0.08415822	2.8629635086962967e-17
296	0.0859817	8.558017035017432e-19
297	0.08139685	4.512033898278588e-15
298	0.08498972	5.871576596957828e-18
299	0.08115253	6.953331731836657e-15
300	0.08581523	1.1854928568441114e-18
301	0.08448014	1.5554266909635003e-17
302	0.08470981	1.0039537028629921e-17
303	0.08369435	6.846016701625764e-17
304	0.08796159	1.635696188074577e-20
305	0.08126208	5.729433141660193e-15
306	0.08447416	1.5732146514239204e-17
307	0.08313759	1.9270026723831554e-16
308	0.08572964	1.4011398152540258e-18
309	0.08649633	3.103883557616131e-19
310	0.08622347	5.321059463833219e-19
311	0.08250985	6.095721026619211e-16
312	0.08459015	1.2615078485423324e-17
313	0.08486613	7.443558085568838e-18
314	0.08484091	7.812174410713953e-18
315	0.08541888	2.564298273994904e-18
316	0.08515001	4.312653588383969e-18
317	0.08482166	8.105632307129519e-18
318	0.0842081	2.605424979315953e-17
319	0.0862819	4.742143903704964e-19
320	0.08392052	4.480258119893118e-17
321	0.08078438	1.3278203768350665e-14
322	0.08240952	7.316585696062095e-16
323	0.08554151	2.0210814806246465e-18
324	0.0866397	2.3356405771670937e-19
325	0.08467629	1.0703371312503707e-17
326	0.08403096	3.63968096525094e-17
327	0.08423194	2.490562400382655e-17
328	0.0828226	3.441317912611102e-16
329	0.08711841	8.986010837667543e-20
330	0.08474806	9.331667423564693e-18
331	0.0842672	2.3297978744501188e-17
332	0.08099312	9.207663004353651e-15
333	0.08656156	2.7274614042334857e-19
334	0.08716213	8.231728392486702e-20
335	0.08512896	4.491263366506397e-18
336	0.08462188	1.1874510177192373e-17
337	0.08475604	9.190332459848246e-18
338	0.08638907	3.837734757628568e-19
339	0.08386894	4.9360044288056916e-17
340	0.0827887	3.662042379272931e-16
341	0.08703118	1.0701422092375304e-19
342	0.08665853	2.249884952228263e-19
343	0.08392821	4.4159739758580826e-17
344	0.08384969	5.1175881857794465e-17
345	0.0819711	1.6167166024550974e-15
346	0.08351874	9.50144866522772e-17
347	0.0820811	1.3260752487665283e-15
348	0.08383209	5.289378008693679e-17
349	0.08427137	2.3114771803635675e-17
350	0.08483162	7.952460304000254e-18
351	0.0841839	2.727377663906645e-17
352	0.08234624	8.207690956796727e-16
353	0.08285621	3.235466780946885e-16
354	0.08331671	1.383201454966236e-16
355	0.08473339	9.597121589104283e-18
356	0.08290801	2.941791293488928e-16
357	0.08583846	1.1328643218787035e-18
358	0.08079133	1.3117729619285325e-14
359	0.08499946	5.7626760491214814e-18
360	0.08520866	3.851237394680871e-18
361	0.08636962	3.9881170840324654e-19
362	0.08712086	8.941987512312678e-20
363	0.08603242	7.747474011968235e-19
364	0.08466676	1.0899906447706607e-17
365	0.08496009	6.215535221776473e-18
366	0.08166231	2.8123207606182857e-15
367	0.08532797	3.0580590848215477e-18
368	0.08540429	2.637860121880008e-18
369	0.08345426	1.0713264120560036e-16
370	0.08417375	2.7801918455857474e-17
371	0.0833065	1.4096414445347573e-16
372	0.08528114	3.3480056673795403e-18
373	0.08565843	1.609810517849142e-18
374	0.0841516	2.8989830930067756e-17
375	0.08646867	3.2786294465722285e-19
376	0.08368167	7.010269483440723e-17
377	0.08652218	2.948923466318685e-19
378	0.08248017	6.434248187991822e-16
379	0.08541124	2.6025618366095793e-18
380	0.08462506	1.1802704180420623e-17
381	0.08446486	1.601278695308436e-17
382	0.08630385	4.5411722859453485e-19
383	0.08448683	1.535762437367397e-17
384	0.08164667	2.8919877679462818e-15
385	0.08428016	2.273324088376481e-17
386	0.08570369	1.47388371404706e-18
387	0.08761116	3.3312564191091795e-20
388	0.08355685	8.850004180982959e-17
389	0.08171788	2.546387373279748e-15
390	0.08587703	1.0505430317463402e-18
391	0.08236221	7.973175791789686e-16
392	0.08424441	2.432490572667776e-17
393	0.08495788	6.241974506192667e-18
394	0.08591343	9.782955419626392e-19
395	0.08363392	7.664513557216998e-17
396	0.08566525	1.5885614274061575e-18
397	0.08476151999999999	9.094503750114543e-18
398	0.08216314	1.1435008292278744e-15
399	0.08347744	1.0260989904935138e-16
400	0.0835245	9.400031455927617e-17
401	0.08586628	1.0728726553278004e-18
402	0.08424074	2.449441020515613e-17
403	0.08287721	3.113072934283281e-16
404	0.08424026	2.45166659185656e-17
405	0.08518667	4.0182148669919966e-18
406	0.08427209	2.308328348914155e-17
407	0.08318103	1.778330885786159e-16
408	0.08372525	6.461507623380079e-17
409	0.08286067	3.209081308904413e-16
410	0.0825286	5.890990391576487e-16
411	0.08365336	7.391176410050123e-17
412	0.08525057	3.551786055729445e-18
413	0.08415606	2.874667216385399e-17
414	0.08174685	2.417753857898397e-15
415	0.08396838	4.094710246577938e-17
416	0.08581653	1.1824847579197232e-18
417	0.08703325	1.0657182929506787e-19
418	0.08303263	2.3388187147989524e-16
419	0.08536951	2.8217476140550124e-18
420	0.08514715	4.3365018237556415e-18
421	0.08507238	5.0084349526513406e-18
422	0.0811574	6.893818110080932e-15
423	0.08795342	1.6631342338801583e-20
424	0.08235775	8.037995524700717e-16
425	0.08122702	6.095995772248683e-15
426	0.08282553	3.4228693889633113e-16
427	0.08488945	7.11804800876437e-18
428	0.08222822	1.0165239848961317e-15
429	0.08365568	7.359206419870058e-17
430	0.08504415	5.288080609515681e-18
431	0.08282183	3.4461824350738163e-16
432	0.08153021	3.559523641794835e-15
433	0.08530611	3.190174120538891e-18
434	0.08505051	5.223760510315695e-18
435	0.08249736	6.235981966718407e-16
436	0.08272201	4.1378676753168214e-16
437	0.0803746	2.7096607673973148e-14
438	0.08097116	9.57003037099536e-15
439	0.08336764	1.2584571527754071e-16
440	0.08508486	4.889520580292399e-18
441	0.08522887999999999	3.703768233421171e-18
442	0.08285813	3.224081845179166e-16
443	0.0819836	1.5807555682531842e-15
444	0.08433129	2.0634270279100348e-17
445	0.08349797	9.876210730860502e-17
446	0.08601289	8.050162786359222e-19
447	0.08446769	1.5926867739832177e-17
448	0.08410745	3.1509313238209737e-17
449	0.0849748	6.042353522492906e-18
450	0.08485919	7.543241995992745e-18
451	0.08427208	2.308372053624389e-17
452	0.08330351	1.4174785075821292e-16
453	0.08327411	1.4968684609637594e-16
454	0.08436677	1.929157748249174e-17
455	0.08386479	4.974604575999725e-17
456	0.08367874	7.048774375232237e-17
457	0.0851595	4.2344466357111265e-18
458	0.08449678	1.506969808540151e-17
459	0.08192017	1.7717735115369582e-15
460	0.08714589	8.504292537886101e-20
461	0.08494179	6.4378497987191556e-18
462	0.08222734	1.0181443588155526e-15
463	0.08474793	9.333987580010922e-18
464	0.08475721	9.169789180086694e-18
465	0.08585422	1.0984828836849074e-18
466	0.08432738	2.0787777389317226e-17
467	0.08509645	4.781590098105092e-18
468	0.08159532	3.1695397973174997e-15
469	0.08634482	4.1883530664101006e-19
470	0.08460301	1.230958017109788e-17
471	0.08449092	1.523861806823746e-17
472	0.08599315	8.367999275949327e-19
473	0.08161998	3.033115952697526e-15
474	0.08256261	5.536818794802213e-16
475	0.08351261	9.610568460811387e-17
476	0.0827383	4.016288569686346e-16
477	0.08795725	1.650215271140026e-20
478	0.08523511	3.659467683421603e-18
479	0.08668876	2.1186871569731578e-19
480	0.08238112	7.704031670673245e-16
481	0.08273329	4.0532996801962655e-16
482	0.08445176	1.6416514578673386e-17
483	0.08634122	4.218235185309601e-19
484	0.08346763	1.0450046296303647e-16
485	0.08371941	6.532504826496224e-17
486	0.08717222	8.0667599537704e-20
487	0.08598184	8.555668077797888e-19
488	0.08656478	2.7100989890928135e-19
489	0.08338745	1.2129982877233384e-16
490	0.08538324	2.7476867407302e-18
491	0.08418207	2.7368259653720635e-17
492	0.08557547	1.8919435571683187e-18
493	0.08701929	1.0959075791038792e-19
494	0.08241501	7.2439391996657745e-16
495	0.0845238	1.431446861972189e-17
496	0.08440121	1.8070992104583555e-17
497	0.08422448	2.5259561844012547e-17
498	0.0848211	8.114330515009869e-18
499	0.08345198	1.0758800284800206e-16
500	0.08412929	3.0237035397835574e-17
501	0.08417679	2.7642684124533145e-17
502	0.08247815	6.457951391507562e-16
503	0.08419303	2.680719117812009e-17
504	0.08403069	3.641532518574583e-17
505	0.08357842	8.501064478063134e-17
506	0.08438413	1.8666463889111835e-17
507	0.08300456	2.4629664346722215e-16
508	0.08443195	1.7046233314804693e-17
509	0.08334151	1.3210024455744945e-16
510	0.08502369	5.500358497525521e-18
511	0.08487834	7.27133081927197e-18
512	0.08772177	2.662694160735381e-20
513	0.08554534	2.0060916575183716e-18
514	0.08456646	1.319760941939807e-17
515	0.08354181	9.101646323778548e-17
516	0.08346567	1.0488229582054205e-16
517	0.08481926	8.142975400903664e-18
518	0.08398298	3.983764295203505e-17
519	0.08197456	1.6066825345742291e-15
520	0.08368817	6.92558971005949e-17
521	0.08651326	3.001509559028136e-19
522	0.08516555	4.185322815291568e-18
523	0.08595027	9.101845597959966e-19
524	0.08501911	5.5490199794021205e-18
525	0.08453253	1.4078554207936668e-17
526	0.08432054	2.1059037095486584e-17
527	0.08295379	2.7042673435125226e-16
528	0.08519669	3.941259514276181e-18
529	0.08379194	5.702899688825755e-17
530	0.08357913	8.489812940545999e-17
531	0.0857492	1.3486679252340734e-18
532	0.08628207	4.740554064751271e-19
533	0.08355402	8.896823324214751e-17
534	0.08838222	6.922794570328807e-21
535	0.08639495	3.7933874555533553e-19
536	0.08443116	1.7071835037688648e-17
537	0.08379436	5.677094316530907e-17
538	0.08165336	2.8576412911536095e-15
539	0.0843729	1.906851398799855e-17
540	0.08313808	1.925259058537789e-16
541	0.08407208	3.3682939774818866e-17
542	0.08441081	1.7744588091865268e-17
543	0.08319734	1.7254871151760302e-16
544	0.08665223	2.278223531502355e-19
545	0.07952257	1.1668450947071813e-13
546	0.08338911	1.2092635399219523e-16
547	0.08610086	6.773000109425531e-19
548	0.0847844	8.704965972458367e-18
549	0.08205809	1.3822596927246092e-15
550	0.08528809	3.3033157679368157e-18
551	0.0829266	2.8429514311630793e-16
552	0.08418171	2.7386884535344518e-17
553	0.0821244	1.22639282764667e-15
554	0.08325177	1.5601171967524187e-16
555	0.08299835	2.4912993401205923e-16
556	0.08349666	9.900331372632979e-17
557	0.08737528	5.362985258253163e-20
558	0.08516516	4.188472401801391e-18
559	0.08423652	2.46907612418603e-17
560	0.08392973	4.403375971787423e-17
561	0.08207743	1.3348828729645578e-15
562	0.08584277	1.1233573548835053e-18
563	0.08490798	6.869473140237279e-18
564	0.08300248	2.4724207246312546e-16
565	0.08556713	1.922880277544821e-18
566	0.0820003	1.5339411141240183e-15
567	0.08528472	3.3249113412559555e-18
568	0.08205709	1.3847540020959771e-15
569	0.08505495	5.1793171840802054e-18
570	0.08394136	4.3081533946747453e-17
571	0.08377628	5.872713662166589e-17
572	0.08431928	2.1109386393062762e-17
573	0.08242796	7.075387816446607e-16
574	0.08301845	2.400740995460755e-16
575	0.08368779	6.930512273787886e-17
576	0.08511209	4.639672395816718e-18
577	0.08544061	2.458484488017018e-18
578	0.08401377	3.759439997364817e-17
579	0.08341918	1.143544641352274e-16
580	0.08539479999999999	2.68682500146071e-18
581	0.0815005	3.75285686679497e-15
582	0.08450686	1.4783454254379852e-17
583	0.08474358	9.411953439468419e-18
584	0.0815769	3.2753768232564795e-15
585	0.08165404	2.854172789820541e-15
586	0.08558394	1.861028811754876e-18
587	0.08400583	3.816063598811449e-17
588	0.08346434	1.0514218160323696e-16
589	0.08643565	3.500031590443071e-19
590	0.08383814	5.229691779313765e-17
591	0.08725028	6.896440321440661e-20
592	0.08208875	1.3079000501000877e-15
593	0.08632056	4.39385216153836e-19
594	0.08335038	1.2994340978962206e-16
595	0.08505452	5.183604968401849e-18
596	0.0861213	6.506246995317353e-19
597	0.08585021	1.1071317192131327e-18
598	0.08591773	9.70092507159792e-19
599	0.08517145	4.137960107368137e-18
600	0.08665354	2.27230194543924e-19
601	0.08277083	3.783964902545589e-16
602	0.08237292	7.819621627231664e-16
603	0.08542469	2.535573066301775e-18
604	0.08933333	9.670310234892414e-22
605	0.0863157	4.436204364760468e-19
606	0.08211077	1.2569455218547858e-15
607	0.08289829	2.9948145885471347e-16
608	0.08418763	2.7082194006550888e-17
609	0.08336052	1.2752036618526418e-16
610	0.08683474	1.5843385354587204e-19
611	0.08535877	2.8810540611564946e-18
612	0.08326476	1.5230256946218558e-16
613	0.08789772	1.862745053073161e-20
614	0.08604618	7.541005232073456e-19
615	0.08484546	7.744361932413455e-18
616	0.0856022	1.7960718799038738e-18
617	0.08341545	1.151500863055181e-16
618	0.08287602	3.119884663389372e-16
619	0.08720884	7.495079938907252e-20
620	0.08569454	1.5004146148121232e-18
621	0.08522939	3.700121849706486e-18
622	0.08190264	1.828468882443095e-15
623	0.08537698	2.7812120932099362e-18
624	0.08422895	2.5046891066930683e-17
625	0.08543249	2.4975092265154272e-18
626	0.08413067	3.015837256057269e-17
627	0.08583214	1.1469491122762823e-18
628	0.08411493	3.106771992759629e-17
629	0.08203229	1.4480543927964592e-15
630	0.0824691	6.565209403504702e-16
631	0.08406543	3.410785965799214e-17
632	0.08409644	3.217061838640123e-17
633	0.08514814	4.328231936408006e-18
634	0.08735574	5.578231983703068e-20
635	0.08343128	1.1181070229511092e-16
636	0.08644913	3.4079133223725204e-19
637	0.08098543	9.332990917053427e-15
638	0.08626039	4.947623501576044e-19
639	0.08603897	7.648502619960752e-19
640	0.0826918	4.373036553828511e-16
641	0.08293538	2.7974173994080404e-16
642	0.08500028	5.753599551406409e-18
643	0.08324061	1.5926951623841224e-16
644	0.08424003	2.452733719936877e-17
645	0.08224641	9.835946359860063e-16
646	0.08475955	9.128838790642904e-18
647	0.08587151	1.0619509621487771e-18
648	0.08479806	8.480317661826084e-18
649	0.08523399	3.667392988900643e-18
650	0.08362619	7.775956856051656e-17
651	0.08330203	1.4213736372146728e-16
652	0.08574345	1.363887768117305e-18
653	0.08249143	6.303686194128284e-16
654	0.084593	1.2546734441909735e-17
655	0.08543347	2.4927670102011308e-18
656	0.08587547	1.0537546585422688e-18
657	0.0832714	1.5044038355189165e-16
658	0.08339041	1.2063466735918596e-16
659	0.08330808	1.4055174268432176e-16
660	0.085551	1.984140814260233e-18
661	0.081501	3.74951902688402e-15
662	0.083264	1.5251715854334137e-16
663	0.08205709	1.3847540020959771e-15
664	0.08484448	7.758918321525168e-18
665	0.08465299	1.1190202391219653e-17
666	0.08481141	8.266311076864727e-18
667	0.08535595	2.8968295228624764e-18
668	0.08531762	3.1199223483450444e-18
669	0.08562138	1.7302579169344948e-18
670	0.08346141	1.0571695937660947e-16
671	0.08264497999999999	4.763833581154822e-16
672	0.08202269	1.47331736964346e-15
673	0.08438714	1.856013370285888e-17
674	0.08620398	5.529313776085932e-19
675	0.08379148	5.707817940557588e-17
676	0.08518746	4.012093920725418e-18
677	0.08297541	2.5987818280461827e-16
678	0.08455318	1.3535716607183357e-17
679	0.08315274	1.873807849852126e-16
680	0.0815082	3.70177769189348e-15
681	0.08457823	1.2904937233312851e-17
682	0.08468451	1.0536670312791901e-17
683	0.08409423	3.230500426545443e-17
684	0.08556517	1.9302231238546356e-18
685	0.08525124	3.547190949773067e-18
686	0.0809061	1.0728202980822309e-14
687	0.08249559	6.256114943561593e-16
688	0.08254914	5.674503845028883e-16
689	0.08834871	7.41541315260077e-21
690	0.08419181	2.686907899744008e-17
691	0.08476016	9.118193446510433e-18
692	0.08338927	1.208904165218655e-16
693	0.0861155	6.580864953634125e-19
694	0.08183494	2.064735155614651e-15
695	0.08358239	8.438339600788822e-17
696	0.08093381	1.0218927550294422e-14
697	0.08354328	9.076742392610557e-17
698	0.08407259	3.3650568866101076e-17
699	0.08476436	9.045230218699826e-18
700	0.08563677	1.6791795939334273e-18
701	0.08668311	2.142618609868897e-19
702	0.08404522	3.5432029525630384e-17
703	0.08464808	1.1295552595168366e-17
704	0.08626638	4.889532969027719e-19
705	0.08742651	4.836935650960235e-20
706	0.08416689	2.8164583394769197e-17
707	0.08109562	7.687505234278312e-15
708	0.08284049	3.330186923251985e-16
709	0.08583289	1.1452686356316278e-18
710	0.08465834	1.10765176154572e-17
711	0.08387948	4.8392952254303066e-17
712	0.08409107	3.249812253270703e-17
713	0.08300668	2.4533670850189137e-16
714	0.08219521	1.0790852930511886e-15
715	0.08531869	3.1134698557434187e-18
716	0.08483398	7.916588201747525e-18
717	0.08431438	2.1306323317744743e-17
718	0.08344033	1.0994476618133377e-16
719	0.08685396	1.524766669083896e-19
720	0.08434321	2.0173173697874757e-17
721	0.08578592	1.2553607595425364e-18
722	0.08218927	1.0907397482946161e-15
723	0.08700441	1.129019355272118e-19
724	0.08146583	3.991595897627823e-15
725	0.08565858	1.6093401507924211e-18
726	0.08499809	5.777872055138211e-18
727	0.08416968	2.8016524640072444e-17
728	0.08428022	2.273065809455104e-17
729	0.08362985	7.722992468351543e-17
730	0.08574872	1.3499319943113486e-18
731	0.08284271	3.3166461482687413e-16
732	0.08607433	7.135434631898882e-19
733	0.0857396	1.3741733379241197e-18
734	0.08243225	7.020409695526872e-16
735	0.08627567	4.800772401969057e-19
736	0.08500384	5.714357975583657e-18
737	0.0828966	3.004129519463591e-16
738	0.08237455	7.796509040723168e-16
739	0.08365046	7.43133199665278e-17
740	0.08230786	8.799508311246906e-16
741	0.083505	9.74775813560899e-17
742	0.08430838	2.1549946371525348e-17
743	0.08632613	4.345804849737754e-19
744	0.08441181	1.771092481509606e-17
745	0.08273371	4.0501840586502667e-16
746	0.08792619	1.7579184565007154e-20
747	0.08484272	7.785128389231086e-18
748	0.08105376	8.275834978377685e-15
749	0.08233028	8.448861413848327e-16
750	0.08346416	1.0517740297330443e-16
751	0.08551815	2.1149373000503746e-18
752	0.0850572	5.1569382556425735e-18
753	0.08433622	2.044231468113226e-17
754	0.08550507	2.1693606013117966e-18
755	0.08492414	6.6597141487989454e-18
756	0.08625214	5.028751454711044e-19
757	0.08248003	6.435888209688287e-16
758	0.08272637	4.10497539311283e-16
759	0.08395361	4.2100555549452327e-17
760	0.08370089	6.76279247402409e-17
761	0.08264079	4.800443759672276e-16
762	0.08461575	1.2014150045601975e-17
763	0.08218116	1.106852702704761e-15
764	0.08357554	8.546855852830082e-17
765	0.08423642	2.4695432937536505e-17
766	0.08533403	3.022402724334496e-18
767	0.08416625	2.819865563044911e-17
768	0.08125042	5.8488614683953424e-15
769	0.08051795	2.1130123818245182e-14
770	0.08550452	2.1716791569888707e-18
771	0.08485232	7.643220846710695e-18
772	0.08195655	1.6595932531575611e-15
773	0.08541316	2.592893039844971e-18
774	0.08339404	1.1982386473654626e-16
775	0.08375525	6.108645267773228e-17
776	0.08413776	2.975740711327054e-17
777	0.08819499	1.015901334903732e-20
778	0.08694454	1.2725599065050854e-19
779	0.08432732	2.079014177302804e-17
780	0.08082958	1.22681801861525e-14
781	0.08581678	1.1819071440963263e-18
782	0.08498521	5.922689004189902e-18
783	0.08351106	9.638355531628817e-17
784	0.0815882	3.210043422186185e-15
785	0.08615842	6.04813636383129e-19
786	0.08610611	6.703468849049413e-19
787	0.08345587	1.0681223984411364e-16
788	0.08194354	1.6988811301389004e-15
789	0.08422298	2.5331327222509987e-17
790	0.08276308	3.8380796736077127e-16
791	0.08147886	3.9001626170406185e-15
792	0.08467305	1.0769792672094683e-17
793	0.08440258	1.8024050865817463e-17
794	0.08510631	4.6916280683600775e-18
795	0.08285047	3.2697403584373607e-16
796	0.08407712	3.336438566798802e-17
797	0.08402352	3.691043704736531e-17
798	0.084702	1.0190471912339086e-17
799	0.08034839	2.8354546041847322e-14
800	0.083351	1.2979395814462589e-16
801	0.0841295	3.0225051892730675e-17
802	0.08333129	1.3462923597015677e-16
803	0.08391825	4.499410294012274e-17
804	0.08529339	3.2696328575326935e-18
805	0.08235255	8.114227333902108e-16
806	0.08452935	1.416404005613674e-17
807	0.08466568	1.0922402998115222e-17
808	0.08437356	1.904464998722364e-17
809	0.08664171	2.3263344564446506e-19
810	0.08193078	1.7383054360855701e-15
811	0.08538901	2.7171398969923377e-18
812	0.08516806	4.165108395981613e-18
813	0.08548397	2.2600888440437398e-18
814	0.08189401	1.857034053605661e-15
815	0.08538191	2.7547759192176997e-18
816	0.08675404	1.8606621439125968e-19
817	0.0853125	3.150981433758323e-18
818	0.08400434	3.826783009490925e-17
819	0.08170835	2.590161457532383e-15
820	0.0822544	9.694653909319964e-16
821	0.08467057	1.0820909022635519e-17
822	0.0838552	5.064948684569858e-17
823	0.08538861	2.7192466450466137e-18
824	0.08358599	8.381856202397747e-17
825	0.08868017	3.750115352820973e-21
826	0.08470785	1.0077206563213376e-17
827	0.08573657	1.3823221688373658e-18
828	0.08305249	2.25473704928442e-16
829	0.08330558	1.412048277130022e-16
830	0.08379106	5.712312179829454e-17
831	0.08497674	6.0198730345723614e-18
832	0.08307696	2.1552351665248426e-16
833	0.08491227	6.813159498110281e-18
834	0.08545227	2.4034996856893335e-18
835	0.08401223	3.770357089251112e-17
836	0.08542098	2.5538786966987597e-18
837	0.08412653	3.0394970166650587e-17
838	0.08466661	1.0903028225855217e-17
839	0.0857714	1.2914673078526901e-18
840	0.0832305	1.6227877850542087e-16
841	0.08196519	1.6339989805196492e-15
842	0.08738518	5.257091351047166e-20
843	0.08463435	1.1595382112141377e-17
844	0.08450956	1.4707699221769465e-17
845	0.08442263	1.7350702334078338e-17
846	0.08302135	2.3879466967700187e-16
847	0.08238465	7.65479263185901e-16
848	0.08468155	1.0596400916642333e-17
849	0.08538369	2.7452922361822352e-18
850	0.0838572	5.04597448705985e-17
851	0.08299329	2.514623286227404e-16
852	0.08131042	5.2594472399904055e-15
853	0.08074703	1.4174339715268486e-14
854	0.08584256999999999	1.1237967610501136e-18
855	0.08470966	1.0042414972832293e-17
856	0.08187854	1.9093462518244176e-15
857	0.08265738	4.65709636196667e-16
858	0.08664917	2.2921152379843082e-19
859	0.0837705	5.936645665406392e-17
860	0.08322609	1.6360895744188442e-16
861	0.08429697	2.2020860673381807e-17
862	0.08650199	3.069279115663875e-19
863	0.08363365	7.668379402634571e-17
864	0.08048548	2.2356367857264227e-14
865	0.08739724	5.1308885119235354e-20
866	0.08357164	8.609253803263882e-17
867	0.08382745	5.335609701736734e-17
868	0.08534405	2.9643464849860096e-18
869	0.08588671	1.0308299523575152e-18
870	0.08450959	1.4706859659433677e-17
871	0.08475257	9.251528064604618e-18
872	0.08449667	1.507285181874842e-17
873	0.08626167	4.935153035959833e-19
874	0.08426344	2.3464403145747858e-17
875	0.08485776	7.563945548549901e-18
876	0.0826959	4.3403622881767705e-16
877	0.08627741	4.784325982313643e-19
878	0.08261109	5.068035038857986e-16
879	0.08640566	3.7139118951869955e-19
880	0.08502125	5.5262301737593655e-18
881	0.084147	2.924275286397855e-17
882	0.08234365	8.246360989301709e-16
883	0.08264642	4.751315343766895e-16
884	0.08445731	1.6244255175239282e-17
885	0.08108128	7.884249235262435e-15
886	0.08517988	4.071206426660154e-18
887	0.08181968	2.1220181319007356e-15
888	0.08411538	3.1041349491827495e-17
889	0.08406625	3.405517841177402e-17
890	0.08374115	6.272052483037647e-17
891	0.08472446	9.762353157551008e-18
892	0.08313219	1.9463216528457622e-16
893	0.08179943	2.2004606193210978e-15
894	0.08394849	4.250784912410497e-17
895	0.08320298	1.7075772002170512e-16
896	0.08576202	1.3153368600385879e-18
897	0.0851309	4.474500805145073e-18
898	0.08225275	9.723666798634565e-16
899	0.0848132	8.238025766019096e-18
900	0.08367755	7.064472505674709e-17
901	0.08434996	1.9916600223012202e-17
902	0.08343918	1.1018015644498489e-16
903	0.08413317	3.00163823810585e-17
904	0.07985273	6.651374718248962e-14
905	0.08582009	1.1742858124234744e-18
906	0.08321483	1.6705435666268046e-16
907	0.08473678	9.535123504004797e-18
908	0.08321064	1.6835465636961867e-16
909	0.08319713	1.726157545669428e-16
910	0.08396129	4.1496838545200405e-17
911	0.08232321	8.557919501276502e-16
912	0.084756	9.191035598401029e-18
913	0.08852516	5.160998427951031e-21
914	0.08527775	3.3700205975093156e-18
915	0.08656045	2.7334720774092817e-19
916	0.08586762	1.0700638146372682e-18
917	0.08430595	2.164939559523105e-17
918	0.08066627999999999	1.632060328777206e-14
919	0.08801617	1.4635588500899244e-20
920	0.08773268	2.604441396455833e-20
921	0.08611694	6.562260434597973e-19
922	0.08508833	4.856956282550818e-18
923	0.08225292	9.720673634963172e-16
924	0.08205391	1.3927154747236604e-15
925	0.08573382	1.389759364385973e-18
926	0.08538047	2.7624718279092034e-18
927	0.08345834	1.0632253234611584e-16
928	0.08519797	3.931534527754622e-18
929	0.08314062	1.916245686074678e-16
930	0.08432491	2.0885331363307902e-17
931	0.08373108	6.391392838187253e-17
932	0.08435827	1.9605157924914993e-17
933	0.08404494	3.5450727714509214e-17
934	0.08689522	1.4042723901299783e-19
935	0.08287559	3.122349664091595e-16
936	0.08383934	5.217932557306848e-17
937	0.08560376	1.7906276144371888e-18
938	0.08306725	2.1941885885504293e-16
939	0.08184094	2.0426327815864018e-15
940	0.0813776	4.668854903511826e-15
941	0.08641491	3.6465989326054546e-19
942	0.08339484	1.1964590095068037e-16
943	0.08430966	2.1497743380010644e-17
944	0.08131009	5.262522973340719e-15
945	0.08592591	9.546751700540167e-19
946	0.08049718	2.190663311855101e-14
947	0.08409928	3.199873465432406e-17
948	0.0851382	4.4119780186480895e-18
949	0.08277406	3.7616344034154483e-16
950	0.08429113	2.2265812014487542e-17
951	0.08608416	6.998958098176497e-19
952	0.08355964	8.804085182746198e-17
953	0.0841935	2.6783386776318143e-17
954	0.0847817	8.750061151805165e-18
955	0.08409113	3.2494445121490064e-17
956	0.08612321	6.48185833666388e-19
957	0.08124112	5.945875055955936e-15
958	0.08679019	1.7314297179780906e-19
959	0.08371842	6.544616512240502e-17
960	0.08473393	9.587219156445426e-18
961	0.0847299	9.661365071834691e-18
962	0.08489085	7.09896064626963e-18
963	0.08517786	4.087104249567122e-18
964	0.08512686	4.509478438371657e-18
965	0.08653573	2.8707826870912007e-19
966	0.08359744	8.20468031989064e-17
967	0.08608018	7.053900980129329e-19
968	0.08489738	7.01059846148641e-18
969	0.08312919	1.9571369773364069e-16
970	0.0855375	2.0368945721228408e-18
971	0.08441023	1.7764141776725475e-17
972	0.08590565	9.933121830662644e-19
973	0.08524212	3.610247300627209e-18
974	0.08643524	3.502871705823767e-19
975	0.08706018	1.0097889668612518e-19
976	0.08355709	8.846044872320599e-17
977	0.08376203	6.031576114362307e-17
978	0.08451102	1.466689544872391e-17
979	0.08050816	2.1492692791179386e-14
980	0.08567979	1.5441815063722e-18
981	0.08390132	4.6448258581192925e-17
982	0.08240845	7.330828027026882e-16
983	0.08063949	1.7101124714183432e-14
984	0.08001268	5.05730862178341e-14
985	0.08218080999999999	1.1075533477558572e-15
986	0.08648981	3.1442249591894523e-19
987	0.08378516	5.775816483183581e-17
988	0.08465601	1.1125887823951924e-17
989	0.08298927	2.533307037945872e-16
990	0.08181196	2.1515921152612845e-15
991	0.08287602	3.119884663389372e-16
992	0.08467356	1.0759310487019948e-17
993	0.084176	2.76839771683259e-17
994	0.08597061	8.746130488662705e-19
995	0.08030329	3.065521384483298e-14
996	0.08316219	1.8413644256466465e-16
997	0.08509455	4.799120680627409e-18
998	0.08374147	6.268296469341588e-17
999	0.08576756	1.301186786418048e-18
