Dataset	Random-mean	P-value
0	0.09809873	5.71711481401591e-08
1	0.09968542	2.586521660465247e-07
2	0.09964071	2.481164121279947e-07
3	0.09679266	1.5674224719050045e-08
4	0.09663276	1.3335324273806971e-08
5	0.09810834	5.770817880751173e-08
6	0.1014094	1.2325342544089335e-06
7	0.09928466	1.7781789539730896e-07
8	0.09802987	5.346258091457707e-08
9	0.10088821	7.75493985173731e-07
10	0.10206988	2.193175010536088e-06
11	0.10064864	6.251518426208605e-07
12	0.1001331	3.910531858208185e-07
13	0.0976845	3.811676655755078e-08
14	0.10080851	7.219694261543298e-07
15	0.09936196	1.9121189840826817e-07
16	0.09987612	3.086601967719626e-07
17	0.09913986	1.55132609974894e-07
18	0.09756325	3.382184653873313e-08
19	0.09843037	7.882604239693437e-08
20	0.09851212	8.528143719903558e-08
21	0.09779518	4.249689400779439e-08
22	0.10098387	8.448052281407029e-07
23	0.09731841	2.6535619433842432e-08
24	0.09954397	2.2672292150212964e-07
25	0.09989049	3.127861257359118e-07
26	0.09930235	1.808004568021871e-07
27	0.10000169	3.46568941138149e-07
28	0.10079553	7.135972360813188e-07
29	0.09941169	2.003400090915475e-07
30	0.10031143	4.603374214331815e-07
31	0.09931241	1.8251814833219685e-07
32	0.10006324	3.667585649335885e-07
33	0.09740772	2.899653394248538e-08
34	0.098925	1.2655855059171067e-07
35	0.0986011	9.289073041144183e-08
36	0.10138335	1.2045354720414678e-06
37	0.09948058	2.1368529019941108e-07
38	0.10082481	7.326174488210665e-07
39	0.10140061	1.223017257551799e-06
40	0.09922841	1.6864747561180077e-07
41	0.09851864	8.58178268129075e-08
42	0.09942617	2.0307627148521164e-07
43	0.09918335	1.6163357193977674e-07
44	0.09788851	4.6567226915730564e-08
45	0.09861043	9.37257495123617e-08
46	0.09917176	1.5987572379643072e-07
47	0.09812754	5.879583351244405e-08
48	0.10112284	9.562475406029934e-07
49	0.09878915	1.1120067948573968e-07
50	0.09751175	3.2143468455286445e-08
51	0.09834886	7.286287373817141e-08
52	0.09932924	1.8542719220148568e-07
53	0.09853434	8.71229078415183e-08
54	0.09757293	3.414669089713482e-08
55	0.10001753	3.51659556574541e-07
56	0.09725763	2.4978296914257584e-08
57	0.10014477	3.9526043410774634e-07
58	0.09832373999999999	7.111509806404115e-08
59	0.09926188	1.740473047089218e-07
60	0.09835223	7.310049748105041e-08
61	0.09655009	1.2263120311512583e-08
62	0.09953798	2.254587078517336e-07
63	0.09852772	8.657028100644313e-08
64	0.10119547	1.0200048340664035e-06
65	0.09778335	4.200633028778983e-08
66	0.09927657	1.7646984757624318e-07
67	0.09995082	3.306980308154411e-07
68	0.09744468	3.0078653155395506e-08
69	0.09972635	2.686759719351385e-07
70	0.1004629	5.283801827465386e-07
71	0.10087923	7.692769099333574e-07
72	0.09873138	1.052322078952737e-07
73	0.09799485	5.166724732244174e-08
74	0.09984558	3.0006569111951915e-07
75	0.09983217	2.963654735445626e-07
76	0.09819597	6.28365973702819e-08
77	0.09992137	3.2183377209029577e-07
78	0.1009744	8.376855276118925e-07
79	0.10003835999999999	3.5846405484444207e-07
80	0.09839521	7.61978509651845e-08
81	0.098983	1.337247618523492e-07
82	0.09903794	1.4087476167870953e-07
83	0.10008138	3.7292279687895255e-07
84	0.09861402	9.404898480818986e-08
85	0.09985593	3.029520940758387e-07
86	0.10043199	5.137494896148184e-07
87	0.09882551	1.1512417595142188e-07
88	0.09987001	3.069218892865427e-07
89	0.09888823	1.2220980831823594e-07
90	0.09809848	5.7157242496486785e-08
91	0.09889222	1.2267459952955256e-07
92	0.10079049	7.1037173537279e-07
93	0.09911792	1.519498796695249e-07
94	0.09872497	1.0458943985827092e-07
95	0.09919928	1.6408025904358332e-07
96	0.09686763	1.6903952352329365e-08
97	0.09820639	6.347508666551764e-08
98	0.10146212	1.2911306566544071e-06
99	0.09857668	9.073920729874717e-08
100	0.0997467	2.7379866112937077e-07
101	0.10056847	5.814481866749898e-07
102	0.09870184	1.023015734580072e-07
103	0.0995416	2.262219048657711e-07
104	0.09691102	1.7658055486284612e-08
105	0.09895886	1.306955775596482e-07
106	0.10190007	1.893358017391224e-06
107	0.09835437	7.325178242289857e-08
108	0.09938493	1.953769053673255e-07
109	0.09740142	2.8815898033668248e-08
110	0.10158753	1.4415114159308122e-06
111	0.09976212	2.7774315779511927e-07
112	0.09607921	7.581079245561038e-09
113	0.09759535	3.491075876528412e-08
114	0.09966764	2.544115042962343e-07
115	0.10225829	2.579269339861891e-06
116	0.10077296	6.992621610643954e-07
117	0.0991872	1.6222163267910284e-07
118	0.09691541	1.7736151368229157e-08
119	0.09753527	3.289968639267311e-08
120	0.09780094	4.2737759110412824e-08
121	0.10094481	8.158105249026266e-07
122	0.09864278	9.667780026765475e-08
123	0.09822385	6.455910228629715e-08
124	0.09937906	1.9430425112327228e-07
125	0.10096975	8.342108167744441e-07
126	0.09665885	1.3692266114275122e-08
127	0.09835613	7.337643140787061e-08
128	0.09756855	3.399933156897971e-08
129	0.0998641	3.0524949784013316e-07
130	0.09741511	2.9209826309505275e-08
131	0.10031821	4.631930680124545e-07
132	0.10092462	8.012022461423167e-07
133	0.10003779	3.5827617047318366e-07
134	0.09716219	2.271068106059175e-08
135	0.09827881	6.808996766771734e-08
136	0.09963468	2.4672765979642465e-07
137	0.09853568	8.723518471410533e-08
138	0.09985305	3.0214623410242453e-07
139	0.09799218999999999	5.1533299008581504e-08
140	0.09933311	1.8610244164098826e-07
141	0.09984917	3.0106384090949414e-07
142	0.0966538	1.362245786002782e-08
143	0.10036097	4.816015695748876e-07
144	0.09962899	2.4542411514176365e-07
145	0.09861007	9.369339547131258e-08
146	0.0993726	1.9313037704428916e-07
147	0.09854174	8.774470002485355e-08
148	0.10032455	4.658788814051168e-07
149	0.100494	5.435068190509767e-07
150	0.09909321	1.48441084937642e-07
151	0.09807584	5.5911473265199695e-08
152	0.09737899	2.8181617166690013e-08
153	0.09911352	1.5131925605100706e-07
154	0.09986676	3.06001121271767e-07
155	0.09948119	2.1380721987320153e-07
156	0.09986541	3.0561943470685267e-07
157	0.09855481	8.88534547349953e-08
158	0.10157842	1.4300418498938302e-06
159	0.09690176	1.7494420706271033e-08
160	0.09839109	7.58955081416106e-08
161	0.09960628	2.4028749379328696e-07
162	0.09704943	2.0288902486901854e-08
163	0.09857421	9.052430039662224e-08
164	0.10170068	1.5915669931477972e-06
165	0.0998395	2.9838253164599256e-07
166	0.09859372	9.223535015182063e-08
167	0.09848188	8.283588663081393e-08
168	0.09942935	2.0368202083638646e-07
169	0.09734108	2.714032562380339e-08
170	0.09598925	6.9108675875333945e-09
171	0.09830031	6.952163618668349e-08
172	0.10196082	1.995777345003707e-06
173	0.09964428	2.489421722787963e-07
174	0.09867328	9.954352516166298e-08
175	0.10211398	2.278219348012991e-06
176	0.09868057	1.0024058709236382e-07
177	0.09900457	1.3648895179995603e-07
178	0.09964273	2.4858332265239457e-07
179	0.09968762	2.591816157888824e-07
180	0.09865117	9.745802890776917e-08
181	0.0963782	1.029569085823067e-08
182	0.09869885	1.0200938967469851e-07
183	0.09962052	2.434960321903085e-07
184	0.09630101	9.515650810868073e-09
185	0.10073017	6.728442354883703e-07
186	0.09879178	1.1148006848346101e-07
187	0.0985347	8.715305799391337e-08
188	0.10137226	1.192802862494467e-06
189	0.09780391	4.286247300994848e-08
190	0.10037162	4.862953323519342e-07
191	0.10018842	4.1138857055002315e-07
192	0.09845262	8.05344505734225e-08
193	0.09992317	3.2236889895938755e-07
194	0.10162955	1.4955724161660193e-06
195	0.09949999	2.175982679505536e-07
196	0.09915917	1.5798720159205852e-07
197	0.0984969	8.404194405086363e-08
198	0.09979145	2.853982402448504e-07
199	0.09915751	1.5773981769946676e-07
200	0.09977535	2.8117123685671867e-07
201	0.09809992	5.7237384058465604e-08
202	0.09859293	9.216546068825121e-08
203	0.09763048	3.6141514873411695e-08
204	0.10011475	3.845251336671874e-07
205	0.09968157	2.577281473848722e-07
206	0.09850436	8.464727447714155e-08
207	0.09818737	6.231433077733899e-08
208	0.09920657	1.6521186398304734e-07
209	0.09751303	3.218418471647773e-08
210	0.09821355	6.391746513591321e-08
211	0.09832694	7.133546155645532e-08
212	0.09770431	3.88670979238293e-08
213	0.10195169	1.98005136126703e-06
214	0.10186885	1.8427117705620562e-06
215	0.10077303	6.993061878448087e-07
216	0.09782179	4.362078264005395e-08
217	0.09802548999999999	5.3234763787174565e-08
218	0.10081324	7.250438242876293e-07
219	0.0964938	1.1581602861990584e-08
220	0.09564094	4.8194970745937e-09
221	0.10033393	4.698801621973912e-07
222	0.10118179	1.007690676487142e-06
223	0.09930122	1.8060849660249022e-07
224	0.09921912	1.671777037235239e-07
225	0.10079123	7.108444374430015e-07
226	0.10018797	4.1121909961447043e-07
227	0.09893323	1.275522566630284e-07
228	0.09971136	2.649620189657654e-07
229	0.09961373	2.4196097774174726e-07
230	0.09944415	2.0652433538653393e-07
231	0.09856977	9.013923117045978e-08
232	0.09917592	1.605045262209334e-07
233	0.10079953	7.161672188286601e-07
234	0.0996316	2.4602122042899387e-07
235	0.09896535	1.3150336597012466e-07
236	0.09753758	3.297488384016743e-08
237	0.10047413	5.337947725891842e-07
238	0.09885394	1.1828517680987286e-07
239	0.10001751	3.516530836500292e-07
240	0.0973798	2.8204284384438433e-08
241	0.1007797	7.035136133815666e-07
242	0.09870006	1.0212753362788073e-07
243	0.09738813	2.843842404118159e-08
244	0.09960747	2.4055404783241865e-07
245	0.10014765	3.963054421896544e-07
246	0.09745962	3.0527124432672846e-08
247	0.09782885	4.392378079795413e-08
248	0.09951413	2.2049243333290658e-07
249	0.09732705999999999	2.6764789878207413e-08
250	0.09963061	2.457945668290322e-07
251	0.10121538	1.038186692989352e-06
252	0.09988071	3.0997232403179156e-07
253	0.09797535	5.0693089834886086e-08
254	0.09656734	1.2479678480136093e-08
255	0.09730593	2.6208337901724326e-08
256	0.09861696	9.431450092483967e-08
257	0.09941465	2.0089643546649153e-07
258	0.1008351	7.394173293433963e-07
259	0.09874292	1.063990627111111e-07
260	0.10033829	4.7175132290375875e-07
261	0.09670181	1.430037492944767e-08
262	0.10013851	3.929981764249098e-07
263	0.0985423	8.77919294392849e-08
264	0.09944978	2.076156226248386e-07
265	0.09900588	1.3665860039827255e-07
266	0.09870228	1.0234463886930179e-07
267	0.0972181	2.4013550601601804e-08
268	0.09864178	9.658521038257931e-08
269	0.09833963	7.221588540311486e-08
270	0.09914164	1.5539364101539974e-07
271	0.09821049	6.372803884955943e-08
272	0.10057194	5.832771112369125e-07
273	0.09967919	2.571585350828428e-07
274	0.09763777	3.640214854894196e-08
275	0.09776237	4.114983623027481e-08
276	0.10131028	1.1292332353678466e-06
277	0.09708113	2.0943099376150768e-08
278	0.09813401	5.916681524944994e-08
279	0.09903645	1.4067605036886575e-07
280	0.09772333	3.9601004148988086e-08
281	0.09926551	1.7464291673299205e-07
282	0.09963696	2.4725187306257415e-07
283	0.09880044	1.1240485384858674e-07
284	0.09814176	5.961418346649258e-08
285	0.09843342	7.905813109427592e-08
286	0.09838375	7.53597509984847e-08
287	0.09802013	5.295725667044602e-08
288	0.09567457	4.990874497672435e-09
289	0.10059604	5.961336675430494e-07
290	0.0966975	1.4238198420578427e-08
291	0.09656782	1.248575739150332e-08
292	0.09881994	1.1451454398879897e-07
293	0.1016533	1.5269868025677704e-06
294	0.09903790999999999	1.4087075809704318e-07
295	0.09905036	1.4254175479992197e-07
296	0.09872615	1.0470747862188812e-07
297	0.09852044	8.596648558744728e-08
298	0.09935341	1.896836545942121e-07
299	0.10127213	1.0917428817915835e-06
300	0.10125839	1.0785368065841955e-06
301	0.09755157	3.343388357965311e-08
302	0.09958469	2.3550081372709734e-07
303	0.09888907	1.2230751696900239e-07
304	0.09815378	6.031454250206668e-08
305	0.10061356	6.056514211684306e-07
306	0.09911604	1.5168012033568006e-07
307	0.10063816	6.192635215148463e-07
308	0.09968342	2.581717567937902e-07
309	0.09838045	7.512007722127195e-08
310	0.09900525	1.3657698816722853e-07
311	0.09845001	8.033220319955265e-08
312	0.09810686	5.762515474701678e-08
313	0.09905797	1.4357258795265663e-07
314	0.10010375	3.806625213941944e-07
315	0.10046765	5.306639057754532e-07
316	0.09894404	1.288689774115917e-07
317	0.10115106	9.805495567881791e-07
318	0.09896188	1.310708664884456e-07
319	0.09832882	7.146523407653304e-08
320	0.09922017	1.673432000887988e-07
321	0.10059195	5.939326651693218e-07
322	0.10048151	5.373822249019833e-07
323	0.09930917	1.819632167276249e-07
324	0.09982902	2.9550272106433225e-07
325	0.09973809	2.7161983783103846e-07
326	0.09693763	1.813661918222566e-08
327	0.09912203	1.5254123997641986e-07
328	0.09860698	9.34161352690566e-08
329	0.09707752	2.086757620846169e-08
330	0.09909083	1.4810730418388753e-07
331	0.09980565	2.8917739770769426e-07
332	0.09891628	1.2551387186338828e-07
333	0.09685258	1.6649784272215118e-08
334	0.10122989	1.0516337876959194e-06
335	0.10176895	1.689267422777035e-06
336	0.09975554	2.7605328582839917e-07
337	0.10250433	3.1828126170414243e-06
338	0.10117196	9.989308118989607e-07
339	0.09977543	2.811920900283577e-07
340	0.09877321	1.09521823394112e-07
341	0.09924134	1.7071399097666302e-07
342	0.10038274999999999	4.912478886576734e-07
343	0.09929449	1.7946931284773154e-07
344	0.09846812	8.174575734438503e-08
345	0.09715413	2.2528624013695625e-08
346	0.10149553	1.3296452176509257e-06
347	0.09887572	1.2076357438017822e-07
348	0.10031927	4.636410711902236e-07
349	0.1014394	1.2655561545232586e-06
350	0.10066943	6.369934470442005e-07
351	0.09778087	4.1904190180327984e-08
352	0.09998723	3.4198412482440126e-07
353	0.09930348	1.8099261467142135e-07
354	0.10140567	1.2284870673629421e-06
355	0.09916029	1.5815432359299364e-07
356	0.09812402	5.859495093183272e-08
357	0.09936046	1.9094292545243946e-07
358	0.10296193	4.6847084044047155e-06
359	0.09983333	2.9668379930495473e-07
360	0.09949415	2.164137066506263e-07
361	0.09846501	8.150130511227226e-08
362	0.09846695	8.165370961997386e-08
363	0.098885	1.218347999243026e-07
364	0.0998616	3.0454471366437744e-07
365	0.09859257	9.213362937030496e-08
366	0.09961939	2.432399141689337e-07
367	0.09991065	3.186645520361776e-07
368	0.10046476	5.292733069357733e-07
369	0.09843827	7.94285566550216e-08
370	0.09631975	9.699559637495964e-09
371	0.09908209	1.4688780133104563e-07
372	0.10041788	5.072016701021185e-07
373	0.10174136	1.6491074068873898e-06
374	0.09960421	2.3982450542710373e-07
375	0.09872912	1.0500514841665424e-07
376	0.10053424	5.637010591216256e-07
377	0.0988003	1.1238984450768628e-07
378	0.09617856	8.394903322971088e-09
379	0.09932644	1.8494012023940026e-07
380	0.09841054	7.733313203600361e-08
381	0.09885174	1.1803759415597958e-07
382	0.10087259	7.647108475734218e-07
383	0.09860532	9.326751529490928e-08
384	0.09944645	2.0696948141564031e-07
385	0.09807661	5.595340605842403e-08
386	0.10175493	1.6687435925669e-06
387	0.10005514	3.6403800724437884e-07
388	0.10198063	2.0303136844133474e-06
389	0.09773685	4.0130858278287174e-08
390	0.10007436	3.7052550559043964e-07
391	0.09966777	2.5444226458998333e-07
392	0.09931169	1.8239468867594758e-07
393	0.10115063	9.801748253313337e-07
394	0.09906587	1.4465034756314978e-07
395	0.10189389	1.8832273562754565e-06
396	0.0979736	5.0606543120810616e-08
397	0.09843463	7.915038926086663e-08
398	0.09921508	1.6654241462666174e-07
399	0.10070352	6.568808417344867e-07
400	0.09806854	5.551544193478992e-08
401	0.09904224	1.414497507782269e-07
402	0.09632424	9.744134761008164e-09
403	0.0995121	2.2007465427191675e-07
404	0.10164082	1.5104009318008947e-06
405	0.09925237	1.7249621743309052e-07
406	0.09914065	1.5524840833576006e-07
407	0.09511714	2.785810840661249e-09
408	0.0962889	9.398618519641684e-09
409	0.09719412	2.3446076107330914e-08
410	0.10075393	6.87391921438081e-07
411	0.09740298	2.8860524726013856e-08
412	0.09834418	7.253412324716398e-08
413	0.09806953	5.556899016660658e-08
414	0.09823095	6.500503262890424e-08
415	0.10090266	7.856000293461692e-07
416	0.10041042	5.037724877340431e-07
417	0.09958503	2.3557547393664635e-07
418	0.10074699	6.831116103706499e-07
419	0.09928666	1.7815269325947178e-07
420	0.10067578	6.406532829173442e-07
421	0.09890201	1.2382230155424507e-07
422	0.09863618	9.606829472696642e-08
423	0.10053253	5.628283465360816e-07
424	0.10144079	1.2671066642592735e-06
425	0.09876669	1.0884222199936597e-07
426	0.10069572	6.522782486048127e-07
427	0.09929424	1.7942712986337192e-07
428	0.10118442	1.010046900824565e-06
429	0.09847974	8.266542450186291e-08
430	0.09834493	7.258671056242913e-08
431	0.09696732	1.8685476899338417e-08
432	0.09872228	1.0432083381620694e-07
433	0.09972427	2.6815763199942865e-07
434	0.0998284	2.9533319599030167e-07
435	0.09825456	6.650952026310529e-08
436	0.09994907	3.3016475568993044e-07
437	0.09912335	1.5273163872472407e-07
438	0.09779781	4.260670824735526e-08
439	0.09695643	1.8482309730543198e-08
440	0.0997965	2.8673672659533453e-07
441	0.09919862	1.6397818081367076e-07
442	0.0985099	8.509954505002715e-08
443	0.09807216	5.571148832737929e-08
444	0.10055481	5.743021328646136e-07
445	0.09845679	8.085860736065854e-08
446	0.09757723	3.429196261733633e-08
447	0.09921837	1.670595891500621e-07
448	0.09992188	3.2198530404316146e-07
449	0.09840687	7.705986038523069e-08
450	0.10034955	4.7661710703107566e-07
451	0.09755812	3.3650912430667205e-08
452	0.09754417	3.319032762924094e-08
453	0.09975929	2.7701513518990967e-07
454	0.09936859	1.9240516192597182e-07
455	0.09879311	1.1162161553837872e-07
456	0.09686412999999999	1.6844508608560064e-08
457	0.09782272	4.36605795385012e-08
458	0.09827207	6.76470791869723e-08
459	0.09949156	2.1589036311974796e-07
460	0.09821053	6.37305114903857e-08
461	0.09738582999999999	2.8373587408183563e-08
462	0.09696955	1.8727347741200857e-08
463	0.09957873	2.341957791233957e-07
464	0.09592066	6.439021329813724e-09
465	0.10165668	1.5315089239900868e-06
466	0.09805146	5.459945233692068e-08
467	0.09996705	3.356836441647881e-07
468	0.10121468	1.0375421819689481e-06
469	0.10092128	7.98810091934574e-07
470	0.09861231	9.389488569874261e-08
471	0.09859419999999999	9.227783974673371e-08
472	0.10022731	4.2629256429205624e-07
473	0.10099832	8.557816483564526e-07
474	0.09716451	2.276334932003238e-08
475	0.0988821	1.214990559583847e-07
476	0.09905443	1.4309217190424868e-07
477	0.09969583	2.6116670478186314e-07
478	0.09914826	1.5636818262019732e-07
479	0.09765909	3.717491398885044e-08
480	0.09830632	6.992703609697584e-08
481	0.09867818	1.0001153774760504e-07
482	0.09829487	6.915665323567837e-08
483	0.09855101	8.852969890964146e-08
484	0.10022746	4.2635104791378136e-07
485	0.09860133	9.291122797199815e-08
486	0.09686596	1.687556376978798e-08
487	0.09953696	2.2524411403731285e-07
488	0.09837926	7.503383105137466e-08
489	0.09943866	2.0546553648495554e-07
490	0.09751536	3.2258429787362094e-08
491	0.09966436	2.5363658868109903e-07
492	0.09999533	3.4454510437269526e-07
493	0.09982026	2.9311620685756296e-07
494	0.09924976	1.7207287256550905e-07
495	0.10001053	3.4940105847085224e-07
496	0.09906628	1.4470649546959053e-07
497	0.10080386	7.189592987497703e-07
498	0.09781029	4.31315738769202e-08
499	0.10076805	6.961806665473845e-07
500	0.09822928	6.489987656329312e-08
501	0.09732557	2.6725177516380633e-08
502	0.101515	1.3525982162396945e-06
503	0.09789382	4.68098582502738e-08
504	0.10064705	6.242550134736634e-07
505	0.09873348	1.054436191957092e-07
506	0.1000231	3.534667591998592e-07
507	0.09996908	3.3631232310036195e-07
508	0.09961083	2.413082173700137e-07
509	0.10068868	6.48150869094703e-07
510	0.09871296	1.0339536440652054e-07
511	0.09583032	5.865222209890476e-09
512	0.09793837	4.889445540750761e-08
513	0.09822507	6.463551502066559e-08
514	0.09827866	6.808008054057498e-08
515	0.09877062	1.0925136772762115e-07
516	0.10100539	8.612021419420327e-07
517	0.09903477	1.4045232593038327e-07
518	0.09868096	1.0027801160901025e-07
519	0.09572018	5.232826338284865e-09
520	0.09817351	6.148148990656534e-08
521	0.09808857	5.660866088974873e-08
522	0.10030334	4.5695228669172253e-07
523	0.0993152	1.8299731969035454e-07
524	0.10062758	6.13373375718105e-07
525	0.09850501	8.470021768538115e-08
526	0.09882088	1.1461720615997478e-07
527	0.09987264	3.0766896525411317e-07
528	0.09799282	5.1564993090690454e-08
529	0.09940545	1.991718885974086e-07
530	0.09935269	1.8955550193768445e-07
531	0.10181386	1.756660863102206e-06
532	0.09980988	2.903124925799939e-07
533	0.10093563	8.091368293010847e-07
534	0.10052598	5.594975618222116e-07
535	0.09824963	6.619260187615236e-08
536	0.09948192	2.139532242841484e-07
537	0.09837384	7.46422266847846e-08
538	0.09866361	9.862614245685845e-08
539	0.10107817	9.189631102124515e-07
540	0.10049653	5.447556186672125e-07
541	0.09822547	6.466058748697206e-08
542	0.09747358	3.095204959661475e-08
543	0.0994628	2.1016078184648761e-07
544	0.10001756	3.5166926617743737e-07
545	0.09931014	1.8212918199000443e-07
546	0.09843424	7.91206417513054e-08
547	0.09711923	2.1756562843211512e-08
548	0.10002633	3.54518854159307e-07
549	0.1005702	5.823593199525323e-07
550	0.09837529	7.47467968791547e-08
551	0.0985515	8.857138199531816e-08
552	0.10035089	4.771993813126899e-07
553	0.09972302	2.678465954431049e-07
554	0.10047147	5.325074172435345e-07
555	0.09973507	2.7085958807329304e-07
556	0.10145483	1.282870950229268e-06
557	0.10091152	7.918592895402215e-07
558	0.09843777	7.939029070928872e-08
559	0.09869372	1.0150996931096997e-07
560	0.09740002	2.8775905575567092e-08
561	0.10001466	3.507318694088314e-07
562	0.10267038	3.664559913042867e-06
563	0.09744873	3.0199589755565536e-08
564	0.09875189	1.0731471412421066e-07
565	0.09718172	2.3157775159936598e-08
566	0.10023955	4.3109042658087395e-07
567	0.10196352	2.0004509567906474e-06
568	0.09826738	6.734054868767337e-08
569	0.09997696	3.3876352292531506e-07
570	0.09810376	5.7451628790058035e-08
571	0.09801259	5.256926023832107e-08
572	0.09875314	1.0744291847966222e-07
573	0.09999164	3.433761433689016e-07
574	0.09994624	3.2930413385860286e-07
575	0.10013588	3.9205147924383457e-07
576	0.09800737	5.2302266346178295e-08
577	0.10048666	5.39899454313316e-07
578	0.09847485	8.22771873063563e-08
579	0.10030714	4.585393296577792e-07
580	0.09837497	7.472370709761832e-08
581	0.09907632	1.460880461545198e-07
582	0.09805516	5.479662693204457e-08
583	0.09881419	1.1388849581213135e-07
584	0.0979358	4.877178635295932e-08
585	0.09818287	6.204273406075906e-08
586	0.09769814	3.863187449104357e-08
587	0.0980509	5.456966980144974e-08
588	0.09889379	1.2285795684901863e-07
589	0.10051578	5.543485834352352e-07
590	0.09796943	5.040089277494429e-08
591	0.10000157	3.465306493080392e-07
592	0.10023953	4.3108254451371075e-07
593	0.09909788	1.4909814474877286e-07
594	0.10132005	1.1390322088713913e-06
595	0.09849213	8.365709369152843e-08
596	0.09962978	2.4560469992614845e-07
597	0.10040883	5.030445054628316e-07
598	0.09643579	1.0917891391816021e-08
599	0.10212551	2.3009723621450315e-06
600	0.09607291	7.532150102345976e-09
601	0.10006308	3.667046356198154e-07
602	0.09882845	1.1544722448536305e-07
603	0.09963113	2.4591359198603864e-07
604	0.09830448	6.980267718130202e-08
605	0.09896174	1.3105344591688916e-07
606	0.10020686	4.183914981494779e-07
607	0.10177971	1.705183645092996e-06
608	0.10077926	7.032353106156875e-07
609	0.09784004	4.440822260416075e-08
610	0.09759079	3.4754020833224697e-08
611	0.09702149	1.972882047263827e-08
612	0.10121679	1.0394860949817477e-06
613	0.10146713	1.2968367782817683e-06
614	0.098752	1.0732599015052817e-07
615	0.09916577	1.5897450079286119e-07
616	0.0975707	3.407158806981457e-08
617	0.09990607	3.173197642622463e-07
618	0.09798745	5.129544480489385e-08
619	0.09858061	9.108216501823063e-08
620	0.09895331	1.3000860579513212e-07
621	0.09925454	1.7284896202512587e-07
622	0.09877381	1.0958456979848598e-07
623	0.09943507	2.0477601594646793e-07
624	0.0976902	3.833120716577395e-08
625	0.0987468	1.0679419658398273e-07
626	0.09956943	2.3217337738861103e-07
627	0.09941678	2.0129776276064945e-07
628	0.1012872	1.1064065976578359e-06
629	0.10138532	1.206631229608121e-06
630	0.09969939	2.6203204170690454e-07
631	0.09991032	3.1856747277803514e-07
632	0.10018108	4.0863272601953964e-07
633	0.09854737	8.822064849113302e-08
634	0.09734765	2.7318066335668865e-08
635	0.10017056	4.0471404060198406e-07
636	0.10034854	4.761786826305887e-07
637	0.0995914	2.3697849941611815e-07
638	0.09818083	6.191998920818282e-08
639	0.10060382	6.003421860097463e-07
640	0.10035462	4.788238128964826e-07
641	0.09814286	5.96779465039265e-08
642	0.09782072	4.357503841679453e-08
643	0.10044197	5.184300088997923e-07
644	0.09837556	7.476628426916545e-08
645	0.09909546	1.4875730437440778e-07
646	0.09845162	8.045690282725788e-08
647	0.09806062	5.508885654290521e-08
648	0.09713636	2.2132241819087448e-08
649	0.09782784	4.388030901533768e-08
650	0.09794188	4.906247607690193e-08
651	0.09684256	1.648263088819237e-08
652	0.0992797	1.7699022520159696e-07
653	0.09677308	1.5367676979917003e-08
654	0.09862294	9.485681028076229e-08
655	0.09976734	2.790908735496332e-07
656	0.09865375	9.769918185546717e-08
657	0.09926532	1.7461169252663884e-07
658	0.10163583	1.5038179396037325e-06
659	0.09782762	4.387084546057677e-08
660	0.09925277	1.7256118699597805e-07
661	0.09984255	2.992257344149602e-07
662	0.0971878	2.3298702060336394e-08
663	0.09773131	3.991291553480007e-08
664	0.09832558	7.124172619557976e-08
665	0.09915285	1.5704735902780332e-07
666	0.09977888	2.8209280869130644e-07
667	0.10021666	4.221599951070538e-07
668	0.09859373	9.223623515806562e-08
669	0.09878648	1.1091773596212203e-07
670	0.0987358	1.0567765733548687e-07
671	0.09901238	1.3750339643391594e-07
672	0.09935737	1.9038999593225553e-07
673	0.09877801	1.1002477194061206e-07
674	0.09920643	1.6519006114566867e-07
675	0.10060399	6.004344656098594e-07
676	0.09639591	1.0483256377126321e-08
677	0.09861311	9.396694832961246e-08
678	0.09801699999999999	5.279585533241894e-08
679	0.09975107	2.74910984230711e-07
680	0.09981764	2.9240606317024115e-07
681	0.09596325	6.72816978762595e-09
682	0.09948068	2.1370527405436147e-07
683	0.10074443	6.815392139808876e-07
684	0.09885118	1.1797465340326284e-07
685	0.09820207	6.320961626853191e-08
686	0.09847868	8.258111611206448e-08
687	0.09928651	1.7812756224850111e-07
688	0.09866308	9.85760997209111e-08
689	0.0979677	5.031581347527549e-08
690	0.09874117	1.0622130950469152e-07
691	0.09952201	2.22121446359216e-07
692	0.09872845	1.0493792570064022e-07
693	0.10220013	2.453600365167613e-06
694	0.09825864	6.67729112065169e-08
695	0.09936919	1.9251350483634194e-07
696	0.09837378	7.463790270326659e-08
697	0.09864445	9.683261739309816e-08
698	0.09716393	2.2750171126294588e-08
699	0.09953941	2.2575989334814787e-07
700	0.09763963	3.646893965965584e-08
701	0.09999162	3.4336981800341244e-07
702	0.09901556	1.3791853883317366e-07
703	0.1003362	4.7085347033960806e-07
704	0.09976912	2.7955188502860716e-07
705	0.09805848	5.497413973705606e-08
706	0.09840282	7.675938145517745e-08
707	0.09784725	4.472310665646537e-08
708	0.09805107	5.4578709259926656e-08
709	0.09668518	1.4061916739600235e-08
710	0.09870109	1.0222820702335418e-07
711	0.1001503	3.9726935478718445e-07
712	0.09805486	5.4780614072379106e-08
713	0.09989675	3.1460014550389537e-07
714	0.09824256	6.574067417310087e-08
715	0.09842024	7.805993940199971e-08
716	0.09829706	6.930336145678018e-08
717	0.09755187	3.3443794028849226e-08
718	0.09951019	2.1968227155463908e-07
719	0.09711797	2.1729176004053204e-08
720	0.10007926	3.721972518270822e-07
721	0.09810506	5.7524335866775886e-08
722	0.0999562	3.323426952304856e-07
723	0.10038576	4.925956122885189e-07
724	0.09885143	1.1800274793083985e-07
725	0.10117124	9.982920897805201e-07
726	0.10017129	4.049847870795462e-07
727	0.09754422	3.319196747509561e-08
728	0.09756269	3.380314610091414e-08
729	0.09927281	1.758466892848189e-07
730	0.09938858	1.9604677799196652e-07
731	0.09810264	5.738906042174432e-08
732	0.09768774	3.823851567517229e-08
733	0.10094352	8.148695196012755e-07
734	0.09810642	5.7600494296448705e-08
735	0.09944287	2.06277003739423e-07
736	0.09963417	2.466105489212993e-07
737	0.10156078	1.4080824699421333e-06
738	0.09837951	7.505194201568723e-08
739	0.09805232	5.464522054393955e-08
740	0.09875881	1.0802632110521055e-07
741	0.09957974	2.3441644043135582e-07
742	0.09926942	1.752866805960801e-07
743	0.1011104	9.457201887496436e-07
744	0.10006674	3.6794018989578414e-07
745	0.09827637	6.792931002703677e-08
746	0.1004668	5.302545400148822e-07
747	0.09834421	7.253622602950819e-08
748	0.09905715	1.4346116619181928e-07
749	0.0984218	7.817744519205512e-08
750	0.09877785	1.1000797095576739e-07
751	0.09741249	2.9134033111306143e-08
752	0.10011298	3.8390105531510627e-07
753	0.09789076	4.6669887252667765e-08
754	0.09943381	2.0453454331112109e-07
755	0.09974133	2.724377666888103e-07
756	0.09897136	1.3225572586207887e-07
757	0.09958109	2.347116981697246e-07
758	0.09820055	6.311646666165296e-08
759	0.09980838	2.899094840972132e-07
760	0.09926839	1.7511687301733446e-07
761	0.09632034	9.705405591236796e-09
762	0.0997632	2.7802147768826383e-07
763	0.09917121	1.597927677602816e-07
764	0.09646613	1.1260261042404597e-08
765	0.09783327	4.411451643752303e-08
766	0.10010598	3.81442533020839e-07
767	0.09755184	3.344280285542926e-08
768	0.09991692	3.205145060110084e-07
769	0.09756003	3.371445620204287e-08
770	0.09722665	2.4219095237180234e-08
771	0.09834329	7.247176761528764e-08
772	0.09882791	1.1538782320584655e-07
773	0.09872794	1.0488678415398416e-07
774	0.09926857	1.7514653663024004e-07
775	0.10112805	9.606900171455049e-07
776	0.09712746	2.1936274554760814e-08
777	0.10116057	9.888726422156027e-07
778	0.10033765	4.714762067477514e-07
779	0.10065826	6.306045441893804e-07
780	0.09694848	1.833535130468246e-08
781	0.0986689	9.912697816531772e-08
782	0.09825681	6.665464761117286e-08
783	0.09770744	3.898695680323327e-08
784	0.09893985	1.283570543772671e-07
785	0.09978568	2.8387632178737877e-07
786	0.09678784	1.5598214262766403e-08
787	0.09912119	1.5242019693882197e-07
788	0.09893554	1.278325275162987e-07
789	0.09788898	4.658865337447091e-08
790	0.10107357	9.152043120126868e-07
791	0.09846765	8.17087688128304e-08
792	0.09911318	1.5127063176903401e-07
793	0.09977349	2.8068682236530463e-07
794	0.10013313	3.9106394563805703e-07
795	0.09577617	5.545515373492183e-09
796	0.09687177	1.6974529432671246e-08
797	0.10016624	4.0311539418949815e-07
798	0.09825049	6.624778003837511e-08
799	0.09812825	5.883643342149285e-08
800	0.09955944	2.300197679162549e-07
801	0.10093422	8.081164647473079e-07
802	0.09951778	2.2124554527671165e-07
803	0.09872834	1.049268931254656e-07
804	0.09951218	2.2009110395117974e-07
805	0.099165	1.5885900850075562e-07
806	0.09737534	2.8079694352958615e-08
807	0.09849648	8.400798899204379e-08
808	0.09942848	2.035161232679133e-07
809	0.09622903	8.840325650523991e-09
810	0.09871363	1.0346162837923214e-07
811	0.10104133	8.892733257402029e-07
812	0.0993535	1.896996795767312e-07
813	0.09877271	1.0946956134442245e-07
814	0.09975654	2.7630946244065e-07
815	0.09766731	3.747709553255349e-08
816	0.09697692	1.8866378603887484e-08
817	0.09867015	9.924568298745416e-08
818	0.09984136	2.988964731259502e-07
819	0.10059092	5.933796172421708e-07
820	0.09924603	1.7146960951200494e-07
821	0.09975618	2.7621721236283653e-07
822	0.10071233	6.621171363029565e-07
823	0.09886091	1.1907289337483124e-07
824	0.09954967	2.2793230204204332e-07
825	0.09739569	2.8652555932611057e-08
826	0.0989747	1.3267564502738142e-07
827	0.10059159	5.937393102790137e-07
828	0.10008455	3.740102448147511e-07
829	0.09994458	3.288003272156333e-07
830	0.09860828	9.353268481395147e-08
831	0.09556647	4.460172930425989e-09
832	0.10105465	8.998996228573293e-07
833	0.09897602	1.3284195723988e-07
834	0.09948998	2.1557170551664376e-07
835	0.10053156	5.623338795100988e-07
836	0.0971361	2.2126492856947386e-08
837	0.09897651	1.3290374577622106e-07
838	0.09730705	2.6237548230500096e-08
839	0.09930825	1.8180594177404013e-07
840	0.09955295	2.2863105548762116e-07
841	0.09695591	1.8472662420584033e-08
842	0.09857493	9.058689427201239e-08
843	0.09729983	2.6049800324101696e-08
844	0.09655001	1.2262124559832898e-08
845	0.10200083	2.066122079496812e-06
846	0.09931199	1.8244612036335265e-07
847	0.09689161	1.7316753976193798e-08
848	0.09684508	1.652451506883525e-08
849	0.09760452	3.522803628156566e-08
850	0.10015281	3.981844342601157e-07
851	0.09998809	3.422551550042002e-07
852	0.09912336	1.5273308201822418e-07
853	0.10074334	6.808707785800522e-07
854	0.09947017	2.116148421181093e-07
855	0.09805992	5.5051306789867236e-08
856	0.09742328	2.944740701211539e-08
857	0.09842957	7.876527623156596e-08
858	0.09792168	4.810313794004043e-08
859	0.09936961	1.925893800360979e-07
860	0.09728606	2.5695342860759486e-08
861	0.10185509	1.8208063469776684e-06
862	0.10058224	5.887387014212896e-07
863	0.10102494	8.763639776457242e-07
864	0.10117363	1.0004138104664277e-06
865	0.09912732	1.5330566657997554e-07
866	0.09877299	1.0949882511146949e-07
867	0.09874636	1.0674931613492615e-07
868	0.09776586	4.129112676106596e-08
869	0.09872513	1.0460543754659559e-07
870	0.09722419	2.415978136292264e-08
871	0.09486839	2.1418537178472344e-09
872	0.09895549	1.302780248159804e-07
873	0.09625971	9.122257383463731e-09
874	0.10010609	3.814810489113619e-07
875	0.09774648	4.051245655924126e-08
876	0.10069815	6.537087826555735e-07
877	0.09952122	2.2195760737799294e-07
878	0.10060316	5.999840538685412e-07
879	0.0982366	6.536202822743645e-08
880	0.10083971	7.424834573366591e-07
881	0.09904426	1.417206467091296e-07
882	0.09863318	9.579248073949226e-08
883	0.10282759	4.184700023364536e-06
884	0.10086414	7.589379460246903e-07
885	0.09874962	1.070822743186105e-07
886	0.10044714	5.208708639144041e-07
887	0.09536132	3.6001408616195783e-09
888	0.09900719	1.3682845341606675e-07
889	0.09904494999999999	1.4181329565214526e-07
890	0.09695015	1.8366127159758866e-08
891	0.10246124	3.0681176448836743e-06
892	0.09867715	9.991298273698306e-08
893	0.09999572	3.446688778119096e-07
894	0.09855816	8.913982367635336e-08
895	0.09876699	1.0887340203100626e-07
896	0.09890404	1.2406158260740284e-07
897	0.09852509	8.635167832483073e-08
898	0.09922038	1.6737631840784395e-07
899	0.09770143	3.875712885560908e-08
900	0.10063378	6.168184700579605e-07
901	0.09752062	3.242665162577833e-08
902	0.10022492	4.253617710262413e-07
903	0.09817855	6.178308283056567e-08
904	0.09885198	1.1806457873194348e-07
905	0.09832676	7.132304853478613e-08
906	0.09960678	2.403994564332506e-07
907	0.09910073	1.495005183960139e-07
908	0.0977397	4.024342692475555e-08
909	0.09937458	1.9348943917083985e-07
910	0.09785004	4.484553625419065e-08
911	0.10139565	1.2176783413930024e-06
912	0.09860767	9.347797862324937e-08
913	0.10071221	6.620455432637455e-07
914	0.10061595	6.069611149934264e-07
915	0.09769649	3.8569205173178714e-08
916	0.10134453	1.1639462931456171e-06
917	0.09723508	2.4423430094423644e-08
918	0.09769445	3.849185969702753e-08
919	0.09689204	1.732424499257913e-08
920	0.09926018	1.737690451333301e-07
921	0.09775837	4.098847646162994e-08
922	0.09974442	2.7322004929136385e-07
923	0.10021802	4.2268555664936977e-07
924	0.09955693	2.2948171907173313e-07
925	0.09964788	2.497775657262706e-07
926	0.09700579	1.9420732628770483e-08
927	0.09991225	3.191356453482845e-07
928	0.09980118	2.8798256839628417e-07
929	0.09830481	6.982496487078609e-08
930	0.09834362	7.249488217021296e-08
931	0.10037151	4.862466269344367e-07
932	0.09836285	7.38542605716129e-08
933	0.09861808	9.441584110363061e-08
934	0.10140676	1.229668430430927e-06
935	0.10124722	1.067914536563668e-06
936	0.10031561	4.620959637022788e-07
937	0.09823072	6.499054024000429e-08
938	0.09952185	2.2208825432536422e-07
939	0.09678714	1.558720528190906e-08
940	0.09904794	1.4221545333756908e-07
941	0.09970286	2.628781730048799e-07
942	0.09885321	1.1820296860776061e-07
943	0.10052561	5.593099800588736e-07
944	0.10080405	7.190820553799327e-07
945	0.10282814	4.186638522212738e-06
946	0.09728017	2.5545163183319278e-08
947	0.09766283	3.7312108129765856e-08
948	0.0988066	1.1306719292820252e-07
949	0.09877849	1.1007518982897454e-07
950	0.09982004	2.9305651233503595e-07
951	0.09894666	1.29190087374633e-07
952	0.09742444	2.9481291368226442e-08
953	0.09933403	1.8626331619708947e-07
954	0.10059793	5.971534166931377e-07
955	0.09839913	7.648660209026903e-08
956	0.09860245	9.301110491322478e-08
957	0.09945979	2.0956971279399019e-07
958	0.0989808	1.334459019269386e-07
959	0.10009581	3.7789776604589596e-07
960	0.09768678	3.820240251361728e-08
961	0.09739482	2.862783416260684e-08
962	0.09819222	6.260834433241189e-08
963	0.09998902999999999	3.42551634992951e-07
964	0.09667099	1.3861510535293262e-08
965	0.09896328	1.3124519573449202e-07
966	0.09868183999999999	1.0036250647728904e-07
967	0.09669137	1.4150219569310797e-08
968	0.10210349	2.257706874201832e-06
969	0.09821154	6.379297655242365e-08
970	0.09932232	1.8422568176588598e-07
971	0.09989884	3.15208048307927e-07
972	0.09919589	1.6355660150977473e-07
973	0.09828032	6.818957576427184e-08
974	0.10151039	1.3471292681321592e-06
975	0.10089339	7.791022578456308e-07
976	0.09798619	5.123239737029483e-08
977	0.09828774	6.868109989652412e-08
978	0.09873103	1.0519701267579096e-07
979	0.09740699	2.8975546846324095e-08
980	0.09838754	7.563592851317569e-08
981	0.09852226	8.611705019092932e-08
982	0.1002877	4.5047607678281774e-07
983	0.09702891	1.9876076246396216e-08
984	0.09936055	1.9095905348815077e-07
985	0.09840939	7.724740092068165e-08
986	0.10166212	1.5388142405838448e-06
987	0.09827263	6.768377025094138e-08
988	0.09995238	3.3117410997919703e-07
989	0.09835493	7.329142115066238e-08
990	0.09967274	2.5562095819777726e-07
991	0.09656592	1.2461711903918244e-08
992	0.10038798	4.935919036636997e-07
993	0.1005424	5.678836207715913e-07
994	0.09852566	8.639901057835297e-08
995	0.09929724	1.7993396030883132e-07
996	0.0957105	5.180538191193334e-09
997	0.09881775	1.1427570877107176e-07
998	0.09964521	2.4915772274037486e-07
999	0.09947861	2.1329197708252798e-07
