Dataset	Random-mean	P-value
0	0.5148059	2.634574743476168e-18
1	0.5156423	4.084789154114989e-18
2	0.5170018	8.295924731596624e-18
3	0.5109002	3.309641170772744e-19
4	0.5096778	1.7137146872793021e-19
5	0.5036963	6.443675151152595e-21
6	0.5224441	1.339710354677748e-16
7	0.520769	5.743937649019097e-17
8	0.5108233	3.175798012409733e-19
9	0.5202389	4.3859168936326605e-17
10	0.5068654	3.7100694211450186e-20
11	0.5084463	8.792697695382867e-20
12	0.5142657	1.9825932169977694e-18
13	0.5119201	5.713023207587594e-19
14	0.5100244	2.066200056764391e-19
15	0.5116356	4.907500529701894e-19
16	0.5126849	8.586332830152172e-19
17	0.5075264	5.3264086534967236e-20
18	0.5157803	4.390454629642751e-18
19	0.5087518	1.0379812113065953e-19
20	0.5138262	1.5721902964123522e-18
21	0.515195	3.2316398425199844e-18
22	0.5097361	1.7685313711875426e-19
23	0.5154905	3.772837688134749e-18
24	0.517008	8.322670362088865e-18
25	0.5192573	2.655692555510202e-17
26	0.5213342	7.650971578813973e-17
27	0.5183824	1.6940981492244078e-17
28	0.51157	4.738344173793748e-19
29	0.5114414	4.423310972995445e-19
30	0.5174917	1.0694745533335529e-17
31	0.5105581	2.7540377637753006e-19
32	0.5091562	1.2924470129800745e-19
33	0.516307	5.779664196954601e-18
34	0.5135081	1.3287698689219013e-18
35	0.5099591	1.9947065507247247e-19
36	0.5138085	1.5575550920981147e-18
37	0.5151369	3.134646536590359e-18
38	0.508816	1.0747806203357092e-19
39	0.5130302	1.0314724944592357e-18
40	0.5191378	2.4978616126307578e-17
41	0.5183597	1.674402686502724e-17
42	0.514237	1.9528247051411488e-18
43	0.5120307	6.0603656843344085e-19
44	0.5154586	3.710343477549675e-18
45	0.5196407	3.231670517234102e-17
46	0.5112423	3.976015303676613e-19
47	0.5225497	1.4127831909527373e-16
48	0.5064276	2.9179092658563487e-20
49	0.5084809	8.959627697568771e-20
50	0.5138069	1.5562387999720297e-18
51	0.5104613	2.614331326628864e-19
52	0.5083327	8.265992913391338e-20
53	0.517153	8.973077204063278e-18
54	0.5081512	7.488598689041301e-20
55	0.5078219	6.258555656947377e-20
56	0.5115223	4.618982192403037e-19
57	0.5094974	1.5545312165281765e-19
58	0.5121971	6.622705995530433e-19
59	0.516987	8.232423539097536e-18
60	0.5127495	8.886283772723917e-19
61	0.5177222	1.2049369204017436e-17
62	0.51456	2.314988941058279e-18
63	0.5102202	2.296136601184339e-19
64	0.5116183	4.862318831155039e-19
65	0.5164987	6.3866118425197505e-18
66	0.5114456	4.43326436119228e-19
67	0.5093766	1.456216742968504e-19
68	0.5117923	5.336149888861587e-19
69	0.5122664	6.87186448400742e-19
70	0.5066523	3.300939874953949e-20
71	0.5118121	5.392884744874799e-19
72	0.5102812	2.372819306527912e-19
73	0.5195569	3.096065788603576e-17
74	0.5106064	2.826486179117141e-19
75	0.5135536	1.3611534926943812e-18
76	0.5120347	6.073312019616488e-19
77	0.5125378	7.940199202054232e-19
78	0.5100254	2.067314401334349e-19
79	0.5143581	2.081516984372178e-18
80	0.5127803	9.03292323936192e-19
81	0.5090169	1.1984903298263463e-19
82	0.5043346	9.187998747612421e-21
83	0.5127723	8.99460637251617e-19
84	0.514443	2.176709452388718e-18
85	0.5098166	1.8470863251617864e-19
86	0.5091031	1.2558007934902196e-19
87	0.5087281	1.0247141382202124e-19
88	0.5046378	1.0870379774287386e-20
89	0.5188157	2.11716342324029e-17
90	0.5056097	1.8602973714230777e-20
91	0.5127264	8.777852904332457e-19
92	0.5209055	6.156258410713801e-17
93	0.5101737	2.2393348373614315e-19
94	0.5091419	1.2824751277526392e-19
95	0.5110473	3.581415657306287e-19
96	0.5105004	2.669896782785132e-19
97	0.5170508	8.50964259380483e-18
98	0.5153421	3.490690475009222e-18
99	0.5200301	3.9429145758805595e-17
100	0.5153899	3.579212678307871e-18
101	0.5143534	2.0763692616682323e-18
102	0.5164038	6.078652046808162e-18
103	0.5119831	5.908385556076669e-19
104	0.5049031	1.2590726653916022e-20
105	0.5117861	5.31850621774951e-19
106	0.507489	5.2187005980077245e-20
107	0.5104495	2.5977882783093285e-19
108	0.5121753	6.546192232562727e-19
109	0.5153924	3.583903134850277e-18
110	0.5146208	2.3902438332106715e-18
111	0.5132749	1.174390729023953e-18
112	0.5101987	2.269698240888083e-19
113	0.521239	7.290781200607382e-17
114	0.507138	4.30739965769072e-20
115	0.5057461	2.005577964345982e-20
116	0.5110284	3.5452966479831805e-19
117	0.5149095	2.781949540820729e-18
118	0.5111006	3.685249392996853e-19
119	0.5081842	7.624344715462023e-20
120	0.5238813	2.7521337759445305e-16
121	0.5116862	5.042050047560515e-19
122	0.5146496	2.4267309020391802e-18
123	0.5124838	7.715286423792424e-19
124	0.5160417	5.032777797747386e-18
125	0.5113812	4.2830535230952953e-19
126	0.4976166	2.0774587352082674e-22
127	0.5123683	7.255176672764686e-19
128	0.5035834	6.051026068865594e-21
129	0.5103994	2.528697142700756e-19
130	0.5134998	1.322945314461791e-18
131	0.5151879	3.2196295102862428e-18
132	0.514674	2.458074453556548e-18
133	0.5044701	9.905325452888976e-21
134	0.5183133	1.634845914703612e-17
135	0.5113511	4.2145852319166395e-19
136	0.5150791	3.041013369907099e-18
137	0.5088661	1.1043930411684924e-19
138	0.5037311	6.569720567238531e-21
139	0.5195997	3.164606362164726e-17
140	0.5195891	3.147492871666561e-17
141	0.5157507	4.323040890109531e-18
142	0.5097757	1.8067521002736354e-19
143	0.5138121	1.560520779513791e-18
144	0.5135093	1.3296140705746063e-18
145	0.506175	2.5397004925308763e-20
146	0.522742	1.5561068790923508e-16
147	0.5175469	1.1004749600541952e-17
148	0.506688	3.3662199088124446e-20
149	0.5112892	4.0771692328117326e-19
150	0.5105388	2.7256053305794806e-19
151	0.5082723	7.998801889828628e-20
152	0.5159616	4.826655749049758e-18
153	0.512368	7.254017681177418e-19
154	0.5224508	1.3442335305262582e-16
155	0.5056807	1.9345685401309632e-20
156	0.516707	7.117724257473737e-18
157	0.5076648	5.744487680934857e-20
158	0.5144415	2.1749907936914636e-18
159	0.5171051	8.75284241438541e-18
160	0.5158726	4.6074164566644734e-18
161	0.5110881	3.660633745010742e-19
162	0.5066076	3.220968647230319e-20
163	0.5115195	4.6120688710353015e-19
164	0.5141711	1.8861348059708197e-18
165	0.5082587	7.939829888126282e-20
166	0.5153359	3.479368398574547e-18
167	0.512213	6.679069617427309e-19
168	0.5091549	1.2915373136182565e-19
169	0.5096349	1.6744557813258168e-19
170	0.5132813	1.1783805057615624e-18
171	0.5124014	7.384184410879928e-19
172	0.5074591	5.1341461736987626e-20
173	0.5138316	1.5766823089996848e-18
174	0.512573	8.090290865744056e-19
175	0.5155206	3.832760105454109e-18
176	0.5258754	7.396026346690052e-16
177	0.50933	1.4199592556270892e-19
178	0.5116942	5.063654482174339e-19
179	0.5120792	6.219199695656056e-19
180	0.5123056	7.016888609177275e-19
181	0.5079724	6.7936808291917e-20
182	0.5140672	1.7855396664276136e-18
183	0.5099869	2.0248387913363072e-19
184	0.5053914	1.6491882021387315e-20
185	0.512861	9.428595193513269e-19
186	0.5156352	4.0696455282739786e-18
187	0.5112805	4.0582144988868426e-19
188	0.506799	3.577473311597036e-20
189	0.5122735	6.897909741781257e-19
190	0.5205844	5.2294399672807575e-17
191	0.5116876	5.045824224714324e-19
192	0.5116413	4.922477830449414e-19
193	0.5120326	6.066511783389459e-19
194	0.5159629	4.8299334210898876e-18
195	0.5095596	1.6076888424131402e-19
196	0.5155351	3.8619615071189715e-18
197	0.5205766	5.208734146702237e-17
198	0.5142907	2.0088896569243916e-18
199	0.5202541	4.420023301295624e-17
200	0.5127231	8.762470074848962e-19
201	0.5125664	8.061936340594389e-19
202	0.5095008	1.5573914270031665e-19
203	0.518814	2.1153147898184875e-17
204	0.5091829	1.3112718386444038e-19
205	0.5092569	1.3648766398931875e-19
206	0.5158594	4.5757502996960846e-18
207	0.5165236	6.46993909234403e-18
208	0.5195776	3.1290298243331503e-17
209	0.5150572	3.006264046454918e-18
210	0.5181184	1.4785411347972798e-17
211	0.5148497	2.695914685125228e-18
212	0.5175256	1.0884089255599342e-17
213	0.5064271	2.91710808772555e-20
214	0.5151514	3.158579943794573e-18
215	0.5146998	2.4916521996584282e-18
216	0.5156338	4.066666024252103e-18
217	0.5092143	1.3337581172287738e-19
218	0.5072753	4.643395161157135e-20
219	0.5114086	4.346337074838955e-19
220	0.5175534	1.1041833615969865e-17
221	0.5080385	7.042805751865026e-20
222	0.5135073	1.3282073625725498e-18
223	0.5075579	5.418831719228538e-20
224	0.5195397	3.068936745412816e-17
225	0.5054571	1.7100947785419427e-20
226	0.5097032	1.7373870996820414e-19
227	0.5096362	1.6756322535345892e-19
228	0.5136775	1.4533497491845206e-18
229	0.5106082	2.829222288600093e-19
230	0.5104453	2.5919251238221994e-19
231	0.5120653	6.173261570717036e-19
232	0.5124277	7.488305843192578e-19
233	0.5079394	6.672594065547788e-20
234	0.5098846	1.916128514178145e-19
235	0.5054676	1.7200331615109138e-20
236	0.5204571	4.901458128819057e-17
237	0.5154268	3.6490647953197685e-18
238	0.5126646	8.494161942125262e-19
239	0.5182609	1.591284378255283e-17
240	0.516266	5.657456593348941e-18
241	0.5086223	9.67507480233758e-20
242	0.5145855	2.3462616283051366e-18
243	0.5197914	3.490468382409984e-17
244	0.5145421	2.2932834963672515e-18
245	0.5050923	1.3979871567848504e-20
246	0.5114269	4.389117832109046e-19
247	0.5069221	3.8271414315056125e-20
248	0.5142037	1.9188389545854063e-18
249	0.5105887	2.7997202757874485e-19
250	0.5114132	4.357051702784903e-19
251	0.5124001	7.379075062862158e-19
252	0.5169172	7.939359956878948e-18
253	0.517874	1.3032784444244473e-17
254	0.5142888	2.0068790655468766e-18
255	0.5150628	3.0151121479739618e-18
256	0.5098333	1.86381054601393e-19
257	0.5083211	8.214001145030286e-20
258	0.5125099	7.823195584419322e-19
259	0.5053629	1.6234407395404e-20
260	0.5137642	1.5215141439920339e-18
261	0.5148237	2.6593344603261543e-18
262	0.5109379	3.377282758168612e-19
263	0.5191147	2.468439678412343e-17
264	0.5156862	4.17966958482046e-18
265	0.5068734	3.7263699663236704e-20
266	0.5125117	7.830692427208646e-19
267	0.5121688	6.523548331522309e-19
268	0.5139768	1.702347123800017e-18
269	0.5129627	9.95174298404591e-19
270	0.5128857	9.553093435029822e-19
271	0.5169596	8.116126989556e-18
272	0.5074312	5.0564722502219694e-20
273	0.5105062	2.6782382293578647e-19
274	0.513509	1.3294029704073539e-18
275	0.5150518	2.9977562831440053e-18
276	0.5124395	7.535492998320959e-19
277	0.5164638	6.271603889748721e-18
278	0.5057185	1.9753010547875053e-20
279	0.5166365	6.861452329180182e-18
280	0.514748	2.555603325870023e-18
281	0.5193912	2.8442775755325645e-17
282	0.5198152	3.5331724617987786e-17
283	0.5075163	5.2971065413780794e-20
284	0.5075232	5.3171074795072997e-20
285	0.5110463	3.579495502425703e-19
286	0.5184986	1.7985628575143842e-17
287	0.5137842	1.5376820891241354e-18
288	0.5085976	9.546143005407914e-20
289	0.503957	7.449475126326686e-21
290	0.5069722	3.9336273286825187e-20
291	0.5123143	7.04948365793397e-19
292	0.515629	4.056466957811865e-18
293	0.514489	2.230072564880605e-18
294	0.5004769	1.0583835428391957e-21
295	0.5077764	6.105153006450136e-20
296	0.5112449	3.9815573470604877e-19
297	0.5089554	1.1591927528054477e-19
298	0.5116093	4.838977007650887e-19
299	0.5127529	8.90235483441471e-19
300	0.5075752	5.470265106872697e-20
301	0.5153563	3.516759223931422e-18
302	0.5083372	8.286249775657092e-20
303	0.5111185	3.7207846434298083e-19
304	0.5090344	1.2099117607097588e-19
305	0.511441	4.422364185990676e-19
306	0.5145122	2.2574752040365293e-18
307	0.5184228	1.729719203640532e-17
308	0.5130517	1.043307028229603e-18
309	0.5132449	1.1558661661320838e-18
310	0.5078916	6.500983596395995e-20
311	0.5059892	2.292914377781017e-20
312	0.5164071	6.089110088898023e-18
313	0.5133566	1.226342342800421e-18
314	0.511821	5.418580935662797e-19
315	0.5138908	1.6267687917395764e-18
316	0.5099313	1.9650184386302875e-19
317	0.519526	3.047496422345333e-17
318	0.5201597	4.212370282776397e-17
319	0.5127326	8.806826304793707e-19
320	0.5138099	1.5587077515617257e-18
321	0.5145988	2.3627379947087294e-18
322	0.5137019	1.4722216382797043e-18
323	0.5072447	4.566332173459686e-20
324	0.5152306	3.292532321815591e-18
325	0.5072932	4.689070337093564e-20
326	0.5133641	1.2312239414532422e-18
327	0.5095023	1.5586549408932715e-19
328	0.5113545	4.222264573202168e-19
329	0.5200697	4.0233879123381185e-17
330	0.5128404	9.325991972846956e-19
331	0.5109941	3.480666188187186e-19
332	0.5113478	4.2071449787144436e-19
333	0.5132016	1.1296379402870155e-18
334	0.5094437	1.510040599587272e-19
335	0.5050543	1.3689188144929384e-20
336	0.5174592	1.0516281529841986e-17
337	0.5092724	1.3763766284180502e-19
338	0.5136314	1.4183454225416614e-18
339	0.5186308	1.9251739097509887e-17
340	0.5156476	4.09612988198806e-18
341	0.5152997	3.413983840402298e-18
342	0.5075347	5.350608764441638e-20
343	0.509206	1.3277774251771542e-19
344	0.5172381	9.377952148932493e-18
345	0.510166	2.230064191466352e-19
346	0.5156415	4.0830800467797506e-18
347	0.5202258	4.3567313860216356e-17
348	0.5149022	2.7713030916395525e-18
349	0.5074579	5.130781162537836e-20
350	0.5063703	2.827498802636604e-20
351	0.5059582	2.254118447164765e-20
352	0.5118331	5.453710733920663e-19
353	0.5098277	1.8581857789556667e-19
354	0.5154848	3.761595093127127e-18
355	0.517492	1.0696406768145687e-17
356	0.5217707	9.540906282325237e-17
357	0.5153686	3.539495531211396e-18
358	0.5090469	1.218135864395422e-19
359	0.5096595	1.6968576175698466e-19
360	0.5167376	7.231882761928677e-18
361	0.5093951	1.4708637440573154e-19
362	0.5118256	5.431909591695243e-19
363	0.5130571	1.0463004790649535e-18
364	0.5179685	1.3684653173068389e-17
365	0.5049981	1.3270229001316337e-20
366	0.5148914	2.755626085559225e-18
367	0.5129589	9.931688666713154e-19
368	0.5141612	1.876312820008179e-18
369	0.5117946	5.342709846912471e-19
370	0.5234447	2.2129600721034282e-16
371	0.520393	4.744091024890548e-17
372	0.5076118	5.580677211593966e-20
373	0.5148219	2.656820239922716e-18
374	0.5197437	3.406411200837932e-17
375	0.5184573	1.7607237892471303e-17
376	0.5153056	3.424556898348829e-18
377	0.5114327	4.402763570379112e-19
378	0.5108069	3.147955087549614e-19
379	0.5137995	1.5501652557401025e-18
380	0.5126919	8.618344898308913e-19
381	0.5097209	1.7540744086225578e-19
382	0.5141253	1.841118440280428e-18
383	0.5139884	1.712803849481735e-18
384	0.5154093	3.615770532173098e-18
385	0.5083867	8.512346756926083e-20
386	0.5126844	8.584050763093224e-19
387	0.5171892	9.143146010287658e-18
388	0.5143929	2.120027027509659e-18
389	0.5164741	6.305331282279649e-18
390	0.5185262	1.8242971180744098e-17
391	0.510708	2.98509980680401e-19
392	0.5174008	1.0202966656121385e-17
393	0.5130209	1.0263946322373856e-18
394	0.5123569	7.211263599216636e-19
395	0.5150889	3.0566917340088938e-18
396	0.5111444	3.7728029577397543e-19
397	0.511117	3.7177938505407607e-19
398	0.5096569	1.6944759853783272e-19
399	0.5206189	5.322003538586688e-17
400	0.508496	9.033458998086421e-20
401	0.5134303	1.2751548043597724e-18
402	0.520529	5.084120491227393e-17
403	0.5079142	6.581569700166383e-20
404	0.5075325	5.344183688003022e-20
405	0.5134869	1.3139428147990573e-18
406	0.5193014	2.7163958272159173e-17
407	0.5143462	2.068507811561863e-18
408	0.5167471	7.267691182206707e-18
409	0.509897	1.9289912749533344e-19
410	0.5028268	3.96696340229115e-21
411	0.5139117	1.6448248409564294e-18
412	0.5138949	1.6302953523093523e-18
413	0.5171759	9.080294822450733e-18
414	0.5165176	6.44976241094048e-18
415	0.5131195	1.081514310633861e-18
416	0.5150741	3.033044887437251e-18
417	0.5013392	1.7216951542277498e-21
418	0.5072541	4.5898692978069957e-20
419	0.5042971	8.998739866607688e-21
420	0.5132271	1.1450119478175866e-18
421	0.5140793	1.7969759961141793e-18
422	0.5105492	2.740890128421744e-19
423	0.5197891	3.486368658332583e-17
424	0.5101126	2.1668091061782666e-19
425	0.5191273	2.4844452664041166e-17
426	0.5115022	4.5695810417469965e-19
427	0.5121537	6.471243674335596e-19
428	0.5154368	3.668226093955687e-18
429	0.5132562	1.1628095498752108e-18
430	0.508696	1.007012256655377e-19
431	0.5164042	6.0799187412820585e-18
432	0.5197405	3.400844329536166e-17
433	0.5115601	4.713322382102168e-19
434	0.5054752	1.727262344077137e-20
435	0.5101543	2.216050328064837e-19
436	0.5077008	5.858462766954293e-20
437	0.5145838	2.3441638388430904e-18
438	0.5101556	2.217603107280992e-19
439	0.51446	2.1962817618349863e-18
440	0.5142444	1.9604576172302402e-18
441	0.521143	6.944543255510388e-17
442	0.5172536	9.453617005400914e-18
443	0.5174992	1.0736353060843668e-17
444	0.511167	3.818781326090103e-19
445	0.5165906	6.6995311179453025e-18
446	0.5130329	1.032951364547431e-18
447	0.5176795	1.1786222197537826e-17
448	0.5058232	2.0926140809666206e-20
449	0.5072619	4.609491320792366e-20
450	0.518652	1.9462817652292363e-17
451	0.5045158	1.0159560895291121e-20
452	0.513756	1.5149340233309055e-18
453	0.5162309	5.5548684822288516e-18
454	0.5168601	7.70731237194075e-18
455	0.5067227	3.430896788776377e-20
456	0.5178528	1.2890816884813967e-17
457	0.5128388	9.318069203407202e-19
458	0.5135519	1.3599296255787065e-18
459	0.5149358	2.820642571990528e-18
460	0.5176462	1.1584956483039968e-17
461	0.5203467	4.633540411725215e-17
462	0.5105486	2.740006010619137e-19
463	0.5081049	7.302169966335349e-20
464	0.5159881	4.893906682977896e-18
465	0.5203572	4.6583858351239267e-17
466	0.5235516	2.3344393522681283e-16
467	0.5124388	7.532685565767381e-19
468	0.50771	5.887947347314695e-20
469	0.5205539	5.14893491789298e-17
470	0.513503	1.3251879265022893e-18
471	0.5200413	3.965511925735038e-17
472	0.5086413	9.775425485481824e-20
473	0.5140505	1.7698738676674697e-18
474	0.5095739	1.6201622462140164e-19
475	0.5079766	6.809247191263296e-20
476	0.5163185	5.8144084635183934e-18
477	0.508935	1.146441479518649e-19
478	0.5111124	3.70863692032776e-19
479	0.5190503	2.3882120886265108e-17
480	0.5153748	3.551011181152906e-18
481	0.5192358	2.6265863082226577e-17
482	0.514377	2.1023452196412137e-18
483	0.5166886	7.049940071467896e-18
484	0.5018596	2.307086488405146e-21
485	0.5130473	1.0408741891599368e-18
486	0.5169442	8.051478162262783e-18
487	0.5143735	2.0984726398628175e-18
488	0.5083591	8.3855373086658e-20
489	0.5196712	3.28246934258287e-17
490	0.5149856	2.8953737908875822e-18
491	0.5146609	2.4411970861105604e-18
492	0.5169069	7.896997101930316e-18
493	0.5098227	1.8531778730215305e-19
494	0.5103865	2.511203794785074e-19
495	0.5118312	5.448179598656455e-19
496	0.5063676	2.823307791975998e-20
497	0.5159732	4.85598062981032e-18
498	0.5099709	2.0074418664446404e-19
499	0.5093922	1.468558121647436e-19
500	0.5127448	8.864115172859794e-19
501	0.5040632	7.902478394576176e-21
502	0.5163423	5.8869716409930815e-18
503	0.512053	6.132891535921301e-19
504	0.5073516	4.841206171337268e-20
505	0.513248	1.1577668929841144e-18
506	0.5143228	2.043160971028737e-18
507	0.5162639	5.651266471247959e-18
508	0.5170998	8.728805044770053e-18
509	0.5163086	5.7844858533829864e-18
510	0.5114043	4.3363448200219614e-19
511	0.5117632	5.253837655455849e-19
512	0.5242374	3.286402978165481e-16
513	0.5151949	3.2314703755057254e-18
514	0.5156922	4.192805534989615e-18
515	0.5123456	7.167995414633671e-19
516	0.5211899	7.111615137751771e-17
517	0.508733	1.0274432745216532e-19
518	0.5122666	6.872596818928388e-19
519	0.5070724	4.1554832974753157e-20
520	0.5052877	1.5574000953666694e-20
521	0.510595	2.8092182301688036e-19
522	0.5184176	1.7250931098502057e-17
523	0.5075384	5.36143183697322e-20
524	0.5177015	1.1921083676722703e-17
525	0.5094338	1.501977197647705e-19
526	0.5083916	8.535057752888503e-20
527	0.5075143	5.2913231138041944e-20
528	0.5127655	8.96216356862767e-19
529	0.5056202	1.87110041680811e-20
530	0.5032051	4.9003614436743664e-21
531	0.5138753	1.6135047630341414e-18
532	0.5092459	1.3567731410086738e-19
533	0.5101809	2.248038016659581e-19
534	0.5041689	8.380442850750158e-21
535	0.5198314	3.5625349883586346e-17
536	0.51151	4.588689215785023e-19
537	0.513739	1.5013818992757726e-18
538	0.5108775	3.2695615313718746e-19
539	0.5118567	5.522878392984525e-19
540	0.5113898	4.302817376404027e-19
541	0.5125246	7.8846283163825555e-19
542	0.5119962	5.949831616096261e-19
543	0.5105563	2.7513736631582977e-19
544	0.5142565	1.973002118328758e-18
545	0.5085743	9.426079584066294e-20
546	0.5124257	7.480337062099965e-19
547	0.5096058	1.6483339641858836e-19
548	0.511486	4.530146201059224e-19
549	0.509993	2.0315106090871896e-19
550	0.5092289	1.3443431846481339e-19
551	0.5160139	4.960271573215301e-18
552	0.5142115	1.9267467035487586e-18
553	0.5134334	1.2772495878270513e-18
554	0.5141853	1.9003118025264777e-18
555	0.5099538	1.989012521927218e-19
556	0.5096933	1.7281221825729193e-19
557	0.5160481	5.049617797036094e-18
558	0.5171555	8.984721022398784e-18
559	0.5130572	1.0463559934388245e-18
560	0.5131933	1.1246780645248604e-18
561	0.5144142	2.143944801499483e-18
562	0.5118935	5.632469804645699e-19
563	0.5166702	6.982794526729331e-18
564	0.5127288	8.789057204107004e-19
565	0.5109698	3.4355858003815556e-19
566	0.5103005	2.397605277427904e-19
567	0.5074364	5.070860306235013e-20
568	0.5139718	1.697859423384618e-18
569	0.5171942	9.166885406206491e-18
570	0.507524	5.3194312634100936e-20
571	0.512196	6.618824086715119e-19
572	0.514201	1.916109147092226e-18
573	0.5135473	1.356623443302225e-18
574	0.5081518	7.49104529834e-20
575	0.5183297	1.648720446615229e-17
576	0.5204994	5.008120602422291e-17
577	0.5033961	5.451269719253684e-21
578	0.5162262	5.541272075967728e-18
579	0.5078667	6.413327653473042e-20
580	0.5100563	2.1020425275407143e-19
581	0.5096763	1.7123267427314557e-19
582	0.5092227	1.3398380301157249e-19
583	0.5105653	2.7647197340506213e-19
584	0.5086666	9.910652397083675e-20
585	0.5148712	2.726539477074548e-18
586	0.5183743	1.6870441017748664e-17
587	0.5135685	1.371927083493864e-18
588	0.50999	2.0282266711037238e-19
589	0.5178943	1.3170173942296188e-17
590	0.5148715	2.726969225863495e-18
591	0.5069846	3.9604331188041693e-20
592	0.5119729	5.876312608409137e-19
593	0.513489	1.3154041950993591e-18
594	0.5040141	7.689742455886144e-21
595	0.5117479	5.211065588748131e-19
596	0.5092146	1.333974785704869e-19
597	0.520522	5.066045256936126e-17
598	0.515193	3.228252172460305e-18
599	0.5170512	8.511409449398644e-18
600	0.5209172	6.192932305730981e-17
601	0.5157686	4.363684569236778e-18
602	0.5116218	4.871426281766388e-19
603	0.5105454	2.7352954829134325e-19
604	0.5172328	9.352217331377936e-18
605	0.5163619	5.9474016661212735e-18
606	0.5088647	1.1035546759157411e-19
607	0.5143257	2.0462854825044893e-18
608	0.516172	5.386838654118938e-18
609	0.5091443	1.284143393344971e-19
610	0.5257541	6.966780884263544e-16
611	0.5123121	7.041227100053969e-19
612	0.5198802	3.6524508438210285e-17
613	0.5155341	3.8599405694250506e-18
614	0.513994	1.7178746504680471e-18
615	0.521314	7.573103314737513e-17
616	0.5140352	1.7556408093390335e-18
617	0.507918	6.595216421417268e-20
618	0.5094274	1.4967872031983142e-19
619	0.5115098	4.588198275801776e-19
620	0.5146181	2.3868511329333312e-18
621	0.521637	8.917639690478333e-17
622	0.5084909	9.008455447662674e-20
623	0.5093103	1.404901742458073e-19
624	0.5097799	1.8108534857008758e-19
625	0.5199039	3.6969248002636537e-17
626	0.5165908	6.70022839127371e-18
627	0.5043866	9.456981971941864e-21
628	0.509664	1.7009875101321044e-19
629	0.5126557	8.454061520123742e-19
630	0.5108438	3.2109447956280427e-19
631	0.514342	2.0639355760727455e-18
632	0.5108678	3.252581900128084e-19
633	0.513451	1.2892072756554976e-18
634	0.5129472	9.870193333095033e-19
635	0.509504	1.5600881506402357e-19
636	0.5098714	1.9025292284627043e-19
637	0.5168678	7.738208475676348e-18
638	0.5075224	5.3147847012821745e-20
639	0.5121585	6.487825149860605e-19
640	0.517526	1.0886343076105472e-17
641	0.5049192	1.2703407620262482e-20
642	0.5105824	2.790254120940361e-19
643	0.5193397	2.770227242072107e-17
644	0.5129675	9.977132055401738e-19
645	0.5096369	1.6762660776069093e-19
646	0.5104934	2.659863773964182e-19
647	0.5098949	1.9268069053684106e-19
648	0.5134859	1.3132474843286678e-18
649	0.510539	2.725898471504555e-19
650	0.5207137	5.584774331197958e-17
651	0.5131106	1.0764210082944355e-18
652	0.5146152	2.3832124293839045e-18
653	0.5103331	2.4400553338427715e-19
654	0.5067181	3.422252629637504e-20
655	0.5146712	2.454457402143213e-18
656	0.5122259	6.725147313965346e-19
657	0.5091344	1.277275620749054e-19
658	0.5106479	2.8902399867870102e-19
659	0.5122151	6.68654928292017e-19
660	0.5047514	1.1576476374443817e-20
661	0.5145024	2.2458595376377635e-18
662	0.5109423	3.385265930752358e-19
663	0.5190911	2.4387348036499704e-17
664	0.5158388	4.526761621359184e-18
665	0.5217574	9.47702568598989e-17
666	0.5085249	9.17644972053526e-20
667	0.5146345	2.407532323619698e-18
668	0.5104214	2.5588095727937765e-19
669	0.509586	1.630791490837394e-19
670	0.5121544	6.473659190598434e-19
671	0.5031663	4.79538617725711e-21
672	0.5171226	8.832677059343174e-18
673	0.5177662	1.232660647735116e-17
674	0.5200027	3.888167055932373e-17
675	0.5122214	6.709038068397344e-19
676	0.5184856	1.7865663385833884e-17
677	0.5033178	5.218369035648191e-21
678	0.5145415	2.292559438708532e-18
679	0.5169737	8.175768599151642e-18
680	0.5146851	2.472465454990166e-18
681	0.5160694	5.106065931283911e-18
682	0.5093521	1.437041479202257e-19
683	0.5192217	2.6076695170592305e-17
684	0.5218397	9.879210201361598e-17
685	0.5119976	5.954277953947208e-19
686	0.5136866	1.4603598737294015e-18
687	0.5125848	8.141231561043692e-19
688	0.5083658	8.41614769692395e-20
689	0.5152562	3.337020561783295e-18
690	0.5069959	3.985018544202551e-20
691	0.5139747	1.700460861564001e-18
692	0.5115054	4.577410743574424e-19
693	0.5123278	7.100359166458103e-19
694	0.5159303	4.748400449773707e-18
695	0.5108736	3.262724144835919e-19
696	0.5150192	2.9468983338461472e-18
697	0.5109637	3.4243604032330243e-19
698	0.50213	2.68524389854425e-21
699	0.5105595	2.756111607882943e-19
700	0.5209468	6.286681190462726e-17
701	0.5127023	8.666123960461226e-19
702	0.5089447	1.1524871662184572e-19
703	0.5148874	2.749842084111682e-18
704	0.5105984	2.814357359235082e-19
705	0.5093995	1.4743687776305296e-19
706	0.508357	8.375965727130649e-20
707	0.5124019	7.386150477127419e-19
708	0.5206709	5.464588230914948e-17
709	0.5141799	1.8949081667010817e-18
710	0.514113	1.8292111036285925e-18
711	0.5119295	5.741761329242655e-19
712	0.5165114	6.428978565978258e-18
713	0.5186273	1.9217109611642033e-17
714	0.5139856	1.710274006899955e-18
715	0.5144809	2.220583000451821e-18
716	0.5097423	1.774462116646039e-19
717	0.5121659	6.513470699902069e-19
718	0.5126877	8.599123508344536e-19
719	0.513514	1.3329256413946569e-18
720	0.5118998	5.651446022234283e-19
721	0.5136746	1.4511227593204748e-18
722	0.5119155	5.699011810978701e-19
723	0.5098225	1.8529778350424757e-19
724	0.5115418	4.667413903400888e-19
725	0.5121188	6.351937447840978e-19
726	0.5230268	1.795148162201715e-16
727	0.515582	3.957928693335752e-18
728	0.5227912	1.5950274572230244e-16
729	0.5084475	8.798435267986943e-20
730	0.5114703	4.4922500438009655e-19
731	0.509386	1.4636408597745408e-19
732	0.5126357	8.364630662178491e-19
733	0.5079288	6.634155070539474e-20
734	0.5175268	1.0890852102050265e-17
735	0.5090176	1.1989451299340476e-19
736	0.506583	3.1777796834556635e-20
737	0.5082225	7.784950890089774e-20
738	0.5114463	4.434925413783656e-19
739	0.5082832	8.046379261428446e-20
740	0.512357	7.21164765535427e-19
741	0.5142563	1.9727941269541213e-18
742	0.5117732	5.281980890516804e-19
743	0.51153	4.63804677371533e-19
744	0.5139536	1.6816228471506491e-18
745	0.5016658	2.069022972179964e-21
746	0.5057988	2.0646722993136692e-20
747	0.5135775	1.3784754628435174e-18
748	0.5126515	8.435202866271901e-19
749	0.516175	5.395274192953577e-18
750	0.5124096	7.416493418118562e-19
751	0.514989	2.9005467812413932e-18
752	0.5080462	7.072408521163264e-20
753	0.5087215	1.0210495048015065e-19
754	0.510459	2.611098669826969e-19
755	0.5127282	8.786254802667213e-19
756	0.5137534	1.5128535304510197e-18
757	0.5100889	2.1393076278576093e-19
758	0.5117084	5.102228307075717e-19
759	0.5113963	4.317815062099094e-19
760	0.5169511	8.080380965466141e-18
761	0.5187938	2.093470463769367e-17
762	0.5099437	1.9782061655084154e-19
763	0.5179547	1.3587486632281106e-17
764	0.5094212	1.4917763348125878e-19
765	0.5202439	4.3971072922729365e-17
766	0.5070548	4.1156364234301524e-20
767	0.5145285	2.2769269561913142e-18
768	0.5103349	2.4424207624941874e-19
769	0.5193115	2.730490331143209e-17
770	0.5065744	3.162816865963427e-20
771	0.5128364	9.306197539792631e-19
772	0.5129529	9.900105371056764e-19
773	0.5085463	9.283774701170166e-20
774	0.5071137	4.2504946703583426e-20
775	0.5175622	1.1092236680193132e-17
776	0.510382	2.5051297009857323e-19
777	0.5113625	4.2403883032859276e-19
778	0.5156294	4.05731591250495e-18
779	0.5149433	2.8317739619332553e-18
780	0.5119408	5.776497706032937e-19
781	0.5142715	1.9886634778080306e-18
782	0.5107932	3.12488145724921e-19
783	0.511962	5.842229076525721e-19
784	0.5140766	1.79441782100896e-18
785	0.5084613	8.864684502577453e-20
786	0.5171973	9.181634439097901e-18
787	0.5139848	1.7095518742163758e-18
788	0.5141632	1.8782929709605265e-18
789	0.5247102	4.156867284480876e-16
790	0.5079305	6.640305012820861e-20
791	0.5085118	9.111358167706684e-20
792	0.5037946	6.806047618286143e-21
793	0.5092269	1.3428882721383288e-19
794	0.5115739	4.748237312723869e-19
795	0.5074841	5.2047499394387296e-20
796	0.5107066	2.9828554129978442e-19
797	0.5091864	1.3137595593430063e-19
798	0.5184822	1.7834418636097438e-17
799	0.5118503	5.504035696063844e-19
800	0.5054992	1.7502895909343134e-20
801	0.5156508	4.102992190596962e-18
802	0.5240282	2.9612509416807916e-16
803	0.5176223	1.1442603601997463e-17
804	0.5122826	6.931434628731422e-19
805	0.5139749	1.7006404164316133e-18
806	0.5222746	1.2301534527248836e-16
807	0.5130582	1.0469112975566804e-18
808	0.5162358	5.569078600051744e-18
809	0.5061608	2.5199449067377676e-20
810	0.5171195	8.81848261552769e-18
811	0.5091318	1.2754780029514193e-19
812	0.5062386	2.6300829247178666e-20
813	0.5089149	1.1340136255591493e-19
814	0.5045706	1.0472960255081917e-20
815	0.5257075	6.808500534043811e-16
816	0.5075357	5.353531782923998e-20
817	0.5125098	7.822779301539263e-19
818	0.5038279	6.933328140436123e-21
819	0.5183433	1.6603144288292913e-17
820	0.5175012	1.0747475415416546e-17
821	0.5178983	1.319741421571186e-17
822	0.5173896	1.0143942764040902e-17
823	0.5115666	4.729736038937946e-19
824	0.5154604	3.713842368436555e-18
825	0.517685	1.1819795427494824e-17
826	0.5135765	1.3777463401540102e-18
827	0.502815	3.940877869695533e-21
828	0.5109601	3.417752627644598e-19
829	0.5133023	1.1915664307657747e-18
830	0.5107282	3.0176699442839814e-19
831	0.514433	2.165277063277118e-18
832	0.5177595	1.2283987184465102e-17
833	0.5091705	1.3024956872998315e-19
834	0.513772	1.5277995310019344e-18
835	0.5153081	3.4290467745892415e-18
836	0.5169883	8.237982030652776e-18
837	0.515518	3.827547139508214e-18
838	0.5014429	1.8251991353683972e-21
839	0.5130713	1.0542127783664547e-18
840	0.5108999	3.3091083249101726e-19
841	0.5201819	4.2603192830278795e-17
842	0.510269	2.3572825588944433e-19
843	0.5058211	2.0901945907235818e-20
844	0.5134066	1.2592518244821193e-18
845	0.5189942	2.3204293431937e-17
846	0.5071627	4.366014823336565e-20
847	0.5119468	5.795026278441389e-19
848	0.510732	3.0238362070634067e-19
849	0.5066084	3.222382887566289e-20
850	0.5115467	4.679662756860646e-19
851	0.5127217	8.755952090686675e-19
852	0.503841	6.984043595982735e-21
853	0.5098428	1.8733911522584744e-19
854	0.5090297	1.2068337445842343e-19
855	0.5167421	7.24882283674086e-18
856	0.5128457	9.3522838045953e-19
857	0.5125998	8.206445253827431e-19
858	0.5092561	1.3642856816476215e-19
859	0.5126038	8.22392273185161e-19
860	0.5195981	3.162017310881619e-17
861	0.5114952	4.552499767511023e-19
862	0.5111355	3.754847239074048e-19
863	0.5117728	5.280852300810219e-19
864	0.5138594	1.6000096533237647e-18
865	0.5233648	2.126261970127418e-16
866	0.5141719	1.886930720234821e-18
867	0.5156133	4.023283954296851e-18
868	0.5132912	1.1845786347323997e-18
869	0.5130094	1.0201497603843029e-18
870	0.5062401	2.632252613956073e-20
871	0.5093177	1.4105392285185902e-19
872	0.5162235	5.5334762693083424e-18
873	0.5100308	2.073342154351091e-19
874	0.5151385	3.137278631381655e-18
875	0.5079846	6.838995213390602e-20
876	0.5086383	9.759512374171364e-20
877	0.5114921	4.544955414936554e-19
878	0.5142938	2.012174375848791e-18
879	0.5166966	7.079332633062279e-18
880	0.5157654	4.3563910106959585e-18
881	0.5071502	4.336253181537238e-20
882	0.514566	2.3223099049256433e-18
883	0.5087371	1.0297323689215513e-19
884	0.5137308	1.4948879578560788e-18
885	0.5163735	5.98345502136215e-18
886	0.521211	7.188069522501057e-17
887	0.5141288	1.844520704250457e-18
888	0.5150842	3.0491625626127653e-18
889	0.5165334	6.5030287021924486e-18
890	0.5127205	8.750369067201681e-19
891	0.5128568	9.407585805867863e-19
892	0.5172742	9.555113343004226e-18
893	0.5074319	5.058406745599573e-20
894	0.512278	6.914467871557989e-19
895	0.5153079	3.42868737024723e-18
896	0.5158453	4.542162913812146e-18
897	0.5236434	2.444000772753267e-16
898	0.5157224	4.259545905624669e-18
899	0.5138382	1.5821897997794186e-18
900	0.5108359	3.1973550439661493e-19
901	0.5160492	5.052517780817146e-18
902	0.5129775	1.0030232061061795e-18
903	0.5079788	6.817415095485036e-20
904	0.5128357	9.302737792321607e-19
905	0.5095198	1.573471162726345e-19
906	0.5037065	6.480369092551862e-21
907	0.5131735	1.1129329471259907e-18
908	0.5110574	3.600866482259825e-19
909	0.5184326	1.7384709831703056e-17
910	0.5160944	5.1731163901053915e-18
911	0.5109815	3.4572185409562496e-19
912	0.5114926	4.546171408207438e-19
913	0.507535	5.351485503934107e-20
914	0.5153205	3.4514027974050694e-18
915	0.5099309	1.9645944808197488e-19
916	0.5151925	3.2274058041373035e-18
917	0.5190941	2.442491147212507e-17
918	0.5118043	5.370463709233058e-19
919	0.5160766	5.1252878145998305e-18
920	0.5063327	2.769685894188339e-20
921	0.5163908	6.0376262954530075e-18
922	0.5102069	2.2797459563038655e-19
923	0.5148561	2.7049951467456485e-18
924	0.5088624	1.1021787298215583e-19
925	0.5113779	4.275493603875999e-19
926	0.5107999	3.1361446419963645e-19
927	0.5184369	1.742324858593264e-17
928	0.5196958	3.324016016534817e-17
929	0.5150342	2.9701923028151518e-18
930	0.5174731	1.05922458216358e-17
931	0.5116117	4.845190624314494e-19
932	0.5213557	7.734720640324984e-17
933	0.5079362	6.660966650133568e-20
934	0.5189786	2.3019211006206814e-17
935	0.5194237	2.8920121239347974e-17
936	0.512488	7.732551102588293e-19
937	0.5073324	4.790656965331056e-20
938	0.5076877	5.816731540333699e-20
939	0.5177206	1.2039404913125052e-17
940	0.5063061	2.729495259907183e-20
941	0.5087105	1.0149706078944559e-19
942	0.5191042	2.455179605973842e-17
943	0.5114551	4.455859857162939e-19
944	0.5112584	4.0104565343516314e-19
945	0.5127096	8.69981771033933e-19
946	0.5136089	1.4015652065636387e-18
947	0.517991	1.3844552575764824e-17
948	0.5090476	1.218598047786745e-19
949	0.5172784	9.575938668043785e-18
950	0.5228071	1.6078099225957368e-16
951	0.511931	5.746360421902019e-19
952	0.5117051	5.09323810024382e-19
953	0.5090334	1.2092562131499553e-19
954	0.5057653	2.0269109375483503e-20
955	0.513732	1.4958365514051736e-18
956	0.5083426	8.310622927876829e-20
957	0.5140351	1.7555481564306504e-18
958	0.5116796	5.024295110163489e-19
959	0.5088532	1.0966919172626864e-19
960	0.5066016	3.2103814288173146e-20
961	0.517174	9.07135103745938e-18
962	0.5186657	1.96004378360623e-17
963	0.5113408	4.1914056468852436e-19
964	0.5137791	1.5335431833249265e-18
965	0.5138461	1.5888071390579872e-18
966	0.5130977	1.0690807006688064e-18
967	0.5059314	2.2211034449824956e-20
968	0.5125026	7.792864489226375e-19
969	0.5108185	3.1676237191107617e-19
970	0.5129445	9.856055713980289e-19
971	0.5053055	1.5727874108553254e-20
972	0.507519	5.3049241033994503e-20
973	0.5101618	2.2250235054116615e-19
974	0.5090731	1.235553658122714e-19
975	0.510649	2.8919490768482325e-19
976	0.5105885	2.7994192747625127e-19
977	0.5035608	5.975323903284503e-21
978	0.5125258	7.8896642649806165e-19
979	0.5062742	2.682058137426279e-20
980	0.510115	2.16961351246927e-19
981	0.5050743	1.384142475680341e-20
982	0.5125125	7.834026639684661e-19
983	0.5232591	2.016705957699215e-16
984	0.5113271	4.1607700410727475e-19
985	0.510659	2.9075322327454364e-19
986	0.5197752	3.461693197609266e-17
987	0.514603	2.3679648065702508e-18
988	0.50583	2.1004676793923643e-20
989	0.5049563	1.296688290898749e-20
990	0.5085255	9.179442019233534e-20
991	0.521421	7.994678895703785e-17
992	0.5095567	1.6051708946289154e-19
993	0.5071862	4.422515620907982e-20
994	0.5156783	4.162436000218506e-18
995	0.5122086	6.663424785352352e-19
996	0.5121478	6.4509197450373e-19
997	0.5106846	2.9478050177823933e-19
998	0.518244	1.5774812925789705e-17
999	0.5111682	3.8212381066651734e-19
