Dataset	Random-mean	P-value
0	0.03963065	0.08890110609858769
1	0.04142875	0.14493359805665815
2	0.04031423	0.1076904849143645
3	0.03898103	0.07359098623958293
4	0.03942343	0.08376004513100167
5	0.04041025	0.11056563149052212
6	0.04116934	0.13548509317605809
7	0.04181564	0.15995508203193928
8	0.04123907	0.13797668886790942
9	0.03965467	0.0895131830893737
10	0.03941748	0.08361607036587552
11	0.04149722	0.1475100367330484
12	0.0420112	0.16798362643840675
13	0.04018463	0.10390435744548457
14	0.03863612	0.06638503187688859
15	0.03997724	0.09806714726969767
16	0.04168766	0.15486068445304793
17	0.04213303	0.17313645513516487
18	0.03941059	0.08344960119331923
19	0.03975893	0.0922094854143527
20	0.03938992	0.08295180828207732
21	0.04058117	0.1158336217648298
22	0.03858134	0.06529606104681904
23	0.04357237	0.2432190335920654
24	0.04113529	0.13428115147329495
25	0.03971966	0.09118632980074198
26	0.04066797	0.11858364995600056
27	0.04220806	0.17636829856487338
28	0.04205696	0.16990534608160682
29	0.04027299	0.10647399646522854
30	0.04105582	0.1315035338093748
31	0.04007161	0.10068987164109282
32	0.04016093	0.10322359813403852
33	0.04031243	0.10763715954301002
34	0.03989799	0.09590716770188092
35	0.03875973	0.06889745938131589
36	0.04311816	0.21922280803460067
37	0.03964065	0.08915551368549221
38	0.0408053	0.12303915017072929
39	0.04288677	0.20767550818698058
40	0.04247967	0.18844502069719293
41	0.04017952	0.1037572759779514
42	0.04018371	0.10387786476845313
43	0.04065989	0.11832550892142976
44	0.04075281	0.12132094107652544
45	0.04077506	0.12204696090937736
46	0.03969087	0.09044205518195282
47	0.03939625	0.08310399585614178
48	0.04114089	0.13447858453775913
49	0.039698699999999996	0.09064398820683917
50	0.04335379	0.2314496069767223
51	0.0415182	0.14830647384941895
52	0.03956838	0.0873300815850008
53	0.03925336	0.07972338348618055
54	0.03860059	0.06567703573399207
55	0.03959824	0.08808060018360647
56	0.04125593	0.13858441601710983
57	0.04222098	0.17692933718640816
58	0.04040364	0.11036577781686494
59	0.03827869	0.059542827816270204
60	0.04131865	0.14086335781629186
61	0.04324643	0.22581976611546356
62	0.04110063	0.13306417898493034
63	0.04014692	0.10282285007611565
64	0.04022703	0.10513117704990926
65	0.04215824	0.1742173614366518
66	0.04217953	0.17513412324700803
67	0.04022858	0.10517624292376034
68	0.04054861	0.11481510478111592
69	0.03792328	0.05333151646215295
70	0.03708657	0.040822702079061204
71	0.04192133	0.16425718784332688
72	0.04142885	0.14493733555515276
73	0.03887621	0.07133616582257811
74	0.03871528	0.06798511847573198
75	0.04323596	0.22527602285481346
76	0.04107556	0.13218927715596065
77	0.04058739	0.11602899887164582
78	0.04118059	0.1358847037987564
79	0.03891769	0.07222157310219662
80	0.04054658	0.11475183862792872
81	0.03820914	0.058282083639093284
82	0.03843169	0.06239626914067362
83	0.04185275	0.16145580273012206
84	0.04098902	0.12920348349205743
85	0.03983962	0.09434083252290637
86	0.03921344	0.07879922105899623
87	0.03937595	0.08261673918477086
88	0.04444861	0.2946058204124309
89	0.04093303	0.12729988659022778
90	0.04329734	0.22847708969198544
91	0.04088541	0.12569814332347673
92	0.04151771	0.14828783510814725
93	0.04141345	0.1443626326621874
94	0.04117007	0.13551099581465598
95	0.04124644	0.13824209030224008
96	0.04229015	0.17995567584131425
97	0.03757847	0.0478335530516166
98	0.04103901	0.13092175802782663
99	0.03941473	0.08354959535210946
100	0.04061117	0.11677835068051125
101	0.04299583	0.2130617100516982
102	0.04055159	0.11490802809741292
103	0.04116461	0.1353173512021934
104	0.039164	0.07766680309528531
105	0.04205195	0.1696941458228266
106	0.03777503	0.050906002829468056
107	0.03934165	0.0817987224328407
108	0.04034319	0.10855131810254413
109	0.04270112	0.1987357306436442
110	0.04091948	0.12684250700003666
111	0.04379996	0.255915333766888
112	0.0397049	0.09080414197852384
113	0.04096213	0.12828650444155637
114	0.04098426	0.12904079131228507
115	0.04055197	0.1149198816435315
116	0.03974157	0.09175604656863136
117	0.04091273	0.1266151402636429
118	0.04260657	0.19429271028838171
119	0.04103386	0.1307439233132363
120	0.04149275	0.14734077225284775
121	0.03966118	0.08967965560204945
122	0.03992929	0.09675564983305925
123	0.03998125	0.09817746843246584
124	0.04222629	0.1771603051129695
125	0.04141634	0.14447034902724815
126	0.04128376	0.1395920836255245
127	0.03909661	0.07614468612363988
128	0.04103045	0.13062627600179125
129	0.04061735	0.11697371661994774
130	0.04207671	0.1707398471356513
131	0.04206734	0.17034355140514781
132	0.04081507	0.12336105545331814
133	0.04224836	0.1781226930901809
134	0.03945579	0.08454660252409672
135	0.03996684	0.0977814903069319
136	0.03968659	0.09033182896743618
137	0.0400377	0.09974106779259402
138	0.04126503	0.13891328827635394
139	0.04012945	0.10232487034756903
140	0.04311217	0.21891816836653435
141	0.0393303	0.08152949300416863
142	0.03994509	0.09718623821551325
143	0.03971965	0.09118607042751542
144	0.04265827	0.19671301246143022
145	0.04250545	0.18962232831262912
146	0.04214936	0.1738360466015394
147	0.04117766	0.13578053963464584
148	0.04061245	0.11681879370698087
149	0.0417259	0.15636975694928
150	0.04344198	0.23614843118095585
151	0.04117512	0.1356902903754013
152	0.04217337	0.1748684990874018
153	0.04144623	0.14558803826615246
154	0.04001315	0.09905863074427339
155	0.04157523	0.15048807796049699
156	0.03848578	0.06343180462325727
157	0.04062589	0.11724411179539987
158	0.03872002	0.06808193039285354
159	0.04175145	0.1573842582075389
160	0.03842053	0.06218436913799078
161	0.04081235	0.12327136979965046
162	0.04078733	0.12244878682704778
163	0.04398194	0.26639417154652945
164	0.03884358	0.07064595211772823
165	0.04313137	0.2198957213982419
166	0.0421327	0.17312233943592062
167	0.0423699	0.18349259795672498
168	0.04283133	0.2049757460149496
169	0.04062911	0.11734619173411537
170	0.03963382	0.0889816897235184
171	0.03954014	0.08662505075784308
172	0.04219364	0.1757436955816289
173	0.04019805	0.10429141736412566
174	0.04197834	0.16661377925280338
175	0.041737	0.15680988640155738
176	0.04076699	0.1217832433231632
177	0.03995001	0.09732063343220874
178	0.04035848	0.10900800927941806
179	0.04240032	0.1848552500556761
180	0.04358694	0.24401828688556387
181	0.04113468	0.13425965895485029
182	0.04051366	0.1137297027069523
183	0.0422744	0.1792632095116313
184	0.04111794	0.13367088841456073
185	0.04097675	0.12878443140706108
186	0.03969478	0.09054284732816363
187	0.0398497	0.09460984649536636
188	0.04327193	0.22714799820430812
189	0.04043916	0.1114430972072646
190	0.041302	0.1402555787332785
191	0.04278044	0.20252016370997042
192	0.03904932	0.07509120046078284
193	0.04055242	0.1149339199852148
194	0.04137702	0.14301009854874536
195	0.037643	0.04882452439351928
196	0.04108828	0.1326326241022967
197	0.03966954	0.08989380251081448
198	0.037762369999999996	0.05070323693031405
199	0.03985252	0.09468521662320574
200	0.0396903	0.09042736926142539
201	0.03850725	0.06384677008526929
202	0.03895682	0.07306507177740319
203	0.04239293	0.18452352934291325
204	0.03938104	0.08273869471172686
205	0.03992035	0.09651269180865725
206	0.0383185	0.06027462607784963
207	0.04228307	0.1796441494967367
208	0.03955946	0.08710688771907563
209	0.04152976	0.14874671675905274
210	0.04112799	0.1340241209569671
211	0.04118838	0.1361619463587902
212	0.04210794	0.17206569338502434
213	0.04247055	0.18802983072554497
214	0.04241781	0.18564210003904535
215	0.04016161	0.10324308079176575
216	0.03852286	0.0641498849135378
217	0.04088897	0.125817339990668
218	0.04164059	0.15301841293985458
219	0.04110205	0.13311386885539556
220	0.04104043	0.13097082513969788
221	0.04105093	0.13133408933645507
222	0.0426722	0.19736890745626706
223	0.03920018	0.07849418811568779
224	0.04217394	0.17489306527798068
225	0.04084821	0.12445787747868521
226	0.04073745	0.12082172242086728
227	0.03761618	0.04841057675270069
228	0.04050378	0.1134243446343954
229	0.03751206	0.04683146643180202
230	0.03811785	0.056661084613573685
231	0.03899881	0.07397919558899252
232	0.04211843	0.17251276735471008
233	0.04072889	0.12054421238938276
234	0.04129818	0.14011642204822497
235	0.04059434	0.11624761323227174
236	0.0396108	0.0883978449975957
237	0.04064579	0.11787609886657414
238	0.03925256	0.07970477681654717
239	0.04013599	0.10251106621072675
240	0.04041582	0.11073426315804993
241	0.04234314	0.18230007634314443
242	0.03988058	0.0954378078347492
243	0.04202339	0.16849394648792268
244	0.04132516	0.14110154541602885
245	0.03860525	0.06576953704719635
246	0.03942763	0.08386179552430828
247	0.04000663	0.09887801828859874
248	0.04249092	0.18895811317160918
249	0.04586296	0.39196814271628544
250	0.04351449	0.24006219328109143
251	0.04321144	0.22400628570305517
252	0.0370524	0.040369942500325814
253	0.04275747	0.20141886632707173
254	0.03964247	0.08920187906679952
255	0.03968811	0.0903709623062515
256	0.04048776	0.11293059645303764
257	0.0392386	0.07938065992256725
258	0.04241638	0.18557767330801986
259	0.04062229	0.11713006794385208
260	0.0407699	0.12187828695466137
261	0.04251211	0.18992735533860625
262	0.03764319	0.04882746750570605
263	0.04072571	0.12044124626460888
264	0.04144646	0.14559666442091737
265	0.04031821	0.10780846771167048
266	0.03997383	0.0979734111702
267	0.04198354	0.16682999092567866
268	0.04252099	0.19033462172847151
269	0.0374413	0.045783292838527216
270	0.04244849	0.18702834420248862
271	0.04295219	0.21089442472486727
272	0.04021368	0.10474366502237606
273	0.0408648	0.12500980827132344
274	0.04211837	0.17251020773576642
275	0.03818084	0.05777548998415151
276	0.04392655	0.2631738013926086
277	0.04003748	0.09973493561021012
278	0.04139461	0.14366193872333854
279	0.04258847	0.1934505712452406
280	0.03990657	0.09613915839196258
281	0.03946317	0.08472682095869594
282	0.03989957	0.09594985480803035
283	0.04382918	0.257578251300603
284	0.0395647	0.08723794558772445
285	0.04084755	0.1244359595040552
286	0.03998455	0.09826833097364969
287	0.03694186	0.03893440652394277
288	0.03726917	0.04331598915830256
289	0.03883472	0.07045949007204097
290	0.04019523	0.10420998769293648
291	0.04222581	0.17713941740068936
292	0.04106371	0.1317772902087386
293	0.03997644	0.09804514994776241
294	0.03819975	0.05811358609025815
295	0.04145298	0.1458413604361284
296	0.04144325	0.14547630878208387
297	0.040961	0.1282480815496515
298	0.04276321	0.20169365940218942
299	0.03801322	0.054849666077233614
300	0.04184671	0.16121082250795093
301	0.04166807	0.15409190992284913
302	0.04395216	0.26465940018536155
303	0.04211294	0.17227868014598102
304	0.0421149	0.17236222489769457
305	0.04142321	0.1447266562993636
306	0.03856532	0.064980406019153
307	0.04094587	0.12773448669575896
308	0.04215908	0.17425346416567875
309	0.04011436	0.10189628301088818
310	0.04029625	0.10715876460954764
311	0.04002021	0.09925449957217695
312	0.04039309	0.11004739104827273
313	0.0412047	0.1367441873150081
314	0.04178129	0.15857542397494304
315	0.04017521	0.10363335000023675
316	0.04062333	0.11716300497013804
317	0.03973069	0.09147278085496126
318	0.04422184	0.2806552501165305
319	0.03875873	0.0688768239003936
320	0.04052898	0.11420447664656147
321	0.03998209	0.0982005906916455
322	0.04112088	0.1337741472840136
323	0.04176363	0.15786964066126494
324	0.04123296	0.13775696010558855
325	0.04105561	0.13149625356208913
326	0.04072321	0.12036034654138197
327	0.0385037	0.06377800204373772
328	0.04020465	0.10448219557631111
329	0.04012032	0.10206538784394883
330	0.03863507	0.06636401877917072
331	0.03965141	0.08942991279885527
332	0.04016608	0.10337122360865784
333	0.03864688	0.0666006830257349
334	0.04093535	0.12737832694919085
335	0.04384907	0.25871448750773535
336	0.04199016	0.16710555093811386
337	0.04097325	0.12866509174693222
338	0.04427319	0.283774140451438
339	0.042313289999999996	0.18097666477714314
340	0.04262946	0.19536157349125757
341	0.04113518	0.1342772755760735
342	0.037911	0.05312699222515969
343	0.0395908	0.08789311272857474
344	0.04134952	0.14199558322875305
345	0.04120646	0.13680709291976445
346	0.0398864	0.09559450475231498
347	0.04096666	0.1284406261416286
348	0.04001031	0.09897992662752239
349	0.04110621	0.13325952209381153
350	0.03961693	0.08855301374664216
351	0.04031628	0.10775124213686013
352	0.03708406	0.04078929782145891
353	0.03966457	0.08976644298362138
354	0.03916431	0.07767386197716201
355	0.04204007	0.16919412472770443
356	0.04163272	0.15271202740468115
357	0.04163599	0.1528392742852588
358	0.03939915	0.08317379417715126
359	0.04054332	0.11465029635699343
360	0.03967733	0.0900937198659408
361	0.04100758	0.12983937279476743
362	0.03981854	0.09378023941404476
363	0.03935348	0.08208010713813821
364	0.04218983	0.17557894190578613
365	0.04207168	0.17052702178604473
366	0.04032888	0.10812527476858781
367	0.04143896	0.14531557895758088
368	0.03889742	0.071787780678162
369	0.03975224	0.09203453098482724
370	0.04091684	0.12675354342303205
371	0.04247362	0.18816951748916594
372	0.03775983	0.050662637448914256
373	0.04031121	0.10760102871571667
374	0.04006885	0.10061237799154922
375	0.04187159	0.16222175759546756
376	0.04281149	0.20401584190384914
377	0.04168071	0.1545876104566046
378	0.04012913	0.102315766776849
379	0.04083814	0.12412379063909867
380	0.04137479	0.1429276233109141
381	0.04213509	0.17322459082291042
382	0.04059149	0.11615792638931091
383	0.04132531	0.14110703726654467
384	0.04115538	0.13499048723897653
385	0.04280535	0.20371944055473584
386	0.04129308	0.139930803016757
387	0.04219493	0.17579950451771478
388	0.03995923	0.0975728890839786
389	0.04256974	0.19258195381843476
390	0.04290181	0.20841235182829157
391	0.04347185	0.2377551619210761
392	0.03930826	0.0810087495448729
393	0.04159535	0.1512635684807157
394	0.04010491	0.10162861394040387
395	0.04180007	0.1593285936884521
396	0.04091612	0.12672928908509204
397	0.03850556	0.06381402496772841
398	0.0405049	0.11345892754061382
399	0.0412578	0.13865194830967362
400	0.04007099	0.10067245949438335
401	0.04008687	0.10111919427086524
402	0.04203096	0.16881144246246282
403	0.04211721	0.17246072736843188
404	0.04112992	0.13409203846199033
405	0.03998752	0.09835016483976518
406	0.04046155	0.11212644987083734
407	0.04139031	0.1435023811316911
408	0.0378615	0.05230921794270715
409	0.0430689	0.21672659474252137
410	0.04163221	0.15269218885038743
411	0.04099391	0.12937078528662402
412	0.03933878	0.08173057592496341
413	0.03912484	0.0767793119303841
414	0.03780813	0.05143936159010757
415	0.03983682	0.09426621565024598
416	0.04070351	0.11972434851504897
417	0.04087142	0.12523058173783455
418	0.04026754	0.10631405403250686
419	0.04018333	0.1038669237119231
420	0.04113973	0.13443766921706055
421	0.0409707	0.12857819856363437
422	0.03950401	0.08572976901960898
423	0.04061794	0.1169923815117532
424	0.04238255	0.184058340632576
425	0.04038742	0.1098765779609818
426	0.04025299	0.10588798744276276
427	0.04259345	0.193682007253588
428	0.03979408	0.09313312153919456
429	0.04184071	0.16096774354423618
430	0.0409439	0.12766773233920106
431	0.04192701	0.16449084338106326
432	0.04185234	0.16143916436381578
433	0.04148623	0.14709414794247663
434	0.04080241	0.1229440556651715
435	0.04084034	0.12419671885464302
436	0.03865853	0.06683482351586062
437	0.0390734	0.07562613273102513
438	0.03927954	0.080334243261514
439	0.03928003	0.08034571271770495
440	0.0382706	0.05939502262054491
441	0.04057434	0.11561938271528313
442	0.03969383	0.09051834985722687
443	0.03895078	0.07293434648204451
444	0.039347	0.08192587851870711
445	0.04119182	0.1362845137014152
446	0.04078883	0.12249798083518632
447	0.04142047	0.1446243899985027
448	0.0409229	0.1269578277302219
449	0.04025382	0.10591225568833038
450	0.04061932	0.11703604753550448
451	0.04221161	0.1765223212375356
452	0.03724731	0.04301086348631651
453	0.0414924	0.1473275251706916
454	0.03997242	0.09793467323911983
455	0.03993707	0.09696748211310269
456	0.04057516	0.11564508743383412
457	0.04130405	0.14033030100567476
458	0.0390047	0.07410816772504589
459	0.04090423	0.12632927938318372
460	0.03895829	0.07309691644391968
461	0.04034878	0.10871810730159817
462	0.0398533	0.09470607219695186
463	0.04060313	0.11652457004914449
464	0.03941126	0.08346577722696603
465	0.04167451	0.15434431461583734
466	0.04099653	0.1294604928594929
467	0.04063865	0.11764903808130857
468	0.03943784	0.08410956443890885
469	0.0413054	0.1403795251229882
470	0.04100472	0.1297412270499533
471	0.04254782	0.19156905276587685
472	0.04079939	0.12284474507478492
473	0.03932896	0.08149775497395764
474	0.03954346	0.08670769697845725
475	0.04034709	0.10866766123151049
476	0.04093812	0.12747203141987712
477	0.0414336	0.14511495204091449
478	0.04186083	0.16178396532261258
479	0.03809441	0.05625099542545115
480	0.03955744	0.0870564079887161
481	0.04132485	0.14109019611375323
482	0.0398588	0.09485323554165706
483	0.04388121	0.26055787066634456
484	0.03927351	0.08019320790964353
485	0.03791919	0.053263324103966836
486	0.03929597	0.08071954931169048
487	0.04129415	0.13996973088036513
488	0.039588279999999997	0.08782968214170622
489	0.0389076	0.07200537159223243
490	0.04479355	0.3167058455406886
491	0.03939649	0.08310977046197338
492	0.04283638	0.20522060139549642
493	0.04306127	0.21634179223018143
494	0.04121426	0.13708614866734606
495	0.04003243	0.09959425704585688
496	0.04108422	0.13249099026978173
497	0.03978756	0.0929612353363491
498	0.041313129999999997	0.14066163527336
499	0.04028609	0.10685922778337424
500	0.04349372	0.23893646616987518
501	0.03849817	0.06367100110376261
502	0.04097481	0.12871827248786077
503	0.03925968	0.07987050068637552
504	0.04056724	0.11539700578983926
505	0.03969368	0.09051448232438161
506	0.04058413	0.11592656628556458
507	0.03979978	0.09328359962551608
508	0.04078579	0.12239829708641675
509	0.03828245	0.05961162753295774
510	0.04119056	0.1362396099403973
511	0.04158008	0.15067473417673702
512	0.03908621	0.07591197275855924
513	0.03877671	0.06924862815938441
514	0.043228	0.22486326048119842
515	0.04054716	0.11476991186416362
516	0.04027028	0.10639444156294141
517	0.04018698	0.10397205339858644
518	0.04070612	0.11980845815632266
519	0.04081859	0.12347719507308869
520	0.04008221	0.10098793568049108
521	0.0403338	0.1082716050986938
522	0.039464439999999996	0.08475786556494741
523	0.04254718	0.19153953817665317
524	0.04065107	0.11804423103166319
525	0.0419562	0.16569558057075456
526	0.04115359	0.13492716848598396
527	0.04231325	0.18097489617339638
528	0.04229772	0.18028920778869278
529	0.04047254	0.1124630799545369
530	0.03996213	0.09765234022033639
531	0.03881943	0.07013865860830537
532	0.04233291	0.18184571698209312
533	0.04063215	0.11744262953709582
534	0.04044537	0.11163229800160855
535	0.03903425	0.07475800266839494
536	0.04164793	0.15330458757019308
537	0.04032777	0.10809228293230196
538	0.04030833	0.10751577447689968
539	0.04031763	0.10779126785290008
540	0.03967989	0.09015949628227235
541	0.03912873	0.07686709926766505
542	0.03847481	0.06322064405433221
543	0.04322007	0.22445259282922295
544	0.0409616	0.1282684819678402
545	0.0385248	0.06418763892384698
546	0.04151934	0.14834984439599286
547	0.03933835	0.08172036980080263
548	0.04146328	0.14622856323065117
549	0.041208	0.13686215368980684
550	0.04059869	0.11638460887108462
551	0.04403207	0.2693320802508382
552	0.03989674	0.09587340705965262
553	0.03977166	0.09254313555882879
554	0.04099898	0.12954442353626475
555	0.04013135	0.10237893611203924
556	0.03861344	0.06593237005121286
557	0.04210035	0.17174275717715376
558	0.03964802	0.08934338827886197
559	0.03795873	0.05392564199082088
560	0.04213636	0.17327894365804908
561	0.03946478	0.08476617828508921
562	0.04091685	0.1267538803143494
563	0.04135831	0.14231925467097206
564	0.04045724	0.11199464982433584
565	0.04089018	0.12585787356772757
566	0.04076099	0.1215874605269066
567	0.03945664	0.08456734352781167
568	0.04195937	0.16582681335084481
569	0.04050654	0.11350958182405034
570	0.04357872	0.243567142659004
571	0.04103201	0.13068008683467147
572	0.04198759	0.16699853300816164
573	0.04311099	0.21885819184460564
574	0.04104926	0.13127626069856022
575	0.04123557	0.13785078820657676
576	0.0409696	0.12854072935291638
577	0.03980298	0.09336816426543083
578	0.04225621	0.17846594063010157
579	0.04197466	0.16646089561535682
580	0.03966778	0.08984868467849567
581	0.0414875	0.14714216188552734
582	0.03856359	0.06494639408129219
583	0.04260849	0.19438220020927097
584	0.0441057	0.2736875261803296
585	0.04023659	0.10540937681849565
586	0.03962143	0.08866706236296804
587	0.03956909	0.08734786688250873
588	0.04155945	0.14988199501515176
589	0.04078251	0.1222908148771384
590	0.04028816	0.10692020142920397
591	0.04228831	0.17987467550019157
592	0.04036835	0.109303621023434
593	0.04115117	0.1348416009623404
594	0.03990464	0.09608693478477912
595	0.03972308	0.09127507034069188
596	0.03943101	0.08394375322513642
597	0.03914374	0.07720660596418336
598	0.04052732	0.11415295701014826
599	0.0396771	0.09008781216276553
600	0.04236197	0.18313860601243803
601	0.04023027	0.1052253967838329
602	0.03919877	0.07846180924915515
603	0.04042514	0.11101688147188102
604	0.03983444	0.0942028286209095
605	0.03994572	0.0972034390472664
606	0.04170424	0.1555136164966389
607	0.03898894	0.07376348675778069
608	0.04031058	0.10758237476489718
609	0.04017964	0.10376072804236189
610	0.03780228	0.05134475745350535
611	0.04123358	0.1377792443006712
612	0.04064881	0.1179722422893576
613	0.03822346	0.05853983044559316
614	0.04183645	0.16079532612090583
615	0.04102535	0.13045047626665526
616	0.04257308	0.19273663778035952
617	0.03851763	0.06404819636478373
618	0.04028388	0.10679416081918523
619	0.03862318	0.06612645365026151
620	0.04021495	0.10478048044197176
621	0.04155408	0.14967616884999552
622	0.04120601	0.1367910069701256
623	0.04039454	0.11009110717640612
624	0.04139537	0.1436901537843775
625	0.0406185	0.1170100995106369
626	0.04158571	0.15089163123665184
627	0.04160597	0.1516741272446765
628	0.04009325	0.10129912123217036
629	0.03999302	0.09850185315838618
630	0.04078627	0.12241403239801464
631	0.03947351	0.08497984620058675
632	0.03916444	0.07767682230938489
633	0.03976549	0.09238130017813842
634	0.03932848	0.08148638857342673
635	0.04081877	0.12348313633085863
636	0.04250142	0.18943793079334437
637	0.04030098	0.1072984417157573
638	0.04103939	0.13093488726205704
639	0.03987479	0.09528212338684486
640	0.04214514	0.17365505550480073
641	0.04297397	0.21197407363386744
642	0.03967029	0.0899130344166103
643	0.03943807	0.08411515274930946
644	0.03940365	0.08328219620520382
645	0.04090371	0.12631180779698345
646	0.04049209	0.11306388241400471
647	0.04260485	0.19421256798656303
648	0.0420353	0.16899367081528133
649	0.04119671	0.13645889158024718
650	0.03747365	0.04626001067839428
651	0.04125422	0.1385226841343968
652	0.04031302	0.10765463610403679
653	0.0396791	0.09013919395780046
654	0.0392048	0.07860035698609465
655	0.04177941	0.15850017588341236
656	0.04203503	0.1689823297128583
657	0.04125588	0.13858261068971012
658	0.03850002	0.06370678051235777
659	0.04037357	0.10946021959333103
660	0.03915055	0.07736104290907185
661	0.03951447	0.08598818747671105
662	0.04449093	0.29726003027626774
663	0.04047087	0.11241187545710765
664	0.03825196	0.05905562967597923
665	0.0401242	0.10217559655647447
666	0.04046242	0.11215306939571106
667	0.03999882	0.09866201828740681
668	0.04088873	0.12580930148516534
669	0.04100145	0.1296290822489215
670	0.0401914	0.10409947461129358
671	0.04233245	0.18182530616825038
672	0.04138486	0.1433003470836278
673	0.03970043	0.09068865333785778
674	0.04171345	0.1558772169973126
675	0.03975618	0.09213753602054887
676	0.0393897	0.08294652305770682
677	0.04016243	0.10326657848432755
678	0.04085718	0.12475606220176015
679	0.0399417	0.09709372325295028
680	0.03918634	0.07817684141858723
681	0.03906073	0.07534428376457888
682	0.04200222	0.16760843440984308
683	0.04028686	0.10688190557289046
684	0.03949847	0.08559315629590589
685	0.04109533	0.13287884395613261
686	0.03975826	0.09219195175699856
687	0.04252187	0.19037501655913877
688	0.03993971	0.09703944796262931
689	0.040789	0.12250355713303612
690	0.04176034	0.15773841964662008
691	0.04087817	0.1254560043392825
692	0.04282385	0.20461346067047242
693	0.04327586	0.22735319799181425
694	0.04237409	0.18367984297412263
695	0.04197919	0.1666491070944604
696	0.04220105	0.17606445311643162
697	0.04058239	0.11587192286080762
698	0.04084313	0.1242892533047871
699	0.04145305	0.14584398925244998
700	0.04028894	0.1069431841763484
701	0.04138687	0.14337483323637978
702	0.03920511	0.07860748506479395
703	0.03936249	0.08229494391054945
704	0.03893021	0.07249058382994772
705	0.04026012	0.10609660470253411
706	0.04061067	0.11676255561886503
707	0.04279128	0.20304141340035678
708	0.04065207	0.1180760954846981
709	0.04196168	0.16592249292624808
710	0.040767	0.12178356983403912
711	0.04470649	0.31102765508949753
712	0.04177926	0.15849417321436093
713	0.03874282	0.06854919792594029
714	0.04018463	0.10390435744548457
715	0.03721267	0.042531084062156596
716	0.04328215	0.22768189780806442
717	0.04040132	0.1102957003893846
718	0.0419182	0.16412853768037794
719	0.04123679	0.13789466349304538
720	0.03904908	0.07508588454556463
721	0.04305934	0.21624453506941732
722	0.04033644	0.10835018858481704
723	0.04135563	0.1422205097163113
724	0.04121958	0.13727673144117047
725	0.03999184	0.0984692933429578
726	0.03900704	0.07415945735955923
727	0.03860677	0.06579973243228075
728	0.03874312	0.06855536375897231
729	0.04134976	0.14200441313865436
730	0.04054314	0.11464469179480138
731	0.04110894	0.13335517423908075
732	0.04083385	0.12398167700163139
733	0.04173464	0.15671623057012377
734	0.04286514	0.20661913070540128
735	0.04329921	0.22857512057581814
736	0.04036987	0.10934920226297273
737	0.03878192	0.06935667294793017
738	0.04101599	0.13012831109458733
739	0.03959477	0.08799311623239316
740	0.04263481	0.1956120173771168
741	0.04088979	0.1258448079122878
742	0.03804935	0.05546961851487662
743	0.03978294	0.0928395933208107
744	0.040326	0.10803969085988385
745	0.04003872	0.09976950276074306
746	0.0394659	0.0847935660409824
747	0.04064622	0.11788978439644848
748	0.04227257	0.1791828805385005
749	0.04190887	0.1637455050186054
750	0.04152092	0.14840997051445748
751	0.04043681	0.1113715657068904
752	0.0402404	0.10552041244651549
753	0.0408456	0.12437121949109288
754	0.04143559	0.1451894136786899
755	0.04023422	0.10534035433083894
756	0.03981856	0.0937807700134182
757	0.04178812	0.1588490269516346
758	0.03969112	0.09044849698226011
759	0.04130865	0.14049808225295313
760	0.04123756	0.1379223608284761
761	0.04085462	0.12467090462925294
762	0.04003561	0.09968282423523181
763	0.03957591	0.08751885527921377
764	0.04366082	0.2480995231580209
765	0.041755	0.15752561120730874
766	0.03874212	0.06853481275982685
767	0.04343497	0.23577247622613354
768	0.04080859	0.1231474766568882
769	0.04129723	0.14008183156426582
770	0.04051472	0.11376250232467479
771	0.04009133	0.1012449470544809
772	0.04016823	0.10343290344204625
773	0.03988253	0.0954902863844903
774	0.03953675	0.08654072783062525
775	0.04004033	0.09981439860111913
776	0.03954419	0.08672587774960747
777	0.04067478	0.11880156057169161
778	0.03866671	0.0669996301424006
779	0.04172043	0.15615321025423293
780	0.04086438	0.12499581176777488
781	0.03940675	0.08335693990454858
782	0.04071459	0.12008173141117169
783	0.04168131	0.15461117071238237
784	0.04383851	0.25811080387551244
785	0.0419626	0.16596061067129977
786	0.04149038	0.14725108842442633
787	0.04022445	0.10505619826087213
788	0.04117145	0.13555997292697836
789	0.0375067	0.046751365606308375
790	0.03964606	0.0892933931586019
791	0.0421411	0.17348191673983554
792	0.0406021	0.11649208977117462
793	0.0401698	0.10347796259654998
794	0.04213123	0.17305947089326726
795	0.04118604	0.1360786208441941
796	0.04337546	0.2325979810571132
797	0.03892333	0.0723426552031387
798	0.04315102	0.22089943442255344
799	0.04084579	0.12437752633349478
800	0.04076889	0.12184529271508043
801	0.04015033	0.10292027673069583
802	0.0421183	0.17250722154966822
803	0.0396113	0.08841049326362196
804	0.04094712	0.1277768576366937
805	0.04016803	0.10342716454573136
806	0.04022156	0.1049722609444305
807	0.03981587	0.09370942607356142
808	0.04351372	0.2400203927360443
809	0.04172584	0.1563673804271919
810	0.04143725	0.14525154985504424
811	0.04146541	0.14630873361612812
812	0.0399527	0.09739417672083227
813	0.04125346	0.13849525456247805
814	0.04294047	0.21031510998861014
815	0.04155081	0.14955093934516842
816	0.03875883	0.06887888721928256
817	0.03937056	0.08248775505090203
818	0.04127854	0.13940264838297256
819	0.04064987	0.11800600261845136
820	0.04029476	0.10711479477748706
821	0.0424168	0.185596594124306
822	0.04435575	0.2888378357344761
823	0.0395446	0.08673609022123002
824	0.0391579	0.07752800908476
825	0.03905059	0.07511933564280536
826	0.04092458	0.12701450647484042
827	0.0392388	0.07938529583090766
828	0.04210728	0.17203759390057555
829	0.03820701	0.058243826499548415
830	0.03962509	0.08875990942176443
831	0.03988018	0.0954270458674244
832	0.03974379	0.09181393201680448
833	0.03866742	0.06701395068494279
834	0.04156221	0.14998786696943017
835	0.04257544	0.19284599062491956
836	0.0414805	0.14687766748059003
837	0.03971988	0.09119203616222996
838	0.03743116	0.045634724266258836
839	0.04162617	0.15245738767313877
840	0.04255066	0.19170006423479502
841	0.0388669	0.07113867106584318
842	0.040165	0.1033402513169635
843	0.04005672	0.10027236397684106
844	0.04076441	0.1216990264483879
845	0.04078809	0.12247370985597039
846	0.0402744	0.10651540719870466
847	0.0412312	0.1376937169275036
848	0.04214221	0.173529474149514
849	0.04255431	0.19186853869041576
850	0.0394755	0.08502861280180826
851	0.04006034	0.10037373928582319
852	0.03943242	0.08397796189631354
853	0.03985917	0.09486314221399642
854	0.04196581	0.16609366018962554
855	0.04183922	0.16090742199867042
856	0.04041666	0.11075971181033037
857	0.04359536	0.24448101773032604
858	0.04115668	0.13503648735934312
859	0.040511319999999996	0.11365732244606841
860	0.04085198	0.12458313350462552
861	0.04089693	0.12608417786020923
862	0.0431199	0.21931135821466627
863	0.04020914	0.10461214135818674
864	0.03938617	0.082861756646593
865	0.03803645	0.05524759939481349
866	0.04362574	0.24615572008453315
867	0.04042064	0.11088035291341958
868	0.04192286	0.1643201020590593
869	0.04132262	0.14100857509586948
870	0.03954948	0.08685771832534207
871	0.04137133	0.14279972971543486
872	0.04024167	0.10555744499652832
873	0.03844778	0.06270283133275403
874	0.04002296	0.09933087791197073
875	0.04347942	0.23816358514314406
876	0.03818002	0.057760866192143774
877	0.0409394	0.12751534984375923
878	0.04161038	0.1518448633917661
879	0.03901686	0.07437501582088409
880	0.04175754	0.15762680747482435
881	0.0402766	0.1065800452627692
882	0.04217265	0.17483747180190515
883	0.03960249	0.08818784492926224
884	0.04096123	0.12825590141095744
885	0.04145384	0.1458736598442419
886	0.0385573	0.06482285628392022
887	0.04074827	0.12117321740332947
888	0.04091263	0.12661177426109294
889	0.04013723	0.10254639986951798
890	0.0425708	0.19263103522046351
891	0.03763419	0.04868822085575838
892	0.03956708	0.08729752455106327
893	0.04240669	0.18514154017580325
894	0.04047604	0.11257045459624415
895	0.04216688	0.17458897141053129
896	0.04082153	0.12357426364601136
897	0.03769907	0.04969955793162334
898	0.03987764	0.09535873011701511
899	0.04030531	0.10742643356821492
900	0.04012093	0.10208270818271338
901	0.03908887	0.07597143821963949
902	0.04003877	0.09977089679843068
903	0.04270749	0.199037721336284
904	0.0402213	0.10496471210867393
905	0.04196259	0.16596019631247647
906	0.04129221	0.13989915754766344
907	0.03988433	0.09553874868844717
908	0.04026689	0.10629499108667359
909	0.03915331	0.07742370593052597
910	0.04093486	0.1273617566638614
911	0.04226871	0.17901353149933036
912	0.04219255	0.17569654952382865
913	0.03983197	0.09413708084594734
914	0.04033487	0.10830344977038932
915	0.03828326	0.059626457403887105
916	0.03953528	0.08650418368955909
917	0.04207229	0.17055282099409147
918	0.0437069	0.2506691736807003
919	0.04269627	0.19850602587379043
920	0.03955896	0.08709439053043855
921	0.0408022	0.12293714792805094
922	0.04065046	0.11802479703758215
923	0.03932282	0.08135245703647848
924	0.04069685	0.11950993410382334
925	0.04189631	0.16323093577200404
926	0.04064514	0.11785541381079116
927	0.04209826	0.1716539126442901
928	0.03928863	0.08054723064442967
929	0.04160832	0.15176509083349252
930	0.03875909	0.0688842520867565
931	0.03929518	0.08070098834646677
932	0.04316807	0.22177300620117255
933	0.0425403	0.19122246819304223
934	0.03846246	0.06298361748133123
935	0.04044381	0.11158474541146979
936	0.04082094	0.123554779108614
937	0.04003637	0.09970400056191893
938	0.04108143	0.13239372873739208
939	0.03960028	0.08813206449208064
940	0.04257574	0.19285989468499537
941	0.03820068	0.058130256214295906
942	0.03983553	0.09423185456024875
943	0.04366548	0.24835854468034999
944	0.04028536	0.1068377315920724
945	0.04029814	0.1072145590531668
946	0.04132281	0.1410155279340774
947	0.04083663	0.12407375475922754
948	0.03885586	0.07090506029401102
949	0.04053773	0.11447634444299223
950	0.03936043	0.08224578446024323
951	0.04201418	0.16810827302822107
952	0.04247614	0.18828423630737068
953	0.04322419	0.22466588643515292
954	0.03929244	0.08063663927312732
955	0.04148487	0.14704274475909412
956	0.04111381	0.1335259387584028
957	0.03978256	0.09282959383933963
958	0.03940331	0.08327400182340762
959	0.03829383	0.05982025958293143
960	0.04136369	0.14251764084001217
961	0.04186282	0.16186486499225872
962	0.04079503	0.12270148038731311
963	0.03980578	0.09344220891629997
964	0.03977657	0.09267208496028251
965	0.04002211	0.09930726504121568
966	0.03964972	0.08938676970054663
967	0.04079255	0.12262004880567108
968	0.04158992	0.15105397834678447
969	0.03945022	0.08441079007005395
970	0.04204517	0.16940864431241875
971	0.04165723	0.15366776543241137
972	0.04010603	0.1016603083235728
973	0.03845413	0.06282416090255047
974	0.04232172	0.18134968523232495
975	0.04064682	0.11790888257392992
976	0.04133303	0.1413899070290731
977	0.04037034	0.10936329951230862
978	0.04054994	0.11485656993950859
979	0.042241	0.1778013190082954
980	0.03917405	0.07789591451384785
981	0.04049777	0.11323891250405041
982	0.0402945	0.10710712365845958
983	0.04052259	0.11400625770676782
984	0.03789845	0.05291865052040383
985	0.03956995	0.08736941356248877
986	0.03984714	0.09454146714892188
987	0.04183883	0.16089163596626616
988	0.04015535	0.10306383644026249
989	0.03956829	0.0873278273199668
990	0.03962362	0.0887226089529809
991	0.04092711	0.12709989922734674
992	0.03969181	0.09046627827203901
993	0.03988889	0.09566160825552095
994	0.0408446	0.12433802970716001
995	0.04210229	0.17182525619150452
996	0.04054594	0.11473189835283247
997	0.04067006	0.11865049362196478
998	0.03994965	0.09731079458635673
999	0.04155519	0.14971869618278164
