Dataset	Random-mean	P-value
0	0.1296366	4.918426512005305e-05
1	0.127282	1.94432010056383e-05
2	0.1282401	2.850343770532895e-05
3	0.1305021	6.847794474760072e-05
4	0.12987100000000001	5.3825279427593965e-05
5	0.1262928	1.3007680370516009e-05
6	0.1292929	4.306153757125884e-05
7	0.129808	5.253858566213964e-05
8	0.1280237	2.6159465558052133e-05
9	0.1288762	3.6608839429055785e-05
10	0.1261094	1.2064109387307384e-05
11	0.1306298	7.187109475938705e-05
12	0.12396	4.901446562243671e-06
13	0.131696	0.0001071234960068656
14	0.1280725	2.6671421408874937e-05
15	0.1265607	1.4513835945008195e-05
16	0.1275917	2.2018415217913466e-05
17	0.1301213	5.9239237252573246e-05
18	0.1291097	4.010153592939642e-05
19	0.1254139	9.04708339531396e-06
20	0.1280616	2.6556248488441437e-05
21	0.1256899	1.014588843162631e-05
22	0.1266154	1.4841225785462827e-05
23	0.1273829	2.024884278680439e-05
24	0.1288888	3.678967161600184e-05
25	0.1333168	0.00019337627182008525
26	0.1259528	1.1310605952140378e-05
27	0.129973	5.5972189518267926e-05
28	0.13106980000000001	8.482516819490797e-05
29	0.1285059	3.1657018438406e-05
30	0.12917700000000001	4.1165676260494296e-05
31	0.1276731	2.274749496362328e-05
32	0.1262174	1.2611509539835853e-05
33	0.1289842	3.818669040616307e-05
34	0.1275639	2.1774567806005615e-05
35	0.1260999	1.2017062016963392e-05
36	0.1298083	5.2544642924252035e-05
37	0.1292692	4.266722712617151e-05
38	0.124282	5.621447077078923e-06
39	0.130172	6.039711510260421e-05
40	0.1273861	2.0274907753834424e-05
41	0.1283197	2.9414981616052843e-05
42	0.1273391	1.9895279338094893e-05
43	0.1295774	4.807377693786782e-05
44	0.1262618	1.2843377964931695e-05
45	0.1265651	1.4539913219315761e-05
46	0.1296919	5.02435908848198e-05
47	0.1251648	8.154050640501904e-06
48	0.1289322	3.7419069988901266e-05
49	0.1212124	1.4766007320089496e-06
50	0.1312113	8.94413457017645e-05
51	0.1262045	1.2544896877118602e-05
52	0.1262177	1.261306269157285e-05
53	0.1277898	2.3833055417123046e-05
54	0.1299799	5.612032168798346e-05
55	0.1244585	6.058116370037796e-06
56	0.1269083	1.671793741702676e-05
57	0.1249652	7.500092470746368e-06
58	0.1331934	0.00018499904326927698
59	0.125624	9.87246547207014e-06
60	0.1312382	9.034541287717268e-05
61	0.1256001	9.775058292388557e-06
62	0.1314344	9.720605725980377e-05
63	0.1263788	1.3474082088784936e-05
64	0.1263342	1.3230242211937199e-05
65	0.1295613	4.777591745694569e-05
66	0.130918	8.012440054391925e-05
67	0.128298	2.9163764887276626e-05
68	0.12749270000000001	2.1161738632517755e-05
69	0.1300769	5.824258122874869e-05
70	0.128382	3.01477298099028e-05
71	0.1242095	5.4509766505480225e-06
72	0.1297594	5.1566022253919526e-05
73	0.1232717	3.6475436229785207e-06
74	0.1274892	2.113204225681781e-05
75	0.1277676	2.3622811968511262e-05
76	0.1305579	6.994148719386236e-05
77	0.1303038	6.350852720127733e-05
78	0.1229674	3.197398159528404e-06
79	0.1270135	1.7445769646041014e-05
80	0.1282265	2.8350415290195066e-05
81	0.1263352	1.323566290647909e-05
82	0.127076	1.789241502640456e-05
83	0.1230855	3.3653636870042247e-06
84	0.1279127	2.502965492682168e-05
85	0.1274696	2.0966476431054224e-05
86	0.1294952	4.657131966469445e-05
87	0.1267622	1.5755126237463273e-05
88	0.1240749	5.147561400554556e-06
89	0.1229224	3.1355440562787704e-06
90	0.1285501	3.221265958835752e-05
91	0.1280911	2.6869055800366135e-05
92	0.1273457	1.9948176146176746e-05
93	0.1310206	8.327369492051603e-05
94	0.1248024	7.004240934610963e-06
95	0.1279907	2.5818592680433478e-05
96	0.1273888	2.0296924987940033e-05
97	0.1291667	4.100109014726931e-05
98	0.1281283	2.7268522224231215e-05
99	0.1267573	1.5723771926305e-05
100	0.1262971	1.3030628915490962e-05
101	0.12857470000000001	3.252592016968636e-05
102	0.1296596	4.9622247631412934e-05
103	0.1272077	1.886961906401486e-05
104	0.1263863	1.3515506550819748e-05
105	0.1275756	2.1876878404050142e-05
106	0.1254463	9.169906700121364e-06
107	0.1272728	1.9371285807125018e-05
108	0.1299104	5.4645132434415156e-05
109	0.1285608	3.234856032478125e-05
110	0.1260195	1.1625864138161589e-05
111	0.1283738	3.0050299843899996e-05
112	0.1276866	2.2870617079321794e-05
113	0.1275777	2.1895290351901044e-05
114	0.1254953	9.358697985088763e-06
115	0.125521	9.45920024429752e-06
116	0.1283381	2.9629609668319183e-05
117	0.1249683	7.509853363195229e-06
118	0.128461	3.1101935160436074e-05
119	0.1291348	4.049531626694153e-05
120	0.1278297	2.4215421434693462e-05
121	0.1279122	2.5024672612333468e-05
122	0.1309182	8.013042820672485e-05
123	0.127221	1.8971090568393685e-05
124	0.1266639	1.5137403753372015e-05
125	0.128146	2.746057328619814e-05
126	0.1261969	1.2505809961119662e-05
127	0.1266755	1.5209075170795213e-05
128	0.126434	1.3781831506485081e-05
129	0.1279233	2.5135502946052206e-05
130	0.1300544	5.7743619531429636e-05
131	0.1290846	3.971140157869677e-05
132	0.1290968	3.9900575255071294e-05
133	0.1303604	6.489087054258489e-05
134	0.1257122	1.0240043941581805e-05
135	0.1315893	0.00010296802329283665
136	0.1291411	4.059472975377248e-05
137	0.1252864	8.578884821988441e-06
138	0.1304343	6.673875713764813e-05
139	0.1248499	7.1455691431025835e-06
140	0.1299998	5.654963220607162e-05
141	0.1297841	5.205815028572785e-05
142	0.1299877	5.6288223891580847e-05
143	0.1302491	6.219918494152579e-05
144	0.1256194	9.85364568059919e-06
145	0.1297794	5.1964163943414683e-05
146	0.1314314	9.709753662283872e-05
147	0.12827	2.8842635305335302e-05
148	0.1246244	6.4981076610647e-06
149	0.1267538	1.5701412522011526e-05
150	0.1257793	1.0528429065335827e-05
151	0.127237	1.9093852296571164e-05
152	0.1298096	5.2570898729902856e-05
153	0.1285844	3.265023770900293e-05
154	0.1284972	3.15487312677232e-05
155	0.1273316	1.9835331931804138e-05
156	0.1273347	1.9860089247992097e-05
157	0.1239378	4.855215382600532e-06
158	0.1273024	1.9603575830818543e-05
159	0.128696	3.411348485127014e-05
160	0.1253117	8.669903246937434e-06
161	0.1270016	1.7361944583097787e-05
162	0.1282046	2.8105649065834353e-05
163	0.1299159	5.476051828260378e-05
164	0.127668	2.2701147003475736e-05
165	0.1219243	2.025452650725803e-06
166	0.1255983	9.767759586077183e-06
167	0.1223887	2.4843573540898465e-06
168	0.1264088	1.3640512201694918e-05
169	0.1289974	3.838392036241645e-05
170	0.1313732	9.501480023071609e-05
171	0.127536	2.1532436392242122e-05
172	0.12857760000000001	3.256303993081494e-05
173	0.1293809	4.4556192559221896e-05
174	0.1259641	1.1363433380566407e-05
175	0.1265854	1.4660805625349806e-05
176	0.1280258	2.618130210993317e-05
177	0.1287636	3.502997951435528e-05
178	0.1283689	2.9992222824258123e-05
179	0.1251446	8.08546049812444e-06
180	0.1267291	1.5544481012674315e-05
181	0.1306523	7.248523791915723e-05
182	0.1272323	1.9057712550312818e-05
183	0.1327145	0.0001556190950626114
184	0.13084490000000001	7.794984703103691e-05
185	0.128002	2.5934836008761973e-05
186	0.1280024	2.5938959950993178e-05
187	0.1210739	1.387960078574855e-06
188	0.1280874	2.6829630491034425e-05
189	0.1269846	1.724286187893762e-05
190	0.1245453	6.284628996442832e-06
191	0.128546	3.216072977192562e-05
192	0.1247445	6.835593427355873e-06
193	0.1279296	2.5198614787401338e-05
194	0.1282052	2.811232806295464e-05
195	0.1261558	1.2296443227371682e-05
196	0.1266969	1.5342148867336183e-05
197	0.1247748	6.923357515112933e-06
198	0.1300398	5.742202376435877e-05
199	0.127343	1.9926520329353323e-05
200	0.1276425	2.2470755951750247e-05
201	0.1257869	1.0561578763355366e-05
202	0.1276354	2.2407006119485775e-05
203	0.1290072	3.853097547423533e-05
204	0.1276943	2.2941126850178974e-05
205	0.1261984	1.2513515241185526e-05
206	0.1278231	2.415177145592423e-05
207	0.1253363	8.759290345753257e-06
208	0.1260753	1.1896048814794381e-05
209	0.1257989	1.0614123982974141e-05
210	0.1300034	5.662762890891997e-05
211	0.1287478	3.481369247652663e-05
212	0.1272367	1.9091543549765172e-05
213	0.1294088	4.5040279645588616e-05
214	0.13113	8.676078937807028e-05
215	0.1249506	7.454285158345148e-06
216	0.1285916	3.274280722389556e-05
217	0.1285469	3.2172122162498775e-05
218	0.126518	1.4263080320165826e-05
219	0.1310373	8.379727266477941e-05
220	0.1298229	5.284023306584724e-05
221	0.1289792	3.8112234322600234e-05
222	0.1276164	2.2237255958572927e-05
223	0.1280121	2.6039157252274132e-05
224	0.1254686	9.255369050260262e-06
225	0.1290444	3.909408111961444e-05
226	0.1273748	2.0183008770023634e-05
227	0.1281461	2.7461661975576684e-05
228	0.1279049	2.4952038477797328e-05
229	0.1290184	3.869969514235057e-05
230	0.1316628	0.00010581379799842477
231	0.1277945	2.387779485870966e-05
232	0.1260185	1.1621076117645245e-05
233	0.1299735	5.598291123823155e-05
234	0.1252467	8.43790492993328e-06
235	0.1293912	4.473432659228565e-05
236	0.128902	3.698002691033072e-05
237	0.1277916	2.3850180212313175e-05
238	0.1278297	2.4215421434693462e-05
239	0.1252765	8.543518809177144e-06
240	0.1302015	6.108068748788711e-05
241	0.1274943	2.1175327384662023e-05
242	0.1248835	7.2471875822224655e-06
243	0.125235	8.39678215357656e-06
244	0.1298561	5.351829009691747e-05
245	0.1286392	3.336111460809913e-05
246	0.1278239	2.415947809438804e-05
247	0.1267449	1.5644692592224367e-05
248	0.1299445	5.53642657505297e-05
249	0.1283368	2.9614396854189147e-05
250	0.1291635	4.095008422088384e-05
251	0.1255306	9.497006551072797e-06
252	0.1305342	6.931628581098673e-05
253	0.1288494	3.622702271331363e-05
254	0.1303681	6.508112016124092e-05
255	0.1256971	1.0176197402290566e-05
256	0.1290872	3.97516455642494e-05
257	0.1288445	3.6157624230233665e-05
258	0.1286362	3.332181948777416e-05
259	0.1295363	4.731687811627329e-05
260	0.1277176	2.3155753486908468e-05
261	0.1239481	4.876612660729181e-06
262	0.1304609	6.741603629261719e-05
263	0.1261872	1.245609198941208e-05
264	0.1289454	3.761252421276525e-05
265	0.1304839	6.80069068615375e-05
266	0.1259213	1.1164582004659046e-05
267	0.1273905	2.0310799402121525e-05
268	0.1273413	1.99128967057976e-05
269	0.1265658	1.4544066005707061e-05
270	0.1319491	0.00011762422369579526
271	0.1287754	3.51923444775609e-05
272	0.1292764	4.2786652893838596e-05
273	0.1268876	1.657818209867018e-05
274	0.1279952	2.586482459950643e-05
275	0.1287077	3.42704571708846e-05
276	0.1280731	2.6677775015466048e-05
277	0.1293487	4.400364904487882e-05
278	0.1267163	1.5463747215931684e-05
279	0.1296949	5.030167463159938e-05
280	0.1288798	3.66604192235888e-05
281	0.1274275	2.0615025126838823e-05
282	0.1281873	2.7913720736620605e-05
283	0.1314066	9.620481630380908e-05
284	0.1268852	1.65620510111976e-05
285	0.1270342	1.7592505250817008e-05
286	0.1261031	1.2032889904281229e-05
287	0.1274613	2.089673829998148e-05
288	0.1280222	2.6143878657386623e-05
289	0.1259354	1.1229720563410043e-05
290	0.1297101	5.059694789151067e-05
291	0.1254461	9.169143653737727e-06
292	0.1229426	3.1631659516716343e-06
293	0.1275185	2.13818759204018e-05
294	0.1267406	1.56173588164489e-05
295	0.1279882	2.579294235070444e-05
296	0.1256127	9.826295714080224e-06
297	0.1269582	1.70594793610929e-05
298	0.127086	1.796488454488285e-05
299	0.129209	4.168103187443176e-05
300	0.1264905	1.4103786004514108e-05
301	0.1279416	2.5319246250455024e-05
302	0.1290565	3.9278924000420894e-05
303	0.1290958	3.9885037003484913e-05
304	0.1304773	6.783685184330755e-05
305	0.1283158	2.936968053981618e-05
306	0.128601	3.286403823149197e-05
307	0.1283062	2.9258453356987063e-05
308	0.1270755	1.7888798892455267e-05
309	0.1264723	1.399929939283133e-05
310	0.1283089	2.9289695350286597e-05
311	0.1262187	1.261824118607564e-05
312	0.1287689	3.5102817697466246e-05
313	0.1264476	1.3858679840915895e-05
314	0.1301431	5.973449458386084e-05
315	0.1268152	1.609810679384911e-05
316	0.1281296	2.728258397609471e-05
317	0.1280786	2.673608370796125e-05
318	0.1301145	5.9085552910078346e-05
319	0.1268162	1.6104646225655866e-05
320	0.1261147	1.2090433426052933e-05
321	0.1280925	2.6883987887528037e-05
322	0.1310683	8.477746500804508e-05
323	0.1284445	3.090029159005779e-05
324	0.1254834	9.312509215416791e-06
325	0.1273354	1.9865683692474133e-05
326	0.1264274	1.3744684534017934e-05
327	0.1291496	4.072922718609326e-05
328	0.125429	9.104127685809194e-06
329	0.1288725	3.655589887192269e-05
330	0.1271811	1.8668229263478717e-05
331	0.1307507	7.523005731808154e-05
332	0.1245311	6.2470248225239256e-06
333	0.1278616	2.4525325846304793e-05
334	0.1291077	4.007031626517983e-05
335	0.1257171	1.0260844676676938e-05
336	0.1291229	4.03081670394373e-05
337	0.1238796	4.735994487063242e-06
338	0.1258333	1.0766144672369687e-05
339	0.1265259	1.430915846873525e-05
340	0.1310209	8.328307309898328e-05
341	0.1265769	1.4610069129695023e-05
342	0.1283323	2.9561794583185507e-05
343	0.1283153	2.9363877521430937e-05
344	0.1264164	1.3682985659438527e-05
345	0.1303322	6.419860933416738e-05
346	0.1251351	8.053394318233538e-06
347	0.1264641	1.3952465329598826e-05
348	0.1297653	5.168317155194277e-05
349	0.1314346	9.721329605076023e-05
350	0.1293315	4.3711178578378595e-05
351	0.1332304	0.00018747424299047196
352	0.1284185	3.058507647106941e-05
353	0.1316539	0.0001054652884020534
354	0.1298217	5.281587850818672e-05
355	0.1292043	4.160495627485653e-05
356	0.1236108	4.220907318555958e-06
357	0.1297627	5.163151529822992e-05
358	0.1278586	2.4496020805312843e-05
359	0.1259024	1.1077835852180693e-05
360	0.1335537	0.0002104701131081986
361	0.1344708	0.0002910060452649667
362	0.1308687	7.865162225310816e-05
363	0.1291495	4.072764240108174e-05
364	0.12544160000000001	9.15199118589964e-06
365	0.1257642	1.046286126367469e-05
366	0.132011	0.00012033665346464044
367	0.1290838	3.969902661726875e-05
368	0.1265398	1.439057851520453e-05
369	0.1267836	1.589276331799623e-05
370	0.1263535	1.3335237658657296e-05
371	0.1274264	2.060591815448909e-05
372	0.1280613	2.6553085308311188e-05
373	0.1278672	2.4580118104125348e-05
374	0.1255851	9.714395030816254e-06
375	0.1295896	4.830065911563323e-05
376	0.1280757	2.6705323994200215e-05
377	0.1291121	4.013903008405676e-05
378	0.1289259	3.7327073869552744e-05
379	0.1272297	1.903774842954822e-05
380	0.1281906	2.7950234623268545e-05
381	0.1283067	2.926423651362365e-05
382	0.1257508	1.0405002916068236e-05
383	0.1282341	2.843583100021465e-05
384	0.1261861	1.2450465825285471e-05
385	0.12828900000000001	2.9060174792524946e-05
386	0.1283647	2.994252768584371e-05
387	0.1281545	2.7553258957881992e-05
388	0.1268681	1.6447550494514147e-05
389	0.128883	3.670632601409927e-05
390	0.1247427	6.830413443087355e-06
391	0.1273256	1.9787498250035233e-05
392	0.1261329	1.2181248344831e-05
393	0.1277338	2.330610675544563e-05
394	0.1280521	2.6456255408173942e-05
395	0.1269214	1.6806962632971668e-05
396	0.1281032	2.6998373351891562e-05
397	0.1324295	0.000140286751567187
398	0.125253	8.460127849263754e-06
399	0.1290684	3.9461522770823504e-05
400	0.1264935	1.4121080524061732e-05
401	0.1268076	1.6048489999286788e-05
402	0.1254527	9.194356335508808e-06
403	0.1267943	1.5962012173334827e-05
404	0.1277803	2.3742868748253644e-05
405	0.1267774	1.585276933151109e-05
406	0.1278337	2.425407503915643e-05
407	0.1236522	4.296573492546982e-06
408	0.1310517	8.425124442325993e-05
409	0.1270342	1.7592505250817008e-05
410	0.1231679	3.4875473938940555e-06
411	0.1240279	5.04548632849081e-06
412	0.1309341	8.061100535461622e-05
413	0.1298566	5.352856471847267e-05
414	0.130814	7.70475737118769e-05
415	0.1292911	4.3031468705952646e-05
416	0.1268374	1.6243881218141985e-05
417	0.1304422	6.693922687143587e-05
418	0.1270313	1.7571877284421386e-05
419	0.1299205	5.4857200539902365e-05
420	0.1273317	1.983613009465192e-05
421	0.1292055	4.16243672621861e-05
422	0.1292866	4.29563839095404e-05
423	0.1269114	1.673896365499176e-05
424	0.1284865	3.1416034456936516e-05
425	0.1236936	4.373542176660166e-06
426	0.1273899	2.0305901516237766e-05
427	0.124339	5.759053963458924e-06
428	0.1313567	9.443207526230346e-05
429	0.129388	4.4678911573054754e-05
430	0.12666840000000001	1.5165168896403063e-05
431	0.1265698	1.4567817982473613e-05
432	0.1245695	6.349216031925135e-06
433	0.1257935	1.0590447728796143e-05
434	0.1287179	3.44078659496942e-05
435	0.1271648	1.854583758651736e-05
436	0.1267952	1.5967849976259276e-05
437	0.1266449	1.5020708103625152e-05
438	0.1251699	8.171455945081629e-06
439	0.1284614	3.110683902285368e-05
440	0.1273482	1.9968247867235186e-05
441	0.1243955	5.898641423262568e-06
442	0.1281297	2.728366593567448e-05
443	0.1304119	6.61734302054484e-05
444	0.126208	1.256293672162188e-05
445	0.1327072	0.00015520736321877164
446	0.1254678	9.252289982070893e-06
447	0.130079	5.82893593465536e-05
448	0.1290799	3.963875122214047e-05
449	0.1303649	6.500199118093659e-05
450	0.1282615	2.8745818419523057e-05
451	0.1252607	8.487365384405952e-06
452	0.1297508	5.139571421536461e-05
453	0.1284655	3.115714611336716e-05
454	0.131726	0.00010832013796430396
455	0.1244484	6.032274166073281e-06
456	0.1264794	1.4039972268401552e-05
457	0.1282202	2.8279795647504663e-05
458	0.1221744	2.261361021436163e-06
459	0.1292148	4.177509486400194e-05
460	0.1261783	1.2410640911563687e-05
461	0.1282006	2.8061161066846947e-05
462	0.1281352	2.7343236763533033e-05
463	0.1284867	3.1418509886220786e-05
464	0.1285347	3.2018018678609214e-05
465	0.1287105	3.430812509172214e-05
466	0.1281841	2.787835676987535e-05
467	0.1300161	5.6903600886483326e-05
468	0.1257195	1.0271047550448432e-05
469	0.1311759	8.826466212892835e-05
470	0.1255228	9.466277925882567e-06
471	0.1256364	9.923368744397062e-06
472	0.1273309	1.9829745650616057e-05
473	0.1275841	2.195149423283784e-05
474	0.129681	5.003308944678173e-05
475	0.1272962	1.9554701305622583e-05
476	0.1299329	5.511863075654546e-05
477	0.1266377	1.49767117511718e-05
478	0.1309126	7.996181603533292e-05
479	0.1257434	1.0373182751213893e-05
480	0.1271459	1.8404883009389368e-05
481	0.1265352	1.4363584823072424e-05
482	0.125827	1.0738148613375874e-05
483	0.1292774	4.280326493687028e-05
484	0.1270076	1.740416109767333e-05
485	0.1238506	4.677643620384168e-06
486	0.1301582	6.007984208013247e-05
487	0.1244893	6.137579976764045e-06
488	0.1250348	7.722197473854785e-06
489	0.1249184	7.354204540159488e-06
490	0.1278736	2.464288083212717e-05
491	0.1276539	2.257347710776999e-05
492	0.1305604	7.000774776620782e-05
493	0.1300679	5.804250712559033e-05
494	0.1314512	9.7815898239427e-05
495	0.1306619	7.27487845580958e-05
496	0.1231533	3.465591806593487e-06
497	0.1275577	2.1720537245393252e-05
498	0.1289527	3.77199187755557e-05
499	0.1272425	1.913622661357859e-05
500	0.1264371	1.3799312455509795e-05
501	0.1233356	3.7495231172707754e-06
502	0.1276908	2.2909051274243664e-05
503	0.1313503	9.42069609288859e-05
504	0.1263716	1.3434428895651291e-05
505	0.1279628	2.553370931503591e-05
506	0.1286611	3.3649309231449884e-05
507	0.127392	2.0323049052886856e-05
508	0.1314503	9.778313656232924e-05
509	0.1292507	4.236182187142235e-05
510	0.1259827	1.1450903029703928e-05
511	0.128023	2.6152190568410935e-05
512	0.1298973	5.437123395941132e-05
513	0.1282313	2.8404333549023963e-05
514	0.1258506	1.0843382679061285e-05
515	0.1275774	2.1892659168301743e-05
516	0.1327676	0.00015864519284434483
517	0.1259709	1.13953370928873e-05
518	0.128569	3.245307809894891e-05
519	0.1310457	8.40618069895443e-05
520	0.1258475	1.082950343461235e-05
521	0.1293256	4.361128105572053e-05
522	0.1219287	2.0293901957552664e-06
523	0.1263255	1.3183171707752369e-05
524	0.1279312	2.5214667246149273e-05
525	0.127208	1.8871902168814974e-05
526	0.1255592	9.610497824211378e-06
527	0.1257222	1.0282537397713886e-05
528	0.1255359	9.517940761782063e-06
529	0.126489	1.4095146343731546e-05
530	0.1271095	1.8136293443464444e-05
531	0.1290548	3.925290420552067e-05
532	0.1282858	2.9023427360686817e-05
533	0.1261598	1.2316671266582369e-05
534	0.1305307	6.922440708792369e-05
535	0.1306363	7.204800500468236e-05
536	0.1288786	3.6643218275086924e-05
537	0.126174	1.2388738308945548e-05
538	0.1275885	2.1990214259287495e-05
539	0.127021	1.7498799098209296e-05
540	0.1254182	9.063292821770274e-06
541	0.1295013	4.668126394451324e-05
542	0.1255595	9.61169515000889e-06
543	0.127389	2.0298556802094656e-05
544	0.124589	6.40172220922221e-06
545	0.1254928	9.348976286691626e-06
546	0.1244122	5.9405179832187e-06
547	0.1296021	4.8534176058709556e-05
548	0.1300998	5.875461655962479e-05
549	0.1293198	4.3513288432694614e-05
550	0.129482	4.633424981549423e-05
551	0.1261435	1.2234441012130093e-05
552	0.1276328	2.2383704321646215e-05
553	0.1284071	3.044783531066099e-05
554	0.1285448	3.214554589682924e-05
555	0.1290373	3.898600535898251e-05
556	0.1299022	5.447353147536897e-05
557	0.1286717	3.3789650943987194e-05
558	0.129347	4.397465938792206e-05
559	0.1273984	2.037539353882313e-05
560	0.1240376	5.066392386764793e-06
561	0.1246417	6.545716294013396e-06
562	0.1291728	4.1098487706749076e-05
563	0.1298088	5.255473983593825e-05
564	0.1282853	2.901768957746748e-05
565	0.1245013	6.168809803304335e-06
566	0.1279504	2.5408059227058155e-05
567	0.1275903	2.200607305326328e-05
568	0.1244949	6.152134967467556e-06
569	0.1279702	2.5608976216782503e-05
570	0.1301002	5.8763598284630354e-05
571	0.1310839	8.527482323908484e-05
572	0.1288484	3.6212849464637545e-05
573	0.1293712	4.438905232858852e-05
574	0.1270504	1.7708163672610527e-05
575	0.1292893	4.3001419816471595e-05
576	0.1274741	2.1004379100756257e-05
577	0.1272497	1.9191834222585115e-05
578	0.1281082	2.705198347397934e-05
579	0.1275611	2.175015103922204e-05
580	0.128504	3.163333933135985e-05
581	0.1247239	6.776535952120248e-06
582	0.125974	1.1409909872569708e-05
583	0.1289687	3.7956326144997796e-05
584	0.1300463	5.756498929245096e-05
585	0.1281276	2.726095337456768e-05
586	0.1267198	1.548578295149823e-05
587	0.1283686	2.998867056605671e-05
588	0.1288716	3.6543032465865105e-05
589	0.125352	8.816799199673249e-06
590	0.1300758	5.821809263692265e-05
591	0.1270336	1.7588235498173833e-05
592	0.1293385	4.382998340805137e-05
593	0.1290724	3.952308173279889e-05
594	0.1287999	3.553174998362939e-05
595	0.1268369	1.6240584165178297e-05
596	0.1289572	3.7786266280355107e-05
597	0.127627	2.233180670739952e-05
598	0.1295454	4.7483480846241573e-05
599	0.1265384	1.438235791187817e-05
600	0.1297141	5.067492477445077e-05
601	0.1266349	1.495963535943701e-05
602	0.1263716	1.3434428895651291e-05
603	0.1306467	7.233192087941814e-05
604	0.1266647	1.5142336223747101e-05
605	0.1307623	7.556005291463135e-05
606	0.1261979	1.2510946309839284e-05
607	0.1256593	1.0018037193687942e-05
608	0.1274075	2.045004256506537e-05
609	0.127643	2.247525189537306e-05
610	0.1274538	2.0833912445768937e-05
611	0.1304996	6.841305881587441e-05
612	0.12441	5.934985036103684e-06
613	0.1306591	7.267182304621558e-05
614	0.1274086	2.045908374548626e-05
615	0.1282445	2.8553113319809847e-05
616	0.1258274	1.0739924066405512e-05
617	0.1263434	1.3280192822113204e-05
618	0.1272604	1.9274758514927523e-05
619	0.1268964	1.6637457991807965e-05
620	0.1235708	4.14901728880517e-06
621	0.1223253	2.416269166913427e-06
622	0.1283429	2.968584461246077e-05
623	0.1259139	1.1130540715294264e-05
624	0.1269989	1.7342979093282918e-05
625	0.1303727	6.519502826742172e-05
626	0.1294814	4.632350122815898e-05
627	0.1268472	1.630863276828474e-05
628	0.1309122	7.994978518833737e-05
629	0.1275085	2.129629316600422e-05
630	0.1275704	2.1831350502051518e-05
631	0.1247886	6.963686581981817e-06
632	0.1287113	3.431889459590594e-05
633	0.1281123	2.709601950936258e-05
634	0.1262144	1.2595988084966107e-05
635	0.1314886	9.918655440105e-05
636	0.1294447	4.5670535605649786e-05
637	0.1325961	0.0001490666785190025
638	0.1243334	5.74539276087708e-06
639	0.1247482	6.846253009749048e-06
640	0.1278771	2.467726883882714e-05
641	0.1302143	6.137956799635744e-05
642	0.1301097	5.8977297901775095e-05
643	0.1277491	2.344896216603675e-05
644	0.1281508	2.7512876826469772e-05
645	0.1283363	2.9608547754503747e-05
646	0.128204	2.809897158165807e-05
647	0.1281797	2.7829801060713934e-05
648	0.1267453	1.5647237592934172e-05
649	0.1262035	1.2539747190662439e-05
650	0.1259754	1.141649697434201e-05
651	0.1294437	4.565286672586246e-05
652	0.1275184	2.1381018469835264e-05
653	0.1308348	7.7653832786333e-05
654	0.123827	4.630668390476944e-06
655	0.1275701	2.1828726653748324e-05
656	0.1260924	1.1980043452071372e-05
657	0.1272348	1.9076927677766265e-05
658	0.1243823	5.865742023529953e-06
659	0.1233198	3.724055397397619e-06
660	0.1288738	3.6574491296048493e-05
661	0.1279043	2.494607750187426e-05
662	0.1250171	7.665123264907228e-06
663	0.1270664	1.782310713290888e-05
664	0.128973	3.802010070384226e-05
665	0.1262936	1.3011946937260583e-05
666	0.1278049	2.397707779574888e-05
667	0.1275602	2.1742308345053605e-05
668	0.1311432	8.719076994716535e-05
669	0.1269184	1.6786535268080993e-05
670	0.1295154	4.6936342840411116e-05
671	0.1282216	2.8295474392613587e-05
672	0.1299412	5.5294281187510155e-05
673	0.1283322	2.956062665600581e-05
674	0.1256646	1.004007030956895e-05
675	0.1275821	2.193391574289822e-05
676	0.1296298	4.9055480153397975e-05
677	0.1276151	2.2225686451446228e-05
678	0.1310765	8.50385531626253e-05
679	0.1271422	1.8377408782058754e-05
680	0.1273625	2.008342930695389e-05
681	0.1268084	1.605370592756543e-05
682	0.1266443	1.5017037025761799e-05
683	0.1256186	9.850376183400113e-06
684	0.125199	8.271451967854509e-06
685	0.1245869	6.39604774195079e-06
686	0.1300505	5.7657546757714e-05
687	0.1240627	5.1208763661701736e-06
688	0.1242504	5.546525517069359e-06
689	0.1258313	1.0757249471181118e-05
690	0.1292051	4.161789597579543e-05
691	0.1284889	3.1445751878414694e-05
692	0.1287569	3.493810704101704e-05
693	0.1268025	1.601527651955708e-05
694	0.1287574	3.494495526428297e-05
695	0.1275889	2.1993737492656436e-05
696	0.1265247	1.4302150097394001e-05
697	0.1330203	0.00017382286546878403
698	0.1275629	2.1765844529933256e-05
699	0.1250281	7.700545347370018e-06
700	0.1305954	7.094167194198543e-05
701	0.1273838	2.0256170322790147e-05
702	0.1304181	6.632944806757029e-05
703	0.1274896	2.113543411354429e-05
704	0.1280101	2.6018467851839268e-05
705	0.126654	1.5076491432154764e-05
706	0.1257883	1.0567696178821543e-05
707	0.1279773	2.568139066071924e-05
708	0.1280911	2.6869055800366135e-05
709	0.1263902	1.3537095391692359e-05
710	0.123777	4.5326372274927615e-06
711	0.1285809	3.2605328753340445e-05
712	0.1280223	2.6144917508454767e-05
713	0.1253501	8.80982033247476e-06
714	0.1262148	1.2598056555592714e-05
715	0.1227141	2.863914870247615e-06
716	0.1310329	8.365902212744757e-05
717	0.1258614	1.0891869331070181e-05
718	0.1277922	2.3855891086044058e-05
719	0.1277486	2.344428051004397e-05
720	0.129056	3.9271269415884354e-05
721	0.1266689	1.516825691642838e-05
722	0.12875520000000001	3.4914832641390614e-05
723	0.1270681	1.7835361686083672e-05
724	0.1288323	3.59853857251703e-05
725	0.1265424	1.4405857273684683e-05
726	0.126813	1.608372897766852e-05
727	0.1272083	1.8874185537489502e-05
728	0.1286245	3.316898940961791e-05
729	0.1271466	1.8410085248391518e-05
730	0.1310545	8.433978695134095e-05
731	0.1313918	9.567577283730235e-05
732	0.1266482	1.5040914375991339e-05
733	0.1276186	2.2256848221315274e-05
734	0.1281226	2.720694839407003e-05
735	0.1283368	2.9614396854189147e-05
736	0.1268665	1.6436875791012977e-05
737	0.1286039	3.2901525520011624e-05
738	0.1253519	8.816431758825461e-06
739	0.124657	6.588099747049559e-06
740	0.1258343	1.0770594913781844e-05
741	0.1288966	3.690204121886819e-05
742	0.1255322	9.503321659966456e-06
743	0.1254806	9.301673054501046e-06
744	0.1287066	3.425566983936546e-05
745	0.1276747	2.276205410167395e-05
746	0.1265053	1.4189302636877361e-05
747	0.1246168	6.477298083569434e-06
748	0.1322885	0.00013323991130850013
749	0.1245793	6.3755518867795724e-06
750	0.128431	3.0736237772401525e-05
751	0.1294571	4.589017074050479e-05
752	0.13068950000000001	7.351155343404244e-05
753	0.1288158	3.5753682742981035e-05
754	0.1260791	1.1914665434982549e-05
755	0.1272122	1.8903893355968867e-05
756	0.1276006	2.2097030777016334e-05
757	0.1302783	6.28949163604944e-05
758	0.128812	3.570052247917261e-05
759	0.1264808	1.4048005601806999e-05
760	0.1299301	5.505949486685214e-05
761	0.1281533	2.7540155861950693e-05
762	0.1294295	4.5402669179193195e-05
763	0.1289245	3.730665955084608e-05
764	0.1280651	2.6593178820310882e-05
765	0.12878030000000001	3.525997760278745e-05
766	0.1282489	2.860287146444028e-05
767	0.1309697	8.169694060329774e-05
768	0.1259203	1.1159976012470525e-05
769	0.1309787	8.197366268197936e-05
770	0.1308385	7.776214972120804e-05
771	0.129395	4.480021683845477e-05
772	0.1275475	2.1631926632136944e-05
773	0.1261048	1.2041306583185302e-05
774	0.1293953	4.480542262964246e-05
775	0.1293229	4.356563771205323e-05
776	0.1296065	4.8616629132516655e-05
777	0.1255313	9.499768916352378e-06
778	0.1305973	7.099270742726357e-05
779	0.1309433	8.089032167161917e-05
780	0.127278	1.9411902251217367e-05
781	0.1256419	9.946027207108934e-06
782	0.1287985	3.551227170243827e-05
783	0.1268406	1.6264997512787122e-05
784	0.1298063	5.2504273709310687e-05
785	0.130255	6.233916910045239e-05
786	0.1295135	4.690189340331927e-05
787	0.1296118	4.871612443378897e-05
788	0.1263591	1.3365851561914762e-05
789	0.1277963	2.3894950326199402e-05
790	0.1284292	3.071442674835067e-05
791	0.1250271	7.697318683435072e-06
792	0.1263813	1.3487876728536027e-05
793	0.1240264	5.0422608383730515e-06
794	0.1288319	3.597975181039696e-05
795	0.1285319	3.198275003149866e-05
796	0.1284297	3.0720483886100924e-05
797	0.1273279	1.9805821459249592e-05
798	0.1285406	3.209245610497386e-05
799	0.1261346	1.2189764316129797e-05
800	0.1227697	2.9341173571607467e-06
801	0.1253516	8.81532952433085e-06
802	0.1292255	4.1949155129296406e-05
803	0.1295371	4.733150219644056e-05
804	0.1299175	5.479412851683713e-05
805	0.129757	5.1518440550408874e-05
806	0.1259008	1.1070521964007356e-05
807	0.1292293	4.2011136808184317e-05
808	0.1326431	0.00015163591514743378
809	0.1295446	4.746881211940235e-05
810	0.1280078	2.5994694424800373e-05
811	0.1275531	2.1680532784540674e-05
812	0.1271215	1.8224422953134298e-05
813	0.1266806	1.524068846245293e-05
814	0.1279324	2.5226712991444766e-05
815	0.1271873	1.871498540599328e-05
816	0.1304214	6.6412632128724e-05
817	0.12857760000000001	3.256303993081494e-05
818	0.1291522	4.077045220062114e-05
819	0.1303919	6.567251727419511e-05
820	0.128679	3.3886625386776986e-05
821	0.1287021	3.419523947233622e-05
822	0.1316382	0.00010485314866397345
823	0.1291035	4.0004830247080414e-05
824	0.1294013	4.490965935953289e-05
825	0.1254495	9.182123720252762e-06
826	0.1254889	9.333829755162039e-06
827	0.1247659	6.897467129150324e-06
828	0.130826	7.739678858991966e-05
829	0.1249908	7.581064504978197e-06
830	0.1285002	3.1586031738999835e-05
831	0.1251673	8.162578207087772e-06
832	0.1329454	0.00016918707027352903
833	0.126377	1.3464158306547187e-05
834	0.1287298	3.4568839437600904e-05
835	0.1266113	1.481644370125237e-05
836	0.1287192	3.442541648930066e-05
837	0.1283956	3.030998506484034e-05
838	0.1278738	2.4644844628871628e-05
839	0.126156	1.2297453873784543e-05
840	0.1244637	6.0714626666917355e-06
841	0.1287639	3.5034098584222685e-05
842	0.1320499	0.0001220713830291539
843	0.128719	3.442271585141168e-05
844	0.1287947	3.5459453327671016e-05
845	0.1283309	2.9545447604559793e-05
846	0.1216433	1.7886735658256857e-06
847	0.1281719	2.7743923140333857e-05
848	0.1283895	3.0237106143533018e-05
849	0.1244029	5.917162425786122e-06
850	0.1251279	8.02917278102707e-06
851	0.1255584	9.607305653935548e-06
852	0.1233371	3.7519496226655856e-06
853	0.1297646	5.166925926917961e-05
854	0.129003	3.8467886304705086e-05
855	0.1256037	9.789671381217237e-06
856	0.128808	3.5644645627581805e-05
857	0.1297847	5.2070160164148845e-05
858	0.1299448	5.537063215472354e-05
859	0.1292164	4.180107879868385e-05
860	0.1316956	0.00010710762561344988
861	0.1260911	1.1973638009985613e-05
862	0.1308472	7.801740561746348e-05
863	0.1286247	3.317159627067872e-05
864	0.1259414	1.1257549317674795e-05
865	0.1279233	2.5135502946052206e-05
866	0.1260461	1.1753920888802665e-05
867	0.1303313	6.417663174746428e-05
868	0.1256877	1.0136644616129959e-05
869	0.1310317	8.362135496948048e-05
870	0.1262443	1.2751505477196862e-05
871	0.1291174	4.022194790161906e-05
872	0.1245957	6.419858771066087e-06
873	0.1276928	2.292737493002811e-05
874	0.1273179	1.9726273083355293e-05
875	0.1210619	1.38052634669248e-06
876	0.1286238	3.315986693274768e-05
877	0.1231467	3.4557103588234137e-06
878	0.1303366	6.43061581959886e-05
879	0.1276517	2.2553618891431212e-05
880	0.123712	4.408174157992093e-06
881	0.1227009	2.847487064104954e-06
882	0.1311464	8.72953113156731e-05
883	0.1245909	6.406860413140147e-06
884	0.1298247	5.287678491370681e-05
885	0.1285529	3.224816975348093e-05
886	0.1275432	2.1594674676012998e-05
887	0.1252885	8.586404721030532e-06
888	0.128356	2.9839837306577842e-05
889	0.1268469	1.6306646922415796e-05
890	0.1294964	4.6592928573061125e-05
891	0.1291939	4.1437088143026233e-05
892	0.1270128	1.744082807328362e-05
893	0.1272294	1.903544616305291e-05
894	0.1252438	8.427694148189094e-06
895	0.1284436	3.0889328758374225e-05
896	0.1293903	4.471873451400063e-05
897	0.1258785	1.0969064687704745e-05
898	0.1261105	1.2069568351903156e-05
899	0.1225153	2.625887430063254e-06
900	0.1304394	6.686810901758533e-05
901	0.1254711	9.264997467630812e-06
902	0.1260763	1.1900945224171913e-05
903	0.1274621	2.0903450390806034e-05
904	0.1294949	4.656591892690025e-05
905	0.1318091	0.00011170122476677044
906	0.12327	3.644867308894517e-06
907	0.1262874	1.2978916037156519e-05
908	0.1324396	0.00014080480831298598
909	0.1242792	5.614769425008539e-06
910	0.130528	6.915360818208714e-05
911	0.12882180000000001	3.5837773508631966e-05
912	0.1280753	2.6701083924587915e-05
913	0.1261215	1.212428818744636e-05
914	0.1295022	4.66975061112723e-05
915	0.1331436	0.0001817161689915589
916	0.1278722	2.4629138434502703e-05
917	0.1262649	1.2859718416799791e-05
918	0.1283886	3.0226367664647532e-05
919	0.1277922	2.3855891086044058e-05
920	0.1252159	8.330062571600577e-06
921	0.1321683	0.00012749803368341628
922	0.1285598	3.233583621707837e-05
923	0.1310289	8.353352743250724e-05
924	0.1251756	8.190951079020406e-06
925	0.1265531	1.446889869824877e-05
926	0.1285984	3.283046353662624e-05
927	0.126785	1.590180755809044e-05
928	0.1281663	2.768242308908377e-05
929	0.1254318	9.11474324567039e-06
930	0.1259747	1.141320296851716e-05
931	0.1314826	9.896544520055632e-05
932	0.1296375	4.920133425541814e-05
933	0.1276513	2.2550010098500628e-05
934	0.1274809	2.1061778390909122e-05
935	0.1278336	2.4253107981978563e-05
936	0.1278441	2.4354850111727867e-05
937	0.1298263	5.290929561537013e-05
938	0.1283122	2.9327923195173637e-05
939	0.1247321	6.799985387898091e-06
940	0.1255336	9.508850680283508e-06
941	0.1295696	4.792925252838286e-05
942	0.1274787	2.1043191664161445e-05
943	0.1262018	1.253099736602903e-05
944	0.1263701	1.342618187738738e-05
945	0.1269076	1.6713193051642754e-05
946	0.1286287	3.322377449805773e-05
947	0.1281393	2.738772477543843e-05
948	0.1275375	2.154538856298686e-05
949	0.127226	1.9009372389015136e-05
950	0.128211	2.817696976751017e-05
951	0.1262422	1.2740523131780582e-05
952	0.1294147	4.514328812391096e-05
953	0.1225917	2.715018761216428e-06
954	0.1306045	7.118642131767467e-05
955	0.1279205	2.510750166646012e-05
956	0.1324949	0.00014367347976283667
957	0.1293966	4.4827987707538875e-05
958	0.1259338	1.1222310692925523e-05
959	0.1267641	1.5767300106244333e-05
960	0.1262603	1.2835478428928202e-05
961	0.1279742	2.564974909665942e-05
962	0.1264726	1.4001015682252684e-05
963	0.120861	1.2616311221716433e-06
964	0.1302021	6.109466658711993e-05
965	0.1297092	5.057941881742487e-05
966	0.1240392	5.0698487917725955e-06
967	0.1288209	3.5825147898315214e-05
968	0.1294604	4.594879104854028e-05
969	0.1255332	9.507270645800636e-06
970	0.1273998	2.0386861043762736e-05
971	0.1327194	0.0001558960410428165
972	0.1270255	1.7530690666443115e-05
973	0.1275816	2.1929523220428402e-05
974	0.1271133	1.8164156973270612e-05
975	0.1245369	6.262358115307697e-06
976	0.1262193	1.262134925928825e-05
977	0.1259032	1.1081494530947842e-05
978	0.1277165	2.3145577946114248e-05
979	0.1248784	7.231674627673957e-06
980	0.1279287	2.518958956399661e-05
981	0.1261038	1.203635491343368e-05
982	0.1260518	1.1781536739494297e-05
983	0.1279503	2.5407048321447168e-05
984	0.1257981	1.0610613194146562e-05
985	0.1302618	6.250087779754452e-05
986	0.1271048	1.8101887143489212e-05
987	0.1296416	4.927916493828069e-05
988	0.1245966	6.4222987785373635e-06
989	0.1265054	1.4189882135231195e-05
990	0.125349	8.8057823556633e-06
991	0.1284593	3.108110196284929e-05
992	0.123631	4.257665179149999e-06
993	0.1276823	2.2831331543119085e-05
994	0.1274172	2.0529901026063154e-05
995	0.1299319	5.509750387218493e-05
996	0.1286362	3.332181948777416e-05
997	0.1272979	1.9568090792442385e-05
998	0.1278642	2.4550750601318436e-05
999	0.1265823	1.4642282238047754e-05
