Dataset	Random-mean	P-value
0	0.68029679	8.879237556838558e-14
1	0.67947016	5.194087680531237e-14
2	0.68744528	7.71114443640935e-12
3	0.68520218	1.9654005227710847e-12
4	0.683781	8.134080635311556e-13
5	0.67977184	6.319732937918943e-14
6	0.68528152	2.0638651994460602e-12
7	0.68750391	7.988273268674932e-12
8	0.68141966	1.827496139481254e-13
9	0.68296515	4.874496510134938e-13
10	0.68285019	4.5337034485665403e-13
11	0.68399726	9.310195676263676e-13
12	0.68541641	2.2425242359029247e-12
13	0.68969833	2.9484988138198805e-11
14	0.67804097	2.0358893640755314e-14
15	0.68495942	1.691947769131207e-12
16	0.67954125	5.440076943434248e-14
17	0.68750142	7.976307160076845e-12
18	0.68201011	2.6630371620936015e-13
19	0.68414121	1.018425894699966e-12
20	0.6859516	3.1139346821202925e-12
21	0.68912812	2.1062260076179417e-11
22	0.68483919	1.5707410225981892e-12
23	0.68085148	1.2695302530491272e-13
24	0.68037972	9.367851383570105e-14
25	0.68719291	6.622272237480449e-12
26	0.68690045	5.548506780487674e-12
27	0.68191972	2.5142218858890583e-13
28	0.68410064	9.930057775894467e-13
29	0.68493417	1.6657522674611877e-12
30	0.68671128	4.947163106814468e-12
31	0.68903753	1.9962357583369617e-11
32	0.68304209	5.116545383125024e-13
33	0.68111274	1.5014025120739897e-13
34	0.68313414	5.421715107979267e-13
35	0.68557781	2.4763652644093033e-12
36	0.6840519	9.632912885405863e-13
37	0.68524971	2.023817996968792e-12
38	0.68233273	3.268422039588956e-13
39	0.68370798	7.771004257989013e-13
40	0.68871902	1.6524742699588435e-11
41	0.68299535	4.96812930571932e-13
42	0.68336422	6.26507026280362e-13
43	0.68079212	1.2219835283184185e-13
44	0.67929616	4.637329556842908e-14
45	0.68423484	1.0795620588765804e-12
46	0.68123483	1.6236101403389927e-13
47	0.68514152	1.8932497311079474e-12
48	0.68396105	9.102217904834508e-13
49	0.68542425	2.253363505507102e-12
50	0.68474955	1.4859718686278245e-12
51	0.68272338	4.1849606561868243e-13
52	0.68700517	5.9117138729650705e-12
53	0.68788121	1.0020911629729071e-11
54	0.68132295	1.7178546504679888e-13
55	0.68312882	5.403600055422001e-13
56	0.68356972	7.126702616330848e-13
57	0.67864822	3.0354257697876934e-14
58	0.6855761	2.4737663250862842e-12
59	0.68503242	1.7699822582440225e-12
60	0.68066112	1.123176580554062e-13
61	0.68419714	1.054523085492792e-12
62	0.68404509	9.59209851390322e-13
63	0.68387912	8.648371217492374e-13
64	0.68285273	4.540973337169268e-13
65	0.68538619	2.201221038552584e-12
66	0.68036689	9.290561521804972e-14
67	0.68014638	8.056302443653921e-14
68	0.68276402	4.2937467095690933e-13
69	0.68542535	2.254888438051323e-12
70	0.68292898	4.764638897272834e-13
71	0.68611254	3.4358334461506882e-12
72	0.68735405	7.29860596782865e-12
73	0.68611126	3.4331485427425824e-12
74	0.68157238	2.0148311073263357e-13
75	0.68562477	2.548796285759136e-12
76	0.6817407	2.2432588162526364e-13
77	0.68582408	2.8801081070597487e-12
78	0.68890747	1.8481206391909555e-11
79	0.68151603	1.943603820696481e-13
80	0.6846977	1.4390112828607261e-12
81	0.6818773	2.4472373867759427e-13
82	0.68679813	5.214841962670857e-12
83	0.67962734	5.753386987817248e-14
84	0.68444263	1.2284340905454328e-12
85	0.68520113	1.9641289129131624e-12
86	0.6875995	8.461227594355347e-12
87	0.6842645	1.0996715744220928e-12
88	0.68506229	1.8029235061312107e-12
89	0.68345296	6.623777990919027e-13
90	0.68214582	2.90289901421888e-13
91	0.68853591	1.481912300591528e-11
92	0.68924269	2.2538841287501414e-11
93	0.6866039	4.634825174780402e-12
94	0.68331186	6.062463424886493e-13
95	0.6814355	1.846099688453945e-13
96	0.68582074	2.8742217636093458e-12
97	0.68044252	9.755406830074578e-14
98	0.67772605	1.653578898504032e-14
99	0.68179719	2.3254975557350506e-13
100	0.68707588	6.170076017749529e-12
101	0.68173598	2.2365185405701606e-13
102	0.68570923	2.6843479047906532e-12
103	0.6866786	4.849977975429405e-12
104	0.68631035	3.876556951699174e-12
105	0.6861513	3.5181207881690813e-12
106	0.68825608	1.2541274255478133e-11
107	0.68416163	1.0314617589454366e-12
108	0.68307573	5.226057586594635e-13
109	0.68291566	4.724799906976662e-13
110	0.68556827	2.4619001439104485e-12
111	0.68779186	9.497887383585305e-12
112	0.68607295	3.3537382350381263e-12
113	0.68354667	7.024527803495432e-13
114	0.69155461	8.688618969155253e-11
115	0.68590026	3.0176316934131096e-12
116	0.68737219	7.378868402118591e-12
117	0.68191097	2.5002587124393287e-13
118	0.6841465	1.0217873171750337e-12
119	0.68275194	4.2611230812974674e-13
120	0.6816317	2.0925913338743706e-13
121	0.69252186	1.512493108961334e-10
122	0.68485897	1.5900774523546496e-12
123	0.68702832	5.995106878105592e-12
124	0.68414852	1.0230737637154793e-12
125	0.6817519	2.2593328766667953e-13
126	0.6855556	2.4428175402362457e-12
127	0.68641664	4.135864268714825e-12
128	0.68432475	1.1416628501458835e-12
129	0.68768231	8.893114401963114e-12
130	0.68603707	3.2810042910530084e-12
131	0.69098303	6.243871954599398e-11
132	0.68520368	1.967218513251596e-12
133	0.68629266	3.834980223807198e-12
134	0.67879433	3.3405376771133294e-14
135	0.68450537	1.2772305019367744e-12
136	0.68214476	2.900945469039866e-13
137	0.67996995	7.186443044754321e-14
138	0.68554925	2.433308449723596e-12
139	0.67800772	1.9917228706047732e-14
140	0.68548625	2.3409169331055076e-12
141	0.68233544	3.274041959154733e-13
142	0.68161766	2.073923958420012e-13
143	0.68298377	4.932018894220389e-13
144	0.68620346	3.631921734136605e-12
145	0.68577194	2.789555008051917e-12
146	0.68239905	3.408722437563199e-13
147	0.68073845	1.1805077137229194e-13
148	0.68515692	1.9113162729402095e-12
149	0.68378055	8.131792765810736e-13
150	0.68345613	6.636959096977499e-13
151	0.68745635	7.762735724022002e-12
152	0.68724887	6.849856978167971e-12
153	0.68463794	1.3866960783665006e-12
154	0.6861114	3.4334421035388535e-12
155	0.68321351	5.699184955780533e-13
156	0.68730775	7.097615705270237e-12
157	0.6845858	1.3425834941751524e-12
158	0.68376411	8.048642154249824e-13
159	0.68310653	5.328346445683422e-13
160	0.68251259	3.662813541852949e-13
161	0.68658724	4.588135783423742e-12
162	0.68699127	5.86219098687198e-12
163	0.68222703	3.056483083436278e-13
164	0.68874303	1.6762222500388797e-11
165	0.68308713	5.263690367833407e-13
166	0.68348279	6.748840089762708e-13
167	0.67960202	5.6594369063896046e-14
168	0.68030674	8.936508761811e-14
169	0.68468361	1.4265043109307815e-12
170	0.68235883	3.3229447091237007e-13
171	0.68792118	1.026394644659967e-11
172	0.68604319	3.2932997436671e-12
173	0.68848645	1.438888527229888e-11
174	0.68600383	3.215007370129279e-12
175	0.68289441	4.661921011109054e-13
176	0.68529546	2.08165966709407e-12
177	0.68585715	2.939033516742158e-12
178	0.68285925	4.559687219742731e-13
179	0.68149901	1.9225823031377243e-13
180	0.68540548	2.227498400237285e-12
181	0.68007683	7.70165584742966e-14
182	0.68366192	7.550236121830616e-13
183	0.68430102	1.1249391281483618e-12
184	0.68714748	6.4429918438382485e-12
185	0.6811698900000001	1.5574355577672716e-13
186	0.68814708	1.175034479617843e-11
187	0.6837357	7.906917803195872e-13
188	0.68408133	9.811269980391205e-13
189	0.6875134	8.034040989341776e-12
190	0.68174095	2.243616379889868e-13
191	0.69030433	4.206100019818868e-11
192	0.68440114	1.1971775997366387e-12
193	0.68772885	9.145271016107715e-12
194	0.68090327	1.3124995538065738e-13
195	0.68283609	4.493554893689294e-13
196	0.68761907	8.56139458368438e-12
197	0.68640132	4.0974635774478345e-12
198	0.6824122	3.4372378799445053e-13
199	0.68082084	1.2447646457575388e-13
200	0.68920606	2.2056029366958682e-11
201	0.67951042	5.3320178790679185e-14
202	0.68697162	5.79287701076391e-12
203	0.68390779	8.804594933319076e-13
204	0.68717555	6.553192996267294e-12
205	0.68019743	8.326812650006142e-14
206	0.68643604	4.184999825569085e-12
207	0.6872261	6.756340403100833e-12
208	0.6829333399999999	4.777751002819684e-13
209	0.68701826	5.958726740659465e-12
210	0.68714204	6.421846410164462e-12
211	0.68358157	7.179798653558294e-13
212	0.69041998	4.499937182169759e-11
213	0.67834201	2.4823677125175435e-14
214	0.68406133	9.689712045823374e-13
215	0.68735445	7.30036652622942e-12
216	0.68306358	5.186240588162884e-13
217	0.68641705	4.1368968098451e-12
218	0.68170749	2.1962557480352612e-13
219	0.68509618	1.841028806953626e-12
220	0.68397179	9.163423068468139e-13
221	0.6869832	5.833626540835377e-12
222	0.68251539	3.669309743321743e-13
223	0.68438696	1.1866755966916871e-12
224	0.68171691	2.209488672313044e-13
225	0.68897566	1.9243779494356118e-11
226	0.68354336	7.009974320068576e-13
227	0.68626495	3.770733251436475e-12
228	0.68699592	5.878712436584299e-12
229	0.68008945	7.764843874508923e-14
230	0.67711199	1.100445908811968e-14
231	0.68660217	4.629955225611603e-12
232	0.68294954	4.826782309842117e-13
233	0.6847202	1.4592074411341168e-12
234	0.68503282	1.7704194501719503e-12
235	0.6905553	4.869383957564082e-11
236	0.68669184	4.889123367546415e-12
237	0.68320701	5.675945532725216e-13
238	0.68849024	1.4421414667635304e-11
239	0.68158908	2.0364298669736623e-13
240	0.68326331	5.880370429689443e-13
241	0.68720986	6.6904103322211286e-12
242	0.68084753	1.2663104975946284e-13
243	0.67948949	5.259867226049317e-14
244	0.68387729	8.63849265256892e-13
245	0.68776455	9.343444616145664e-12
246	0.69054042	4.827345688997351e-11
247	0.68725888	6.8913695762109824e-12
248	0.68582506	2.8818374862579713e-12
249	0.68699949	5.891427694702442e-12
250	0.6842366	1.0807451738316082e-12
251	0.68348883	6.774444300434768e-13
252	0.68669943	4.911703854139627e-12
253	0.68752349	8.082984977199006e-12
254	0.68585688	2.938547653023935e-12
255	0.68060364	1.0823483718415658e-13
256	0.6873144	7.12614551244777e-12
257	0.68694421	5.697533992528425e-12
258	0.68203451	2.7046742492750314e-13
259	0.6848583	1.5894186614884055e-12
260	0.6823396	3.282687370326034e-13
261	0.68488307	1.6139537261172103e-12
262	0.67860678	2.954009714394867e-14
263	0.68725673	6.882432485757183e-12
264	0.68363618	7.429564217905008e-13
265	0.68022576	8.480774039010546e-14
266	0.67942987	5.0595780122999637e-14
267	0.68436327	1.169332185626147e-12
268	0.68504833	1.787453737933035e-12
269	0.68544861	2.287372541782211e-12
270	0.68436056	1.1673641690125353e-12
271	0.68747045	7.828939597655541e-12
272	0.6861293	3.4711799884473235e-12
273	0.68087396	1.288008532708227e-13
274	0.68511811	1.8661075717803875e-12
275	0.68616994	3.558380476872125e-12
276	0.68320789	5.679086323861268e-13
277	0.68888787	1.826756332472358e-11
278	0.68615703	3.5304488376587253e-12
279	0.68616948	3.5573815134826445e-12
280	0.68343988	6.569662350653194e-13
281	0.68976961	3.074685202244019e-11
282	0.68165917	2.1295950978657262e-13
283	0.67947159	5.19892602768592e-14
284	0.68503009	1.7674377257213939e-12
285	0.68233801	3.2793803430265794e-13
286	0.68269504	4.1107104648363677e-13
287	0.68105849	1.4500527244860995e-13
288	0.68157358	2.0163755588355307e-13
289	0.68717697	6.558816789863421e-12
290	0.6832544	5.847542105697764e-13
291	0.68619777	3.6193336859521086e-12
292	0.68765166	8.730794940118678e-12
293	0.68121752	1.6057049992536672e-13
294	0.68718579	6.593854056429115e-12
295	0.68580737	2.8507770084663297e-12
296	0.68827385	1.2675082546544035e-11
297	0.68574202	2.7388626140122374e-12
298	0.68337795	6.319292435355971e-13
299	0.68755795	8.252360880241671e-12
300	0.68134704	1.7445438970896978e-13
301	0.68716532	6.512817738239243e-12
302	0.68262453	3.9315584924781917e-13
303	0.68518804	1.948343952694613e-12
304	0.685798	2.8344585829367964e-12
305	0.68416578	1.0341310742161969e-12
306	0.68787364	9.975523805782863e-12
307	0.68714959	6.451211878942976e-12
308	0.67994644	7.077756413714188e-14
309	0.68221448	3.032236149259784e-13
310	0.68768509	8.907982848967113e-12
311	0.6842288	1.0755115084437967e-12
312	0.68639369	4.078469415172901e-12
313	0.68299061	4.953316996792817e-13
314	0.68564027	2.573157762496734e-12
315	0.68282117	4.45145268700964e-13
316	0.68608891	3.386598755884625e-12
317	0.68534207	2.1422604455367936e-12
318	0.68611853	3.448425419084133e-12
319	0.67897215	3.752900314919646e-14
320	0.68811479	1.1525597672310986e-11
321	0.68361868	7.348608566598525e-13
322	0.68613644	3.4863465068952604e-12
323	0.68229566	3.192494586306056e-13
324	0.68383631	8.420163944699455e-13
325	0.68539182	2.2088587056297355e-12
326	0.68508199	1.824978362394321e-12
327	0.68624187	3.7180299348545415e-12
328	0.68492406	1.6553759241069737e-12
329	0.68484203	1.5735030439379736e-12
330	0.68716143	6.4975291231205766e-12
331	0.68421113	1.0637473239004474e-12
332	0.68132724	1.72257790688197e-13
333	0.68203574	2.706790061124015e-13
334	0.69194079	1.0848859003944551e-10
335	0.68286683	4.581539024749996e-13
336	0.68793606	1.0355894661117825e-11
337	0.683558	7.074569322442429e-13
338	0.68155503	1.992630726883981e-13
339	0.68624417	3.7232493360489305e-12
340	0.68399465	9.295049596138235e-13
341	0.68459339	1.3489180030720302e-12
342	0.68359976	7.262060747269402e-13
343	0.68468051	1.4237669879075797e-12
344	0.68774535	9.236345194372612e-12
345	0.68342509	6.508996174474917e-13
346	0.68587618	2.9734776602071222e-12
347	0.68770173	8.997491603852793e-12
348	0.68261293	3.902831072925123e-13
349	0.67680734	8.984047050963316e-15
350	0.68235812	3.321449740491623e-13
351	0.68591616	3.047139332503402e-12
352	0.68313999	5.441703885465903e-13
353	0.68304935	5.1399868472627e-13
354	0.68630776	3.870442107816213e-12
355	0.68403652	9.540977731288951e-13
356	0.68560209	2.5135582337026944e-12
357	0.68482047	1.5526539976619307e-12
358	0.68220805	3.0198867205305734e-13
359	0.68579211	2.8242478488001484e-12
360	0.68413258	1.0129654828016397e-12
361	0.68612073	3.4530615683755313e-12
362	0.68587318	2.968021446419361e-12
363	0.68915742	2.1430581128821444e-11
364	0.68485468	1.585863866741831e-12
365	0.68638704	4.061985493283401e-12
366	0.6834622	6.662270731214956e-13
367	0.68376637	8.060023020998406e-13
368	0.68272827	4.197905280022418e-13
369	0.68307877	5.236067012798328e-13
370	0.68504168	1.7801305351618174e-12
371	0.68569232	2.65665286151799e-12
372	0.68211382	2.8444911216587826e-13
373	0.68069886	1.150805036792611e-13
374	0.68328126	5.947058012850218e-13
375	0.68193535	2.5393555223267395e-13
376	0.68235517	3.3152453419935844e-13
377	0.68578789	2.8169544306168384e-12
378	0.68181559	2.3529203482123937e-13
379	0.68500372	1.7388893869979556e-12
380	0.68036197	9.261089726126112e-14
381	0.68559923	2.509148797061965e-12
382	0.68487933	1.6102254568039855e-12
383	0.68496138	1.6939980305453299e-12
384	0.68479897	1.532133701145469e-12
385	0.68767515	8.854932315347762e-12
386	0.68809096	1.1362447968646213e-11
387	0.68805026	1.1089030327682455e-11
388	0.68073161	1.1753225042642174e-13
389	0.68154949	1.9855928548911626e-13
390	0.68181663	2.354479808330858e-13
391	0.68533467	2.132524618712156e-12
392	0.68357709	7.159679589465464e-13
393	0.68626159	3.7630152349048835e-12
394	0.68589605	3.009865832634509e-12
395	0.68784761	9.82099040479052e-12
396	0.68523209	2.0019653016663936e-12
397	0.68422415	1.0724033143579432e-12
398	0.68200203	2.6493888043851425e-13
399	0.67871775	3.1770296042573224e-14
400	0.68946104	2.5639707698189393e-11
401	0.68161404	2.0691375247827948e-13
402	0.68603894	3.2847564378873663e-12
403	0.68633163	3.927158774406373e-12
404	0.68286391	4.573108995082276e-13
405	0.68308488	5.256241771671112e-13
406	0.68275803	4.277539300617694e-13
407	0.68283529	4.4912874870057015e-13
408	0.68112686	1.515058939377553e-13
409	0.68570291	2.6739639941119898e-12
410	0.68498247	1.7162145017545932e-12
411	0.68700992	5.928731249669015e-12
412	0.68661952	4.6790240769418314e-12
413	0.68550495	2.3679749167706326e-12
414	0.68320194	5.657883575029519e-13
415	0.68163631	2.0987567469784985e-13
416	0.6808594	1.2760103918165475e-13
417	0.68743742	7.674717925665665e-12
418	0.68115309	1.5407534463132348e-13
419	0.68333733	6.160200578209231e-13
420	0.68556429	2.4558900260210696e-12
421	0.68140895	1.8150223975024455e-13
422	0.68482639	1.5583515582677274e-12
423	0.68267674	4.06345577688763e-13
424	0.68130242	1.6954273526177176e-13
425	0.68655981	4.512269049719101e-12
426	0.68445682	1.239307332232863e-12
427	0.68433699	1.1503843966747548e-12
428	0.68477784	1.512226605470205e-12
429	0.68745902	7.775229834130547e-12
430	0.68742767	7.629767277270786e-12
431	0.68749812	7.960475599059677e-12
432	0.68232328	3.2488991346933147e-13
433	0.68843088	1.392012435705464e-11
434	0.69028904	4.168689321322561e-11
435	0.68690074	5.549481666498036e-12
436	0.67992055	6.959941383106007e-14
437	0.68985774	3.2380470055195373e-11
438	0.68492	1.6512268850997943e-12
439	0.68678883	5.185511317440344e-12
440	0.68871613	1.649638182897139e-11
441	0.68288444	4.632704416903926e-13
442	0.68615193	3.519474154294393e-12
443	0.68690633	5.5683063708601004e-12
444	0.68776589	9.350964647735767e-12
445	0.68181764	2.3559952585789005e-13
446	0.68833874	1.31757218354689e-11
447	0.68568455	2.6440216427524874e-12
448	0.68361662	7.339136243759086e-13
449	0.67988329	6.793772210846415e-14
450	0.67761651	1.537964176814932e-14
451	0.6820849	2.7927017385370834e-13
452	0.68123758	1.6264727416310964e-13
453	0.68792345	1.0277921466988902e-11
454	0.68065269	1.1170950976515213e-13
455	0.68611547	3.4419871326915825e-12
456	0.6858565	2.937863978640898e-12
457	0.68288183	4.625085766226278e-13
458	0.6878756	9.987256060436097e-12
459	0.68136034	1.7594535510121187e-13
460	0.68019203	8.297780186471251e-14
461	0.68232694	3.2564467212098903e-13
462	0.69338728	2.470897786981856e-10
463	0.68180823	2.3419132123150366e-13
464	0.67804073	2.0355671323075243e-14
465	0.68501956	1.7559829967585307e-12
466	0.68713586	6.397907322944269e-12
467	0.68237159	3.3499252927351874e-13
468	0.68424218	1.0845046283782538e-12
469	0.68529817	2.085136473247332e-12
470	0.68257352	3.8067677764211035e-13
471	0.6877033	9.005982323379519e-12
472	0.68476104	1.4965807130576618e-12
473	0.68069087	1.1449004284318947e-13
474	0.6896229	2.820501429173989e-11
475	0.68434678	1.1574073743868664e-12
476	0.68425933	1.0961399726588333e-12
477	0.67738751	1.3214165513362342e-14
478	0.68197537	2.604842904410445e-13
479	0.68314758	5.467746217131335e-13
480	0.68903252	1.9903202592072822e-11
481	0.68618505	3.5913480343622027e-12
482	0.68624639	3.7282940253888544e-12
483	0.68661576	4.668346931229417e-12
484	0.68410597	9.963094438127023e-13
485	0.6847461	1.4828009144401467e-12
486	0.67997642	7.216641441048571e-14
487	0.68375248	7.990325692725296e-13
488	0.68631782	3.8942464546159985e-12
489	0.67548162	3.6931010565126934e-15
490	0.68510709	1.8534635676050272e-12
491	0.68354981	7.038361317213509e-13
492	0.68172329	2.2184956822801201e-13
493	0.68346896	6.690571494813827e-13
494	0.68651197	4.382892029911576e-12
495	0.68740768	7.538414394533842e-12
496	0.68768526	8.908892862612943e-12
497	0.68399578	9.301604115150985e-13
498	0.6843556	1.1637706290051184e-12
499	0.68481279	1.5452930999032899e-12
500	0.68334089	6.173984510655175e-13
501	0.68511142	1.8584215909009504e-12
502	0.68377952	8.126558470647807e-13
503	0.68474371	1.480608129058094e-12
504	0.68129087	1.6829370202839464e-13
505	0.68663425	4.721084094610638e-12
506	0.6846504	1.3974470901978237e-12
507	0.68647358	4.281714939299379e-12
508	0.68384819	8.482891650835613e-13
509	0.68874326	1.676451352977132e-11
510	0.68350273	6.833731722191537e-13
511	0.68802052	1.0893337988717648e-11
512	0.68306401	5.187644637200972e-13
513	0.68370312	7.747413360025782e-13
514	0.68406862	9.73384725806124e-13
515	0.68353129	6.957155699152184e-13
516	0.68111402	1.5026354722639276e-13
517	0.68926839	2.2883766033399755e-11
518	0.68543538	2.268839957822444e-12
519	0.68110876	1.4975751420876727e-13
520	0.68679231	5.1964676192297135e-12
521	0.68127262	1.6633857934396414e-13
522	0.68362569	7.380932299333922e-13
523	0.6815143	1.9414567882886983e-13
524	0.69073428	5.4040506835637536e-11
525	0.68494499	1.6769282075202018e-12
526	0.68131353	1.7075280326161156e-13
527	0.68622236	3.674044170821468e-12
528	0.68119275	1.5804213204893328e-13
529	0.6853864	2.2015054579219045e-12
530	0.68320242	5.659591154805824e-13
531	0.68634247	3.953184369225984e-12
532	0.68899564	1.9473011710267462e-11
533	0.68246661	3.557742683571271e-13
534	0.68161223	2.066748390860321e-13
535	0.68308574	5.259087564536409e-13
536	0.67976893	6.307802851507448e-14
537	0.68292316	4.747191245505227e-13
538	0.68277378	4.3202844081416484e-13
539	0.68237937	3.366481598401343e-13
540	0.68643147	4.173373687773709e-12
541	0.68159579	2.0451722693836987e-13
542	0.68859023	1.530620041560296e-11
543	0.68668498	4.8688024713488606e-12
544	0.68267185	4.050919539971942e-13
545	0.68647128	4.275726725602935e-12
546	0.68242068	3.4557510137358554e-13
547	0.68655573	4.501090335863221e-12
548	0.68407166	9.752310468247516e-13
549	0.68076954	1.204361709476238e-13
550	0.68104552	1.4380347608795785e-13
551	0.68276192	4.288057774001284e-13
552	0.6782011	2.2624960487989466e-14
553	0.68869314	1.627246679070957e-11
554	0.6823204	3.2429721656939903e-13
555	0.68370063	7.735353991690679e-13
556	0.6853773	2.1892137136312206e-12
557	0.68698275	5.832037761150106e-12
558	0.68063401	1.1037345625643104e-13
559	0.68343492	6.54925545625403e-13
560	0.6863547	3.982750815752013e-12
561	0.68306278	5.183629399461216e-13
562	0.68785507	9.865036439725124e-12
563	0.69273179	1.704494961494384e-10
564	0.68656744	4.5332476367112855e-12
565	0.68399885	9.319434502444298e-13
566	0.68448281	1.2594685856009679e-12
567	0.68095667	1.3583051952138872e-13
568	0.68154569	1.980779599933098e-13
569	0.68112704	1.515233817550993e-13
570	0.68562053	2.5421718510166592e-12
571	0.68838358	1.3532967812452957e-11
572	0.68890362	1.8439048054982023e-11
573	0.68011629	7.900935236545161e-14
574	0.68081561	1.2405851929760592e-13
575	0.68442992	1.2187746500262865e-12
576	0.68479066	1.5242740699072183e-12
577	0.68543648	2.270375191646597e-12
578	0.68705082	6.077265989406285e-12
579	0.67919541	4.342306866288655e-14
580	0.68337848	6.321394733322614e-13
581	0.67960456	5.668792922705122e-14
582	0.6857096	2.6849570509483507e-12
583	0.68663018	4.709425604671421e-12
584	0.68511023	1.857057694607631e-12
585	0.68692178	5.620662381729517e-12
586	0.68195533	2.5718448070013445e-13
587	0.68189817	2.479970092467159e-13
588	0.68176589	2.279570563640674e-13
589	0.69035951	4.343871188136492e-11
590	0.68625423	3.746163339112916e-12
591	0.68071618	1.16370774836877e-13
592	0.68792988	1.0317608649872077e-11
593	0.68184895	2.4034538101946363e-13
594	0.68613625	3.485942073441527e-12
595	0.68396102	9.102047505506109e-13
596	0.68572428	2.7092353463076225e-12
597	0.68693385	5.661900850132846e-12
598	0.6836019	7.271799430314811e-13
599	0.68423713	1.0811017026889698e-12
600	0.68438695	1.1866682225689998e-12
601	0.68092002	1.326701093973551e-13
602	0.68740411	7.522213252322791e-12
603	0.68352331	6.922450361995089e-13
604	0.68545168	2.291694236798661e-12
605	0.68138913	1.7921592810385592e-13
606	0.6852662	2.0444817145058197e-12
607	0.68180592	2.3384689975884023e-13
608	0.68157117	2.0132749655104323e-13
609	0.68606968	3.347044337603658e-12
610	0.68005681	7.602454608377505e-14
611	0.68449426	1.2684527979263965e-12
612	0.685349	2.151417553565662e-12
613	0.68579046	2.821393948453618e-12
614	0.69165593	9.21068540211729e-11
615	0.67758161	1.5028323929325464e-14
616	0.68621827	3.6648882508268005e-12
617	0.68168141	2.1600253354207465e-13
618	0.68316008	5.510903140525861e-13
619	0.68630051	3.853375651056992e-12
620	0.67902239	3.878238938417004e-14
621	0.68234153	3.28670597422291e-13
622	0.6815689	2.0103587858395252e-13
623	0.68193528	2.539242409771755e-13
624	0.68721387	6.706630833879516e-12
625	0.68333392	6.147025840655481e-13
626	0.68825836	1.2558364771038463e-11
627	0.68358977	7.21676798954262e-13
628	0.68493223	1.6637562100137102e-12
629	0.68183312	2.3793427440426297e-13
630	0.68633196	3.927948574615478e-12
631	0.68463023	1.3800843703099504e-12
632	0.6868151	5.2687833855613165e-12
633	0.68499323	1.727659401071117e-12
634	0.68554154	2.421811695331495e-12
635	0.68864315	1.579583193771777e-11
636	0.68754342	8.180522753523669e-12
637	0.68189323	2.472183402645096e-13
638	0.68412133	1.0058905766731059e-12
639	0.68381136	8.289907805432744e-13
640	0.68350925	6.861717065138486e-13
641	0.6884591	1.4156268470290418e-11
642	0.68045094	9.80855600541224e-14
643	0.68485961	1.5907069959998195e-12
644	0.68545583	2.2975490363886714e-12
645	0.69176716	9.819255901632048e-11
646	0.68343289	6.54092144940132e-13
647	0.68362864	7.394576817318895e-13
648	0.68284927	4.53107308895579e-13
649	0.67882101	3.399430209718794e-14
650	0.68683609	5.336262127270241e-12
651	0.6835788	7.167352406923154e-13
652	0.68367293	7.602439417948311e-13
653	0.68960515	2.791183412680129e-11
654	0.6862229	3.675254700430375e-12
655	0.68578665	2.814814864209476e-12
656	0.6825764	3.8137083017656876e-13
657	0.68735374	7.297241822060232e-12
658	0.68620908	3.644397175193435e-12
659	0.68573877	2.7334111076026307e-12
660	0.68333741	6.160509996473684e-13
661	0.68644445	4.206478248769239e-12
662	0.68917079	2.1600745399282914e-11
663	0.68143477	1.8452382410971056e-13
664	0.68252439	3.6902673381997133e-13
665	0.68239718	3.4046863581677937e-13
666	0.68214494	2.901277111824921e-13
667	0.68512427	1.873212296698874e-12
668	0.68815724	1.182194746600355e-11
669	0.68244181	3.5023093253221653e-13
670	0.68284236	4.5113647740835884e-13
671	0.68502927	1.7665430814032276e-12
672	0.6889008	1.84082283742992e-11
673	0.68483845	1.5700221247194323e-12
674	0.68162858	2.0884287749222545e-13
675	0.6822943	3.189742299984056e-13
676	0.68608767	3.3840343794856225e-12
677	0.68815575	1.1811419923658601e-11
678	0.68685569	5.40003890123942e-12
679	0.686942	5.6899142657853e-12
680	0.6850167	1.7528844686337337e-12
681	0.68365646	7.524478884039848e-13
682	0.68965955	2.8819966335487638e-11
683	0.68227677	3.15447465601933e-13
684	0.67740253	1.3346475393621176e-14
685	0.68045875	9.858109798940764e-14
686	0.68378776	8.168525867146809e-13
687	0.68114254	1.5303676118050381e-13
688	0.68576889	2.78434555222362e-12
689	0.68634633	3.962492668581653e-12
690	0.68618506	3.591369951869005e-12
691	0.6850644	1.8052731316756555e-12
692	0.68317576	5.565513660809301e-13
693	0.68316367	5.523359683113312e-13
694	0.68778259	9.445184796199374e-12
695	0.68249269	3.616969298318181e-13
696	0.68308821	5.267269384642329e-13
697	0.68534637	2.1479378207772403e-12
698	0.68419089	1.0504276611277543e-12
699	0.6893701	2.4300404570039234e-11
700	0.68474208	1.4791144614276249e-12
701	0.68771351	9.061391433251573e-12
702	0.68522306	1.9908562341385853e-12
703	0.68452037	1.289176478340384e-12
704	0.68469318	1.4349874011203837e-12
705	0.68876314	1.696370452287103e-11
706	0.68524792	2.0215873363970295e-12
707	0.68333155	6.137885548819361e-13
708	0.68873517	1.6684113587994e-11
709	0.68570305	2.674193589009416e-12
710	0.6843468	1.1574217647313538e-12
711	0.6866554	4.782126462928662e-12
712	0.68533115	2.127908810946869e-12
713	0.6840841	9.82822365088749e-13
714	0.68363504	7.424263908155126e-13
715	0.6867186	4.969192660377423e-12
716	0.6818536	2.410581964173576e-13
717	0.68695206	5.724680711307531e-12
718	0.68076057	1.1974310848927064e-13
719	0.68453978	1.304797874872468e-12
720	0.68344202	6.57848625680004e-13
721	0.68584541	2.9179802344666077e-12
722	0.68678576	5.175864698783528e-12
723	0.68392703	8.910988366083048e-13
724	0.68311878	5.369575213093523e-13
725	0.68682905	5.313535762597615e-12
726	0.68557004	2.4645776303784033e-12
727	0.6820812	2.7861432312747406e-13
728	0.68525478	2.030149274425523e-12
729	0.68201112	2.6647480691217325e-13
730	0.68493283	1.6643732958844333e-12
731	0.68366593	7.569208328052337e-13
732	0.68309895	5.302991365301487e-13
733	0.68011224	7.880250222137123e-14
734	0.68387371	8.619199478135507e-13
735	0.68607311	3.3540661027892977e-12
736	0.68020673	8.377047906632562e-14
737	0.68647169	4.276793586396449e-12
738	0.68421863	1.0687250615544144e-12
739	0.68537137	2.1812401732161315e-12
740	0.68240752	3.4270625917625176e-13
741	0.6881583	1.1829442469224614e-11
742	0.68081852	1.2429089531808562e-13
743	0.68242613	3.4677009988094895e-13
744	0.68262278	3.927211314262181e-13
745	0.68099811	1.3949341041053157e-13
746	0.68358527	7.196456799764113e-13
747	0.68436504	1.1706193314450366e-12
748	0.68036744	9.293861872462073e-14
749	0.68613372	3.4805611177607185e-12
750	0.68307933	5.237912912236256e-13
751	0.68409597	9.901200589988889e-13
752	0.68245078	3.522260315030398e-13
753	0.68563962	2.572131567096176e-12
754	0.68076069	1.1975235423655105e-13
755	0.69064796	5.139362202933556e-11
756	0.68061187	1.0881031607958315e-13
757	0.68474121	1.4783178347382118e-12
758	0.68347463	6.714400208499836e-13
759	0.68445822	1.240385216452648e-12
760	0.6858139	2.8622039963422978e-12
761	0.68113624	1.5241985740942276e-13
762	0.68965717	2.8779635734033855e-11
763	0.68714915	6.449496898266018e-12
764	0.68319101	5.619137554114255e-13
765	0.68592134	3.056813652280225e-12
766	0.68573691	2.7302959714053064e-12
767	0.68221631	3.0357599227863387e-13
768	0.68673061	5.005545856928016e-12
769	0.68170285	2.1897663520135002e-13
770	0.68307572	5.226024691959856e-13
771	0.68568193	2.6397757980152216e-12
772	0.68645614	4.2365136331747305e-12
773	0.68407896	9.79678734447175e-13
774	0.68210056	2.8206289764504817e-13
775	0.68817209	1.1927374625534987e-11
776	0.68471065	1.45060145363237e-12
777	0.68623039	3.692085693601547e-12
778	0.68599372	3.195194469749162e-12
779	0.68465175	1.398616839852694e-12
780	0.68000431	7.348254897127497e-14
781	0.68651839	4.40003985712433e-12
782	0.68215534	2.920502241650235e-13
783	0.6825624	3.780086183028112e-13
784	0.68781448	9.62770423256216e-12
785	0.68445431	1.237377146966332e-12
786	0.68464026	1.3886916869117235e-12
787	0.68625119	3.739224447810452e-12
788	0.68784233	9.789932561925546e-12
789	0.67875801	3.2619805234228114e-14
790	0.68357352	7.143686953209129e-13
791	0.68454143	1.306134372016364e-12
792	0.68436232	1.1686419191205992e-12
793	0.68189	2.467105132731893e-13
794	0.68297056	4.891141081846812e-13
795	0.68833756	1.3166446824352243e-11
796	0.6874474	7.720998456270659e-12
797	0.68719137	6.616115424301762e-12
798	0.68277002	4.310041796967403e-13
799	0.68582225	2.876881488021547e-12
800	0.68807918	1.1282637493014973e-11
801	0.68524165	2.0137928501591197e-12
802	0.68781167	9.611483216473799e-12
803	0.6840768	9.783606307892017e-13
804	0.68686563	5.432668578370825e-12
805	0.68919913	2.196583572836304e-11
806	0.68481746	1.5497649607373537e-12
807	0.6837283	7.870407700839929e-13
808	0.68569628	2.6631132057208055e-12
809	0.6849456	1.6775604663777777e-12
810	0.68671834	4.968408540698569e-12
811	0.68093376	1.3384635659850342e-13
812	0.68493894	1.670670123045443e-12
813	0.68713704	6.402471431930208e-12
814	0.68382113	8.340675933085774e-13
815	0.68605014	3.3073176657102596e-12
816	0.68530518	2.094156503224481e-12
817	0.68698405	5.83662872993329e-12
818	0.68705308	6.0855793218825195e-12
819	0.68205	2.7314390566923194e-13
820	0.68346715	6.682982342342008e-13
821	0.68244648	3.5126823667316893e-13
822	0.68451782	1.287137934083383e-12
823	0.67997345	7.202763616085725e-14
824	0.68247724	3.581766768370738e-13
825	0.68145919	1.874271528031115e-13
826	0.68291046	4.709336327504072e-13
827	0.67855151	2.848765742201474e-14
828	0.68434415	1.1555165771881756e-12
829	0.68145656	1.8711231827398212e-13
830	0.68798175	1.0643314375002806e-11
831	0.68351298	6.877777787551286e-13
832	0.69225794	1.3009674781007636e-10
833	0.68725424	6.872096322200029e-12
834	0.68949545	2.616514990286129e-11
835	0.68288532	4.635275942041649e-13
836	0.68819179	1.2068660633554944e-11
837	0.68839211	1.3601996496873643e-11
838	0.68374497	7.952889413596326e-13
839	0.68278412	4.348575345030231e-13
840	0.68387012	8.599895003984598e-13
841	0.68170469	2.1923374698635276e-13
842	0.6839486	9.031771233511642e-13
843	0.68227075	3.142452166369106e-13
844	0.68744158	7.693975981321998e-12
845	0.68464779	1.3951883031778188e-12
846	0.68801039	1.0827459302805026e-11
847	0.6860428	3.292514860057626e-12
848	0.68437458	1.1775808758685954e-12
849	0.68475858	1.4943031164018346e-12
850	0.68567494	2.6284809262973987e-12
851	0.68684843	5.376328573411506e-12
852	0.68993592	3.3900750243860173e-11
853	0.68272537	4.1902237590194153e-13
854	0.68425715	1.094654173015525e-12
855	0.68537879	2.191221686074638e-12
856	0.67923333	4.4511085063276033e-14
857	0.67749251	1.4166917864642138e-14
858	0.68296203	4.864922793140594e-13
859	0.68932966	2.3727124268247686e-11
860	0.68352258	6.919284084673819e-13
861	0.68312574	5.393139645563704e-13
862	0.68658501	4.581921435714181e-12
863	0.68710633	6.2847242049882124e-12
864	0.68501759	1.753848118979193e-12
865	0.68704265	6.04730593209593e-12
866	0.68205321	2.737018087938201e-13
867	0.68316015	5.511145761146862e-13
868	0.68296079	4.861122997984469e-13
869	0.68460947	1.3624354567951936e-12
870	0.68686872	5.442851440455002e-12
871	0.68290089	4.681007539278275e-13
872	0.68378553	8.157147177055777e-13
873	0.67902361	3.8813333750847396e-14
874	0.68130744	1.7008844865726498e-13
875	0.68373103	7.883857609655256e-13
876	0.68372697	7.86386336596956e-13
877	0.68486779	1.59877498059172e-12
878	0.68517456	1.9322191324191876e-12
879	0.67667069	8.201256628189519e-15
880	0.68414003	1.0176775736862592e-12
881	0.68652525	4.418435819733968e-12
882	0.68171997	2.2138041441085585e-13
883	0.68506548	1.8064769489192845e-12
884	0.68630518	3.86436030245102e-12
885	0.68469464	1.436285938533963e-12
886	0.68744569	7.713049202237397e-12
887	0.68094672	1.3496524568855488e-13
888	0.68506663	1.8077596595216197e-12
889	0.68400541	9.357647432031774e-13
890	0.68036098	9.255170572549659e-14
891	0.6818197	2.359089156141838e-13
892	0.68430641	1.1287164420440608e-12
893	0.68405854	9.672872956771415e-13
894	0.68756919	8.308357748095359e-12
895	0.68467873	1.4221975711891833e-12
896	0.68583218	2.8944326546194153e-12
897	0.68481231	1.5448341855396803e-12
898	0.687704	9.009770531636464e-12
899	0.68079779	1.226448259484864e-13
900	0.68039161	9.440044195028461e-14
901	0.68848578	1.4383142194066725e-11
902	0.68457544	1.333984402535224e-12
903	0.68516981	1.9265685056306975e-12
904	0.68739681	7.489191311017697e-12
905	0.68246484	3.553757878208931e-13
906	0.69072672	5.380344492629858e-11
907	0.68041541	9.586202634015132e-14
908	0.68178919	2.3136730364745363e-13
909	0.68647494	4.285259674441325e-12
910	0.68546689	2.3132243789508975e-12
911	0.68599656	3.2007479523188984e-12
912	0.68500089	1.7358526988602518e-12
913	0.68086647	1.2818225916411457e-13
914	0.69120428	7.097540173163737e-11
915	0.68335165	6.215830909112623e-13
916	0.68107243	1.46307984856648e-13
917	0.68625614	3.750529446075339e-12
918	0.69127892	7.410579042440392e-11
919	0.68416903	1.0362262476389472e-12
920	0.68411595	1.0025244110727701e-12
921	0.68407096	9.748056018951322e-13
922	0.68291492	4.722596273170691e-13
923	0.68323494	5.776469103742514e-13
924	0.68555941	2.4485405284314815e-12
925	0.68529526	2.081403302314262e-12
926	0.68547115	2.3192900996825714e-12
927	0.68203099	2.698628241142793e-13
928	0.68288523	4.635012880641053e-13
929	0.68287155	4.595198018018859e-13
930	0.69005256	3.6299985797941643e-11
931	0.68304628	5.130061396389643e-13
932	0.68237008	3.3467212278691083e-13
933	0.6832197	5.721403113345149e-13
934	0.68475226	1.4884673541101402e-12
935	0.68484335	1.5747884264373114e-12
936	0.68621633	3.660553193270138e-12
937	0.6846776	1.4212021395196597e-12
938	0.68276963	4.3089807682653925e-13
939	0.68499759	1.7323182728653987e-12
940	0.68405409	9.646074497475128e-13
941	0.68204684	2.7259578682643604e-13
942	0.6830483	5.136590023336377e-13
943	0.68495881	1.6913101758455002e-12
944	0.67877653	3.301807355555243e-14
945	0.68042689	9.657497781842873e-14
946	0.68375423	7.999074082329414e-13
947	0.68360213	7.272846876020544e-13
948	0.6834456	6.593273837560609e-13
949	0.68755307	8.228164686947546e-12
950	0.68173572	2.2361478345489976e-13
951	0.6810123	1.4076990419107191e-13
952	0.68115207	1.5397462929494946e-13
953	0.6835581	7.075012553808935e-13
954	0.69003993	3.6032352297668024e-11
955	0.68278213	4.343116431262173e-13
956	0.68212172	2.85880204118314e-13
957	0.6891967	2.1934295218645142e-11
958	0.69192793	1.0769102852130583e-10
959	0.68262725	3.9383246582267946e-13
960	0.68710056	6.26283980540405e-12
961	0.68732056	7.152673657489229e-12
962	0.68097351	1.3730743517379627e-13
963	0.68369963	7.730516074081059e-13
964	0.68833114	1.3116096729753063e-11
965	0.68498185	1.7155573149209804e-12
966	0.68265867	4.0173200271136056e-13
967	0.68572832	2.715954639260232e-12
968	0.68611054	3.4316391913156768e-12
969	0.68327295	5.916092764948522e-13
970	0.68095111	1.3534633806353921e-13
971	0.68812054	1.1565307820963431e-11
972	0.68580018	2.8382469660126615e-12
973	0.68549328	2.3510531366969154e-12
974	0.68577152	2.7888370716610596e-12
975	0.68600032	3.2081150546246475e-12
976	0.67637091	6.712130728907618e-15
977	0.68068183	1.1382558669428204e-13
978	0.68904718	2.007678573864944e-11
979	0.68101865	1.4134485449654998e-13
980	0.68020338	8.358918080403535e-14
981	0.68610293	3.4157260262001407e-12
982	0.68376105	8.033257867029662e-13
983	0.6864141	4.129473195288128e-12
984	0.68457671	1.3350356166348633e-12
985	0.6800811	7.722978684105057e-14
986	0.68586245	2.9485868534487525e-12
987	0.68616545	3.5486415078174515e-12
988	0.68613955	3.4929730061035847e-12
989	0.68787835	1.0003739989042267e-11
990	0.68420691	1.0609565552634112e-12
991	0.68223221	3.066546569835729e-13
992	0.6828234	4.457720662413442e-13
993	0.68477325	1.5079360165384846e-12
994	0.68467465	1.4186066760450995e-12
995	0.68435897	1.1662110200456033e-12
996	0.68604271	3.2923337591946296e-12
997	0.68575747	2.7649248252940577e-12
998	0.68442101	1.212047765369075e-12
999	0.67893571	3.6644978575150076e-14
