Dataset	Random-mean	P-value
0	0.0373791	0.020884595831192468
1	0.039393	0.03507686911615099
2	0.0401933	0.04267356182686656
3	0.0416607	0.060238009709929555
4	0.0409034	0.05054032414641712
5	0.0422613	0.06898754916056592
6	0.040306	0.04384803351113845
7	0.0425317	0.07325541244581243
8	0.040627	0.047344238792721954
9	0.0397436	0.03824920144127507
10	0.0422737	0.06917868111535262
11	0.0405646	0.046646767928082686
12	0.040118	0.041903800106041014
13	0.0384574	0.02769203993622139
14	0.042104	0.06660049829310424
15	0.0438844	0.09796843644024356
16	0.0406719	0.04785152842833689
17	0.0401883	0.04262207973432933
18	0.0392115	0.03352500048220183
19	0.0381925	0.02586256681025756
20	0.039106	0.0326503059247818
21	0.0409382	0.0509552891872895
22	0.0399286	0.040019576290408754
23	0.0385743	0.02853433442634916
24	0.0381796	0.02577621688485793
25	0.0393574	0.03476772182161718
26	0.0403125	0.04391659829667417
27	0.0409595	0.05121068537272691
28	0.039403	0.035164130475582145
29	0.0399802	0.04052562878203841
30	0.0387148	0.029575875884179134
31	0.0401438	0.04216620523356785
32	0.0410241	0.05199184885940424
33	0.0390506	0.03219888777664352
34	0.0368579	0.01815446013284916
35	0.0418368	0.06270225364814325
36	0.0390083	0.03185783383308476
37	0.038075	0.0250852334306713
38	0.0388845	0.03087745829671643
39	0.0382663	0.02636140694205342
40	0.0417765	0.06184920187818097
41	0.0399833	0.04055620363956337
42	0.0389649	0.031511143691915856
43	0.0375009	0.02157209739852149
44	0.0377391	0.022973908832950484
45	0.0419876	0.0648783739516332
46	0.0426941	0.07592116495584146
47	0.0376452	0.022412101795978096
48	0.0402383	0.0431392780918551
49	0.0396714	0.037576622226064775
50	0.0411874	0.05401120021394362
51	0.0385826	0.028594970683885248
52	0.0407358	0.048581377808592494
53	0.0413645	0.05627498969082961
54	0.042467	0.07221499358879645
55	0.0421039	0.0665990027575846
56	0.0392381	0.033748686801234364
57	0.0436121	0.0925186570285701
58	0.0384881	0.027911132674214516
59	0.0413882	0.056583862364386596
60	0.0385043	0.028027348038701605
61	0.0416176	0.05964731480568969
62	0.0457113	0.14146507788209778
63	0.0396921	0.0377684132633961
64	0.0419567	0.0644274519026531
65	0.0382282	0.026102844153051953
66	0.040013	0.04085012579552163
67	0.0423094	0.06973139318711145
68	0.036173	0.01504612245340172
69	0.0413816	0.05649770535975694
70	0.0386882	0.029376207611081544
71	0.0414901	0.057928050264960895
72	0.0394775	0.03582009541904501
73	0.0391745	0.033215973611318055
74	0.0368904	0.018315050587848696
75	0.0427279	0.07648584415934766
76	0.0405422	0.0463985182786144
77	0.0371602	0.019697049305700848
78	0.0404268	0.04513719643971969
79	0.0387403	0.029768385056373393
80	0.041824	0.06252036351160498
81	0.0402122	0.042868640784394
82	0.0382016	0.025923631118342193
83	0.0383762	0.027119706344661286
84	0.0401964	0.04270550719879105
85	0.0390707	0.032362045592037425
86	0.0398315	0.03908186435732581
87	0.0450037	0.12312035344769139
88	0.0454419	0.13424694142517704
89	0.0440699	0.10182615494333669
90	0.0365007	0.016469305837729663
91	0.0411056	0.052991610120911734
92	0.0411603	0.05367161045605379
93	0.0392029	0.03345295345214365
94	0.0413552	0.05615417169036286
95	0.0364304	0.016154378023864515
96	0.0378742	0.023803724603633624
97	0.038495	0.02796058077713786
98	0.0409472	0.05106307226150808
99	0.0377199	0.02285804699070751
100	0.0409754	0.0514020331025066
101	0.040561	0.04660679521766971
102	0.0389214	0.03116691631115196
103	0.0395916	0.036845012683067224
104	0.0391305	0.03285166731743905
105	0.0380545	0.02495171236653049
106	0.0413455	0.05602838807505004
107	0.0410955	0.05286684536898293
108	0.0408528	0.049942024217769526
109	0.0414877	0.05789608791605098
110	0.0412303	0.054552455533800934
111	0.0354885	0.01241904444831874
112	0.0435744	0.0917837538686494
113	0.0414633	0.057571970978844554
114	0.0432339	0.08535727618919778
115	0.040279	0.043564195461840774
116	0.0403556	0.044373536038902615
117	0.0415803	0.0591400074426186
118	0.042614	0.07459658819344671
119	0.0432204	0.08511019862889385
120	0.0408411	0.04980453308942625
121	0.0414764	0.05774579599329526
122	0.0389174	0.031135426306548572
123	0.0383598	0.02700536294043857
124	0.0404851	0.04577074429846209
125	0.0409962	0.051653255430348516
126	0.0410016	0.05171864483468836
127	0.0409368	0.050938540116892084
128	0.0404584	0.04547966810691708
129	0.0398016	0.038796910090235406
130	0.0428022	0.0777392128639897
131	0.0396451	0.03733414501074201
132	0.0373665	0.02081458003188413
133	0.0422112	0.0682197395677246
134	0.0384178	0.027411629574019183
135	0.0404229	0.04509508091859671
136	0.0443405	0.10767006595260438
137	0.0428997	0.07940934109629968
138	0.0412506	0.054810151245340395
139	0.0425416	0.0734156905157029
140	0.0396171	0.03707746355024437
141	0.0416293	0.05980718735494543
142	0.0403585	0.04440442521033719
143	0.0380139	0.024689096088780844
144	0.0399014	0.03975499064872849
145	0.0359736	0.014234313946701358
146	0.0442136	0.10489717636814022
147	0.0402019	0.042762234377170485
148	0.0386586	0.029155388520590294
149	0.0410548	0.05236657265046641
150	0.0419755	0.06470148920712683
151	0.0392462	0.03381705553200123
152	0.0388522	0.030625987140062916
153	0.0412656	0.055001220164310465
154	0.0377689	0.02315474923713825
155	0.0402586	0.043350773647381345
156	0.0396401	0.03728819809766002
157	0.0413005	0.055447929913233295
158	0.0392667	0.033990618395336764
159	0.0400061	0.0407816798975182
160	0.0431481	0.08379681475115197
161	0.0381595	0.02564217000072198
162	0.0395708	0.036656328552643946
163	0.0396909	0.037757272182421586
164	0.0398647	0.03940035513354193
165	0.0415874	0.0592362949345378
166	0.0431342	0.08354620669119979
167	0.0387221	0.029630876347343908
168	0.0422275	0.06846876882837849
169	0.0424034	0.07120412164882065
170	0.0377751	0.023192529149310425
171	0.0418171	0.06242249503979884
172	0.040176	0.04249565790298308
173	0.043033	0.0817399322568515
174	0.0395591	0.036550556962855626
175	0.0414066	0.056824636866364304
176	0.0419833	0.06481546830963324
177	0.047036	0.18137377172277339
178	0.0369774	0.018751091916470203
179	0.0416594	0.06022012205230043
180	0.0396443	0.03732679025855046
181	0.0386257	0.028911633507878783
182	0.0399478	0.040207243325820784
183	0.0388441	0.030563202041978082
184	0.0401008	0.04172963445722142
185	0.0398768	0.03951697976578602
186	0.0402529	0.043291299669785635
187	0.0392011	0.033437890664162494
188	0.0408135	0.04948145575186541
189	0.0361431	0.014921842885712076
190	0.0416209	0.059692371024227094
191	0.0406524	0.04763065329656317
192	0.0417974	0.06214377261157618
193	0.0413952	0.056675360814336904
194	0.0407263	0.04847228156297533
195	0.0397616	0.03841847010274419
196	0.0397018	0.037858573341562764
197	0.0377768	0.023202897529660982
198	0.0400072	0.04079258502687784
199	0.039332	0.03454857947993484
200	0.0405519	0.046505881981496765
201	0.0385546	0.028390859127122667
202	0.0385249	0.02817573202602889
203	0.0392012	0.03343872733303243
204	0.037821	0.02347389577352339
205	0.0393933	0.03507948425708476
206	0.0400144	0.0408640252768283
207	0.0417812	0.061915343851656444
208	0.0397176	0.03800582511469998
209	0.0379484	0.024270478342460686
210	0.0432456	0.08557188018580279
211	0.0377202	0.02285985340967536
212	0.0384786	0.027843175671719102
213	0.0377016	0.022748090350488404
214	0.0387487	0.029832035982314098
215	0.0427999	0.07770016402544719
216	0.0356824	0.013118388148649103
217	0.0416953	0.06071572243517294
218	0.0373272	0.02059751383276721
219	0.0413982	0.056714612219908596
220	0.0412885	0.05529399261385589
221	0.0412107	0.05430460835829768
222	0.0374713	0.021403227140455807
223	0.042454	0.0720074160109529
224	0.0393178	0.0344265833153402
225	0.0405741	0.046752390421186195
226	0.0390311	0.03204127643586526
227	0.0393106	0.034364867258528636
228	0.0410075	0.05179016820914816
229	0.0396578	0.03745106749859809
230	0.0405314	0.046279225587624956
231	0.0413707	0.056355655543883866
232	0.0368352	0.01804302861198528
233	0.0393031	0.03430068053795669
234	0.0388234	0.030403254697563865
235	0.0401679	0.042412578307821684
236	0.0414384	0.057242773442150216
237	0.0395044	0.0360595052731475
238	0.0436271	0.0928123734223718
239	0.0372639	0.020252049216665492
240	0.0396249	0.03714881580188371
241	0.0423146	0.06981220279341101
242	0.0388723	0.030782267228482624
243	0.0408198	0.04955504595161356
244	0.0419576	0.06444054877846778
245	0.0413414	0.05597529260120226
246	0.0443579	0.10805476981443772
247	0.0404607	0.04550468035472591
248	0.0419906	0.06492229151708563
249	0.0419246	0.06396176882411164
250	0.0415531	0.05877233621056028
251	0.0384393	0.027563566226341887
252	0.0402884	0.04366283603990513
253	0.0404343	0.04521828130279381
254	0.0412936	0.055359372263525074
255	0.0416584	0.06020636532107265
256	0.0405229	0.04618552003806584
257	0.0422732	0.06917096575056157
258	0.0444321	0.10970755073974034
259	0.041374	0.05639862994553796
260	0.0371991	0.01990366023614653
261	0.0394556	0.03562619071067107
262	0.041886	0.0634054835512694
263	0.0394747	0.03579525373137681
264	0.0401598	0.04232963653081201
265	0.0389244	0.03119055179844717
266	0.0407483	0.04872524047657367
267	0.039048	0.03217783450940359
268	0.040375	0.04458052044375146
269	0.0367872	0.017809378970846952
270	0.0371838	0.019822171510811688
271	0.0386448	0.029052929660326108
272	0.0391579	0.033078125517179535
273	0.0417263	0.06114640084471062
274	0.039121	0.032773462192378644
275	0.0399555	0.04028271564033686
276	0.0417203	0.06106284626546926
277	0.0394437	0.035521204010271396
278	0.0408075	0.04941145534342005
279	0.0398437	0.03919864435529515
280	0.0408698	0.050142366301884136
281	0.0420996	0.06653472096459528
282	0.0413371	0.055919652261494375
283	0.0398801	0.03954883743945745
284	0.0389689	0.031542960352108323
285	0.0389904	0.03171444873796974
286	0.0390254	0.03199533086886173
287	0.0393675	0.034855191330388884
288	0.0379665	0.024385535965331554
289	0.040392	0.04476256951289037
290	0.038514	0.028097133806090555
291	0.0400181	0.04090077896985995
292	0.0382824	0.02647133371670029
293	0.0408426	0.04982214234874006
294	0.0396488	0.037368176832785566
295	0.0427853	0.07745266226784384
296	0.0425811	0.07405804963955294
297	0.0403719	0.044547390881344386
298	0.0406584	0.04769852314551692
299	0.0406937	0.04809947690355297
300	0.0421363	0.06708500969097576
301	0.040937	0.05094093255809629
302	0.0379666	0.024386172957387566
303	0.0417083	0.06089602162825152
304	0.0383855	0.02718473343664139
305	0.0413298	0.05582529886903824
306	0.0382942	0.02655215317402033
307	0.0392492	0.033842407407610166
308	0.0380413	0.024866064839313837
309	0.0417544	0.061538979612454504
310	0.0432852	0.08630147940079962
311	0.0405194	0.04614698199734625
312	0.0379439	0.02424194621206494
313	0.0409565	0.05117464917789119
314	0.0375482	0.021844362377649806
315	0.0428939	0.07930917801142523
316	0.0429343	0.0800090108243339
317	0.0370781	0.019267145326936057
318	0.0411407	0.05342711876471288
319	0.0383091	0.026654510167223207
320	0.0395556	0.03651896660867586
321	0.0390015	0.03180329799981736
322	0.0396272	0.03716987793767719
323	0.0378232	0.0234874560527227
324	0.0411303	0.05329776773204185
325	0.0407699	0.04897468062413939
326	0.042406	0.07124521733852852
327	0.0394701	0.035754474376592654
328	0.0430937	0.08281948669097253
329	0.0433163	0.08687799851677058
330	0.0388252	0.030417134476699567
331	0.0394753	0.03580057570933297
332	0.0422882	0.06940273524719408
333	0.0415839	0.059188812975237565
334	0.0389873	0.031689673144623176
335	0.0423002	0.06958861100467734
336	0.0377513	0.023047794891600686
337	0.042877	0.07901791086947985
338	0.0439231	0.09876343631659625
339	0.0394577	0.03564474530534426
340	0.0402976	0.043759560997012364
341	0.0405488	0.04647154709135682
342	0.0428102	0.07787515976210471
343	0.0348512	0.010347985674063642
344	0.0397373	0.03819010782873583
345	0.0375932	0.022106166969523902
346	0.0376502	0.022441712230797425
347	0.0412035	0.054213799407204964
348	0.0412155	0.054365218340638476
349	0.0437533	0.0953133369354714
350	0.0383724	0.02709317490647531
351	0.0404286	0.04515664558644813
352	0.0391538	0.033044154417395895
353	0.0375679	0.021958639770026822
354	0.0414809	0.05780560774339555
355	0.0357949	0.01353996305568014
356	0.0377559	0.023075707251756162
357	0.0416769	0.06046128820560485
358	0.0410961	0.05287425025217166
359	0.0399677	0.04040254182138171
360	0.0414198	0.056997892562492984
361	0.038132	0.02545975242157422
362	0.0413115	0.05558935357129102
363	0.040427	0.04513935710619851
364	0.0372384	0.02011432002617996
365	0.0431148	0.08319745517076144
366	0.0413214	0.05571689244206173
367	0.0398028	0.03880831219018575
368	0.0386813	0.02932460432107992
369	0.0412987	0.05542481651149905
370	0.0381058	0.025287006759438
371	0.0387598	0.0299163260955124
372	0.0376615	0.022508757482750393
373	0.0422382	0.06863264908710093
374	0.0399218	0.039953289824093144
375	0.041275	0.05512124030194175
376	0.0414484	0.05737479214601677
377	0.03906	0.03227510223066524
378	0.0425229	0.07311318414810138
379	0.0416235	0.05972788980140901
380	0.0405416	0.046391884102765436
381	0.0449924	0.12284328340612603
382	0.0406528	0.04763517541884519
383	0.0395993	0.03691507218532891
384	0.0380408	0.024862825639945248
385	0.0390215	0.031963927070601965
386	0.0392171	0.033571986353009474
387	0.0449503	0.12181531151994036
388	0.0391681	0.03316276907039018
389	0.0402689	0.04345841975290102
390	0.0385598	0.028428670101653328
391	0.0445443	0.11224475702577617
392	0.042795	0.07761702644425592
393	0.0396476	0.037357136584909516
394	0.0437835	0.09591978064310126
395	0.0404774	0.045686639912971845
396	0.0397642	0.038442972722117975
397	0.0409252	0.050799939907958946
398	0.0410969	0.05288412478188655
399	0.0411801	0.0539195474982126
400	0.0378315	0.023538676689610172
401	0.0441679	0.10391262272447947
402	0.0372412	0.02012940306043338
403	0.0401046	0.04176805993415388
404	0.0406546	0.047655529448570884
405	0.0394884	0.035916941034800504
406	0.0432207	0.08511568293335277
407	0.0413105	0.055576484432679034
408	0.0403312	0.044114360383014944
409	0.0391348	0.03288711807167718
410	0.0385342	0.028242943050772296
411	0.0404573	0.045467709835680374
412	0.0416198	0.05967734913982577
413	0.038509	0.028061143027786783
414	0.0389711	0.03156047129094083
415	0.0387865	0.03011991935355727
416	0.0385023	0.02801297786687627
417	0.0409792	0.051447852761819075
418	0.0417435	0.061386450438096186
419	0.04203	0.06550136169231015
420	0.0369789	0.018758689058208194
421	0.0363573	0.015832548087014824
422	0.0382527	0.026268857964554783
423	0.0404146	0.04500556104616795
424	0.0415841	0.059191525376396256
425	0.0432294	0.0852748524671636
426	0.0402336	0.04309043600776714
427	0.0409608	0.05122630767275294
428	0.0375555	0.021886648153144363
429	0.0411827	0.0539521759925698
430	0.0403633	0.044455592099010725
431	0.0398222	0.03899304270087277
432	0.0438642	0.0975555164518332
433	0.0409234	0.05077846139751061
434	0.0418606	0.06304162215437663
435	0.0394638	0.03569868887513868
436	0.0388454	0.030573271187769285
437	0.0427865	0.07747298055406068
438	0.0381082	0.025302788351794336
439	0.0410006	0.05170653044763772
440	0.036400300000000003	0.016021167967838326
441	0.038142	0.02552595538073431
442	0.0407222	0.04842526170326343
443	0.04327	0.08602083755797538
444	0.0420003	0.06506446000906511
445	0.0425103	0.07290993361983636
446	0.0417095	0.060912687033706406
447	0.0386839	0.02934403984845896
448	0.0401341	0.04206738593727514
449	0.0365665	0.01676896205166953
450	0.0386772	0.029293978556908518
451	0.0395455	0.03642793664776945
452	0.0392923	0.03420843217306943
453	0.043086	0.08268190311464008
454	0.0401013	0.04173468872576197
455	0.038742	0.029781257331247694
456	0.0403176	0.04397045882097715
457	0.0413307	0.05583692428684236
458	0.0426046	0.07444239363948285
459	0.0373838	0.020910765502144914
460	0.0411505	0.05354924775584238
461	0.0417077	0.06088769034623347
462	0.0409607	0.05122510581532094
463	0.0399769	0.040493102890225854
464	0.0391313	0.03285826032106768
465	0.0416826	0.06054001258354241
466	0.0415076	0.05816155391709635
467	0.041088	0.05277435763874415
468	0.0368118	0.01792879016316577
469	0.0426619	0.07538639331754483
470	0.0410227	0.05197481424592226
471	0.0397767	0.038560959831968486
472	0.0380638	0.025012208662299543
473	0.0406741	0.04787650178044567
474	0.0385906	0.028653520570623287
475	0.0414322	0.05716104916091736
476	0.0402475	0.043235019693553
477	0.0417303	0.061202156639251507
478	0.0389788	0.031621825440075295
479	0.0412963	0.05539401116852458
480	0.0388579	0.030670235806872934
481	0.0380932	0.02520429348974989
482	0.0378267	0.023509043275838953
483	0.0424745	0.07233497325569038
484	0.0414671	0.057622348522752734
485	0.0400948	0.04166902375663693
486	0.0409186	0.05072122266234986
487	0.0424956	0.07267339430935708
488	0.0402806	0.04358097200436059
489	0.0376632	0.02251885903188893
490	0.0433255	0.08704914071407528
491	0.0404097	0.04495278254649767
492	0.0416321	0.05984550026358325
493	0.0393634	0.03481966120958242
494	0.0383333	0.026821482774312087
495	0.0422467	0.06876306464208264
496	0.0393004	0.034277598483287076
497	0.0409848	0.05151543895791743
498	0.0417966	0.062132475788322296
499	0.0414908	0.057937375386548216
500	0.0412181	0.05439807237375705
501	0.0377042	0.022763684460977894
502	0.0418618	0.06305877341501805
503	0.0402005	0.042747788673304817
504	0.0383921	0.027230963524178562
505	0.0427314	0.07654451258817199
506	0.0378386	0.02358256905246344
507	0.037227	0.020053012599457864
508	0.0402174	0.042922445740004846
509	0.0384826	0.027871771689274506
510	0.0425484	0.073525947057777
511	0.0414977	0.05802936140846414
512	0.0398428	0.03919001929636763
513	0.0379531	0.024300309730925937
514	0.0385787	0.02856646510094857
515	0.0394045	0.03517723569365103
516	0.0386463	0.02906405141723427
517	0.0421192	0.06682814243443687
518	0.0405491	0.04647486888713104
519	0.0396492	0.03737185753425477
520	0.0416074	0.059508228975385685
521	0.0425694	0.07386730279034212
522	0.0376333	0.02234176593378408
523	0.0404259	0.04512747452268524
524	0.0420396	0.06564310014931099
525	0.0408526	0.04993967126367323
526	0.039888	0.03962519160588199
527	0.0421059	0.06662891873848188
528	0.0417141	0.060976606194932184
529	0.0404878	0.045800266406487294
530	0.0402793	0.04356734064678645
531	0.0418007	0.06219039002377418
532	0.0406502	0.04760578809291707
533	0.0420592	0.0659332702183225
534	0.0411939	0.054092918510997616
535	0.0388273	0.030433334451478705
536	0.0377987	0.02333682800791835
537	0.0407372	0.04859747261875877
538	0.0370013	0.01887246136821186
539	0.0403283	0.044083642094193645
540	0.0417348	0.061264932375527534
541	0.0450922	0.12530728491189386
542	0.036595	0.016900235264856806
543	0.0409255	0.05080352040156613
544	0.0418993	0.06359670254084142
545	0.0431936	0.08462142253858812
546	0.0406121	0.047176900908050726
547	0.0381482	0.025567076182069767
548	0.0419675	0.06458475991616394
549	0.0375054	0.02159787184414807
550	0.0422057	0.06813587999307531
551	0.0404914	0.045839654240967816
552	0.0429647	0.08053892924348881
553	0.0378971	0.023946936449935327
554	0.0386604	0.029168775683126716
555	0.0423994	0.07114093556425118
556	0.0436726	0.09370790759351612
557	0.0412738	0.055105906401231516
558	0.0392689	0.03400928995188095
559	0.0404995	0.045928381508452916
560	0.0434939	0.09023027671100975
561	0.0364693	0.01632797878557502
562	0.0389937	0.031740841059196244
563	0.0427991	0.0776865855766962
564	0.0394434	0.03551856071123053
565	0.0437605	0.09545763923225062
566	0.0388844	0.03087667701305509
567	0.0395383	0.03636316245692338
568	0.0377654	0.023133445542813512
569	0.0417409	0.06135011374305922
570	0.0391943	0.03338103930165537
571	0.0387353	0.02973055322675647
572	0.0422648	0.06904145357266919
573	0.0389378	0.03129631205777844
574	0.0414928	0.057964025485357874
575	0.0403401	0.0442087469134424
576	0.0382407	0.026187431087106017
577	0.042193800000000004	0.06795472928457359
578	0.0425946	0.07427864368949975
579	0.0413451	0.056023206177828105
580	0.0378887	0.023894317801846254
581	0.0408753	0.05020732733188528
582	0.0384313	0.027506946769202262
583	0.0427593	0.0770135007402422
584	0.0414889	0.05791206725262924
585	0.0398978	0.03972008376624283
586	0.0401255	0.04197993738585391
587	0.0379038	0.02398897830818708
588	0.0418536	0.06294165019116074
589	0.0400779	0.04149870523740445
590	0.0376884	0.022669063767341326
591	0.0426132	0.07458345507344835
592	0.0400027	0.04074798879854755
593	0.0420437	0.06570371150686809
594	0.0404577	0.0454720579904331
595	0.041924	0.06395309107722617
596	0.0375738	0.021992966326849595
597	0.0388815	0.030854027189397996
598	0.0407888	0.049193821679000646
599	0.0407622	0.04888563681623272
600	0.0410292	0.05205394313563142
601	0.0351245	0.011195099032250319
602	0.0419343	0.06410219443404078
603	0.0403409	0.044217239462921776
604	0.0411356	0.05336365419073257
605	0.0390644	0.03231083031228808
606	0.039004	0.03182333860014232
607	0.0381822	0.02579360059804786
608	0.0369025	0.018375157480579288
609	0.0403294	0.04409529172659742
610	0.0441544	0.10362319399632859
611	0.0411517	0.05356421838038779
612	0.0420263	0.06544680093289679
613	0.0421023	0.0665750779612513
614	0.0408727	0.05017660967008915
615	0.0392867	0.03416068345744819
616	0.038789	0.030139043390528416
617	0.0399084	0.03982293988152206
618	0.0387875	0.0301275677129614
619	0.0409724	0.05136588388901821
620	0.037033	0.01903450363235142
621	0.0403561	0.044378860460404485
622	0.0411697	0.05378919865994821
623	0.0436368	0.09300270938167748
624	0.0406656	0.04778007456035266
625	0.0371568	0.019679080349752773
626	0.0425552	0.07363633937027747
627	0.0412328	0.05458413663409896
628	0.0401332	0.04205822710811932
629	0.0406561	0.04767249674036436
630	0.0389776	0.0316122570119068
631	0.0414191	0.05698869370709309
632	0.039105	0.032642109658406686
633	0.0403238	0.04403601163542381
634	0.0386611	0.029173983234371068
635	0.0432528	0.0857041614296555
636	0.0399186	0.039922128530517506
637	0.0393722	0.034895959171886086
638	0.0402798	0.043572583049141765
639	0.0416271	0.05977709867002406
640	0.038978	0.03161544621123527
641	0.0427313	0.07654283583681837
642	0.0376073	0.022188760288575703
643	0.0430747	0.08248033118743138
644	0.0421387	0.06712112637422725
645	0.040456400000000003	0.045457927772330764
646	0.0399088	0.039826825678070644
647	0.0412631	0.054969336724062165
648	0.0408624	0.05005507568713094
649	0.0397955	0.03873899353939096
650	0.038843	0.030554684226679757
651	0.0372404	0.020125092612366117
652	0.0420666	0.06604309954687414
653	0.0425527	0.07359573817182447
654	0.0395133	0.03613901584842966
655	0.0403019	0.04380483159316115
656	0.0431604	0.08401908456471295
657	0.0393981	0.03512134921801624
658	0.0382744	0.02641666217316643
659	0.0400012	0.04073313260114135
660	0.0410896	0.052794076966435524
661	0.0401756	0.042491551969396725
662	0.0395425	0.0364009354277509
663	0.0415988	0.0593911703081379
664	0.0407949	0.049264725654992465
665	0.0432863	0.08632181775294985
666	0.0358836	0.013880770176539733
667	0.0402012	0.04275501100792334
668	0.036763	0.017692591912976913
669	0.0395281	0.03627156754735455
670	0.0412924	0.055343983006659964
671	0.037764	0.023124928845708412
672	0.0403871	0.044710032152542656
673	0.0426226	0.07473788892866416
674	0.0382051	0.02594715065864763
675	0.0394785	0.035828971023068035
676	0.0406051	0.047098458204041356
677	0.0442747	0.10622509120190375
678	0.0363688	0.01588280010522152
679	0.0432879	0.08635140774114494
680	0.0401798	0.04253468105871391
681	0.0430369	0.0818089481877564
682	0.0395843	0.03677869754133962
683	0.0390521	0.03221103927640945
684	0.0385806	0.02858034936863897
685	0.0387169	0.029591688905913086
686	0.0414515	0.05741576946668219
687	0.0404617	0.045515558870725545
688	0.0428579	0.07868977828950012
689	0.0409486	0.05107985571296892
690	0.0382988	0.026583716923280855
691	0.0369822	0.018775412275372574
692	0.0413734	0.056390814383675866
693	0.0458018	0.14395585748262107
694	0.0402773	0.04354637637996889
695	0.0408422	0.04981744603438539
696	0.0388699	0.030763570890532946
697	0.0389052	0.031039550860562173
698	0.0419648	0.06454540314116411
699	0.0413824	0.056508142797128104
700	0.0391344	0.03288381894205901
701	0.0405671	0.04667454377579393
702	0.0411416	0.053438324955192774
703	0.0424909	0.07259789912804433
704	0.0391391	0.0329226016671007
705	0.041536000000000003	0.0585421658953579
706	0.0387976	0.030204910016925556
707	0.0413113	0.05558677954438846
708	0.0403056	0.04384381710217512
709	0.040291	0.04369015297968844
710	0.0381219	0.025393038715754417
711	0.0401523	0.04225296132093162
712	0.0379926	0.024552282366457248
713	0.0405611	0.046607905180207986
714	0.0398081	0.0388587056238156
715	0.0388231	0.030400941931614644
716	0.0405866	0.0468916748261148
717	0.0389487	0.03138256837180439
718	0.0409069	0.05058193029494107
719	0.0389416	0.031326359875613496
720	0.0450749	0.12487741216580968
721	0.0392986	0.034262217843299546
722	0.0388606	0.030691214911293615
723	0.0400213	0.04093258859866606
724	0.038918	0.031140148060876054
725	0.0399096	0.03983459823912802
726	0.0414794	0.057785664757983156
727	0.0361442	0.014926398923832782
728	0.0373958	0.020977711728338518
729	0.0394088	0.03521482715885197
730	0.0393382	0.03460196145742893
731	0.0386689	0.02923206453702626
732	0.0410419	0.05220884044161628
733	0.0428981	0.07938169960296423
734	0.0411892	0.05403381954405681
735	0.0385147	0.028102175697666876
736	0.0433003	0.08658100881544373
737	0.0399416	0.040146560850217866
738	0.0386809	0.029321615225994177
739	0.0432561	0.08576484569773195
740	0.0441484	0.10349476542471683
741	0.0390901	0.03252019446365466
742	0.0374958	0.02154291882750869
743	0.0402511	0.043272532783943767
744	0.0383791	0.02713996914859154
745	0.0407052	0.04823071099884501
746	0.0405126	0.046072185722538773
747	0.0399993	0.04071432136053843
748	0.0381126	0.025331743474371837
749	0.0375667	0.021951663821001426
750	0.040844	0.04983858238102411
751	0.0393155	0.03440685814881268
752	0.0410218	0.05196386589564568
753	0.0414285	0.057112324607113935
754	0.0384552	0.027676396749263033
755	0.0414108	0.056879715946870725
756	0.0407988	0.0493101027564153
757	0.0405836	0.04685821467650265
758	0.0379293	0.024149575984592064
759	0.0413839	0.05652771733053135
760	0.0409781	0.05143458565176203
761	0.0423665	0.07062297698748352
762	0.0429272	0.07988565717980778
763	0.0407962	0.04927984744960399
764	0.0398227	0.03899781368100583
765	0.0409811	0.05147077544519045
766	0.0393008	0.03428101720674746
767	0.038583	0.028597895722098685
768	0.0392276	0.03366023712596788
769	0.0412745	0.05511485074319571
770	0.0388059	0.030268596565353193
771	0.0416687	0.06034818486719523
772	0.0428141	0.07794150423505632
773	0.0390031	0.03181612273348668
774	0.0385934	0.028674037477814447
775	0.0373087	0.020496019597352942
776	0.0399251	0.039985446580390556
777	0.0407082	0.04826499554886968
778	0.0387094	0.02953524729148376
779	0.0377287	0.0229110869912326
780	0.0382457	0.026221332327115928
781	0.041105	0.05298419146627455
782	0.0404207	0.04507133810694315
783	0.0405052	0.045990906143815506
784	0.0408761	0.05021678209970571
785	0.0392131	0.03353841925684109
786	0.0395497	0.03646576711087854
787	0.0411913	0.054060218783040966
788	0.0403679	0.04450467384152567
789	0.0397425	0.03823887789449337
790	0.0402999	0.04378377057077056
791	0.0403592	0.0444118839428607
792	0.0370802	0.01927803832942389
793	0.0398298	0.03906561528104126
794	0.0392847	0.034143644194896336
795	0.041688	0.06061467214342405
796	0.0407684	0.048957323728239216
797	0.0389338	0.03126470957109211
798	0.0410207	0.051950487206174185
799	0.0444144	0.10931148031872152
800	0.0388239	0.030407109644326025
801	0.038554	0.028386499119564534
802	0.0392913	0.03419990142367054
803	0.0401621	0.042353173898937106
804	0.0406549	0.047658922499588294
805	0.0413884	0.05658647489371665
806	0.0402781	0.04355476106100581
807	0.0406494	0.04759674891444722
808	0.0411097	0.05304232756036687
809	0.041459	0.057515009105177026
810	0.0385281	0.028198842784696226
811	0.0368514	0.018122490842123397
812	0.037887	0.02388368103427317
813	0.039131	0.03285578781158191
814	0.0397274	0.03809740372993522
815	0.0399341	0.04007325876399499
816	0.0433732	0.08794085605966633
817	0.0387341	0.029721479759440617
818	0.0385038	0.028023754898469394
819	0.0388596	0.03068344343213345
820	0.0404325	0.045198809713020247
821	0.0401539	0.042269308803786244
822	0.0383202	0.02673098467182302
823	0.0429841	0.08087859269854115
824	0.0388798	0.03084075635853435
825	0.0397199	0.03802730117657355
826	0.0413245	0.05575687908163257
827	0.0431819	0.08440875428584255
828	0.0417919	0.06206614135940888
829	0.0384561	0.02768279531083479
830	0.0394727	0.035777518691686425
831	0.0398072	0.038850144320584735
832	0.0388818	0.03085636961103215
833	0.0416081	0.059517765449411064
834	0.0401385	0.04211218680349249
835	0.0381829	0.02579828256543118
836	0.0364871	0.016407962365232752
837	0.0370915	0.01933674577143331
838	0.041538	0.05856904756874311
839	0.0391206	0.03277017285541565
840	0.0370444	0.019093075045037395
841	0.0405944	0.046978765578567575
842	0.0382227	0.02606570100046396
843	0.0420678	0.06606092394674776
844	0.0414731	0.05770196683999991
845	0.0411444	0.053473201249263844
846	0.0382753	0.02642280783362595
847	0.0423097	0.06973605318556349
848	0.0386006	0.02872685350720724
849	0.0398583	0.03933878795634573
850	0.0420154	0.06528628627715591
851	0.0373865	0.020925812100837667
852	0.0369657	0.018691926788737368
853	0.0409839	0.051504571867287276
854	0.0396561	0.03743539836195341
855	0.042118	0.06681014719946811
856	0.039233	0.033705700665823464
857	0.0428972	0.07936615471124629
858	0.037661	0.022505787190741196
859	0.0423284	0.07002703289534973
860	0.0401651	0.04238389149889112
861	0.0426338	0.07492223711847684
862	0.0379961	0.02457471816205402
863	0.03967	0.03756368091134946
864	0.0402525	0.04328712865479843
865	0.0368759	0.018243249090566512
866	0.0425462	0.07349026097192352
867	0.0392231	0.033622391031156135
868	0.0384191	0.027420795815693125
869	0.0391098	0.03268146785949383
870	0.0391963	0.03339775167495674
871	0.0424655	0.07219101727805981
872	0.0384681	0.027768231794951404
873	0.039364	0.034824858801247006
874	0.0384035	0.027310975760921542
875	0.040985	0.05151785412828425
876	0.0429545	0.08036080988784393
877	0.0406166	0.047227386531195494
878	0.0403778	0.0446104618344966
879	0.0393003	0.034276743848077586
880	0.0407475	0.0487160225339023
881	0.0418984	0.06358374785585919
882	0.0380696	0.0250500019836644
883	0.0399797	0.04052069918923042
884	0.0341165	0.008347312126118412
885	0.0426594	0.07534500310750238
886	0.036355	0.01582251452779321
887	0.039635	0.0372413819851017
888	0.0388445	0.03056629993641039
889	0.0450952	0.12538194686155332
890	0.0381422	0.025527280961986826
891	0.0431691	0.08417658860453546
892	0.0389543	0.03142696302251515
893	0.0384225	0.027444781602020425
894	0.044289	0.10653780206069531
895	0.039921	0.03994549756122284
896	0.0360189	0.01441526060018946
897	0.0403129	0.043920820631657434
898	0.0391424	0.03294985555154044
899	0.0409111	0.050631895657772846
900	0.0399674	0.04039959164499026
901	0.0383767	0.027123198997035424
902	0.0389582	0.031457912632273
903	0.041909	0.06373646409648616
904	0.040467	0.04557325170649978
905	0.0367781	0.01776538394143939
906	0.0403148	0.04394088141726231
907	0.0419339	0.06409639864477276
908	0.0424369	0.07173511825947443
909	0.0406049	0.04709621860163719
910	0.0394757	0.03580412407060912
911	0.0423897	0.07098790072699522
912	0.0422387	0.06864031494293625
913	0.0419302	0.06404280816212349
914	0.039615	0.03705827333509308
915	0.0443514	0.10791093112326774
916	0.0395779	0.03672064214262314
917	0.0421977	0.06801405419415414
918	0.0396338	0.03723037372478015
919	0.0418471	0.06284893680581856
920	0.0402384	0.04314031779469712
921	0.0375718	0.021981324964351432
922	0.0388017	0.030236355190315325
923	0.0402614	0.043380014282294495
924	0.0398802	0.03954980316469773
925	0.0384178	0.027411629574019183
926	0.0449342	0.12142397919621616
927	0.0381128	0.025333060299316475
928	0.0405206	0.046160191979437305
929	0.0389245	0.031191339913607178
930	0.0399939	0.04066089814785916
931	0.0413198	0.05569626355224145
932	0.0385924	0.02866670855495765
933	0.0413874	0.056573413253814875
934	0.0394905	0.035935625067761094
935	0.0444073	0.10915292358952607
936	0.0403998	0.044846308135871385
937	0.0395868	0.036801396717594456
938	0.0389018	0.03101287679539893
939	0.0404791	0.04570519717251452
940	0.041480500000000003	0.057800289053052976
941	0.0406523	0.047629522822545005
942	0.0378675	0.02376196532898751
943	0.0435965	0.09221398647961186
944	0.0459926	0.14931747256019529
945	0.0383132	0.02668273540686673
946	0.0414835	0.0578401891757289
947	0.0389772	0.031609068089280726
948	0.0432557	0.08575748817467513
949	0.0371527	0.019657430999515293
950	0.0410685	0.0525345240476983
951	0.0428703	0.07890267990382543
952	0.0439046	0.09838275557340051
953	0.0403408	0.0442161778187244
954	0.0394983	0.03600509569106676
955	0.0422001	0.06805058305668166
956	0.0433227	0.08699702509353024
957	0.0385021	0.028011541200060525
958	0.0359272	0.01405105974566103
959	0.0422627	0.06900910676290806
960	0.0418613	0.06305162658639463
961	0.041483	0.05783353756136056
962	0.0401954	0.04269520002517
963	0.0428453	0.0784739231831606
964	0.0373456	0.020698895121461457
965	0.0379879	0.024522182297285793
966	0.0413732	0.05638820939732943
967	0.0414601	0.05752957627223609
968	0.0382015	0.025922959403198338
969	0.039872200000000003	0.03947260855109298
970	0.0442229	0.10509844067716924
971	0.0390559	0.03224184071537383
972	0.0397427	0.03824075472626988
973	0.0383114	0.026670340651985834
974	0.042088	0.06636156518066251
975	0.0414235	0.05704653566563133
976	0.0372977	0.020435879263400087
977	0.0403155	0.043948274188431766
978	0.0390643	0.03231001793317694
979	0.0387714	0.03000463238442116
980	0.0383854	0.02718403350349833
981	0.040461	0.045507943678772235
982	0.0403685	0.04451107918708573
983	0.0413971	0.05670021740447309
984	0.0420978	0.06650782752773961
985	0.0418453	0.06282328235930484
986	0.0379094	0.024024167005599478
987	0.0407057	0.04823642366527948
988	0.0418473	0.0628517878359874
989	0.0398017	0.03879786015619834
990	0.0408312	0.049688443201925434
991	0.0392	0.03342868849195106
992	0.0390598	0.03227347903390224
993	0.0432291	0.08526935984772037
994	0.0402814	0.04358936232766651
995	0.0424307	0.07163659964243331
996	0.0416685	0.06034542844800723
997	0.040656	0.0476713654291589
998	0.0442473	0.10562795030619274
999	0.0424556	0.07203293754206583
