Dataset	Random-mean	P-value
0	0.08105052	1.7888028436996594e-18
1	0.08601289	1.5614727534510353e-22
2	0.0872306	1.4125648665197737e-23
3	0.08473131	1.871546214276262e-21
4	0.0878978	3.7218707203747155e-24
5	0.08311932	3.9758047081244176e-20
6	0.08235279	1.6544320244725028e-19
7	0.0874783	8.621278286770941e-24
8	0.08162421	6.308582924741197e-19
9	0.08283804	6.722870436527983e-20
10	0.08419544	5.2133065496862725e-21
11	0.08658814	5.04422379210742e-23
12	0.08072325	3.2265905832263946e-18
13	0.08717566	1.5756954328487706e-23
14	0.08448498	3.000353526823071e-21
15	0.08549525	4.282238991150006e-22
16	0.08169797	5.513284932380558e-19
17	0.08446009	3.146593584026255e-21
18	0.08286251	6.42317885640604e-20
19	0.08527839	6.519877520962665e-22
20	0.08338095	2.4338799836418917e-20
21	0.07989307	1.4187230172171104e-17
22	0.08363553	1.5068096688511256e-20
23	0.0865424	5.520283256825732e-23
24	0.08516893	8.056910385864914e-22
25	0.08355838	1.7428275633270398e-20
26	0.08448745	2.9862141943812792e-21
27	0.08421705	5.0031334380139926e-21
28	0.08330446	2.8099669447381204e-20
29	0.08440456	3.498834488881637e-21
30	0.08155097	7.210533250809985e-19
31	0.0848976	1.3595543782360365e-21
32	0.08460097	2.402993537780062e-21
33	0.08439566	3.558816560715597e-21
34	0.08538319	5.3221134167912405e-22
35	0.08263118	9.87778146952985e-20
36	0.0841113	6.118414996745524e-21
37	0.08068975	3.426757393483164e-18
38	0.08207321	2.770463695267581e-19
39	0.08445502	3.1772378454403306e-21
40	0.08310626	4.074180879478458e-20
41	0.08399484	7.633453509271787e-21
42	0.08427913	4.444977316071285e-21
43	0.08526145	6.737148695632518e-22
44	0.08380724	1.0892517387496946e-20
45	0.08461408	2.343385984932023e-21
46	0.08334757	2.5914368097204213e-20
47	0.08591588	1.8875375016879175e-22
48	0.08522033	7.294898857311849e-22
49	0.08412054	6.0118518137723e-21
50	0.08378254	1.1413639767248496e-20
51	0.08365052	1.4647740831333096e-20
52	0.08578441	2.439658480639094e-22
53	0.08643913	6.765474884848959e-23
54	0.08429557	4.307813053752122e-21
55	0.08467358999999999	2.0907324109738623e-21
56	0.08723277	1.4064780379352675e-23
57	0.0843813	3.657754367687466e-21
58	0.08277412	7.572701581874192e-20
59	0.08547053	4.492742030433255e-22
60	0.08680794	3.267602839840946e-23
61	0.08274891	7.936424150041632e-20
62	0.0866127	4.805662799669556e-23
63	0.08433978	3.959431467304574e-21
64	0.08201561	3.0800040048361375e-19
65	0.08211799	2.5512951761924654e-19
66	0.08327665	2.9605349830620655e-20
67	0.08310487	4.084792277117549e-20
68	0.08512463	8.776694974200158e-22
69	0.08607281	1.3886890611723522e-22
70	0.08343061	2.2168925814252185e-20
71	0.08479491	1.6563577659342538e-21
72	0.0842662	4.5558924530845175e-21
73	0.08210146	2.6301223234122813e-19
74	0.08332912	2.6828194592037854e-20
75	0.08035097	6.285638734639209e-18
76	0.08280546	7.14349889809574e-20
77	0.08513523	8.59886417236637e-22
78	0.08409322	6.332376937495397e-21
79	0.08724656	1.3684013698435074e-23
80	0.08398045	7.844784925575864e-21
81	0.08534205	5.76376709688888e-22
82	0.08263372	9.831301295781371e-20
83	0.08345315	2.1248432450139066e-20
84	0.08387374	9.603870322220243e-21
85	0.08340278	2.3360159188084094e-20
86	0.0842873	4.376279295684458e-21
87	0.08692717	2.5804786221738516e-23
88	0.08213882	2.455288409012263e-19
89	0.0829809	5.150147952726222e-20
90	0.08258095	1.0843020261383434e-19
91	0.08557767	3.648637837398991e-22
92	0.08350488	1.9276693914588334e-20
93	0.08620391	1.0740461261080756e-22
94	0.08390134	9.114533702111128e-21
95	0.08271491	8.454528480267654e-20
96	0.08423885	4.799629666862926e-21
97	0.08657977	5.1281820667680325e-23
98	0.08565377	3.1466497046675867e-22
99	0.08043921	5.368837811631695e-18
100	0.08556715	3.7240153845886485e-22
101	0.08434938	3.887557241463059e-21
102	0.08552611	4.0331397673813115e-22
103	0.07994332	1.2979068744156272e-17
104	0.08189199	3.864754789950811e-19
105	0.08447331	3.06806089618427e-21
106	0.08491859	1.305723623660172e-21
107	0.08420067	5.161651416853748e-21
108	0.08335489	2.5560421250030717e-20
109	0.08616796	1.1525017834365703e-22
110	0.08445262	3.1918470639375633e-21
111	0.08337905	2.4425875672654083e-20
112	0.0848251	1.562989022076764e-21
113	0.08371166	1.3050350844556418e-20
114	0.08475376	1.79259289621787e-21
115	0.08348017	2.0194808819001967e-20
116	0.08480413	1.6272708772375942e-21
117	0.08289395	6.057487443168896e-20
118	0.08310911	4.052509081767483e-20
119	0.08596188	1.7252661473612158e-22
120	0.08202184	3.0449363469715745e-19
121	0.08462855	2.279296773681143e-21
122	0.08526292	6.718013291531459e-22
123	0.08283824	6.72036566409646e-20
124	0.08347002	2.0584382722761628e-20
125	0.08238899	1.5473241601272484e-19
126	0.08757566	7.097216467906388e-24
127	0.08590221	1.9386174087584975e-22
128	0.08303533	4.652148426123506e-20
129	0.08236963	1.6037218381373985e-19
130	0.08385935	9.869242335069326e-21
131	0.08589321	1.9729938321899196e-22
132	0.08413572	5.840765906009411e-21
133	0.08756704	7.220586972367618e-24
134	0.08401681	7.321644757193287e-21
135	0.0845665	2.5669921989614025e-21
136	0.08503073	1.052012353319579e-21
137	0.08472838	1.882101885821963e-21
138	0.0834298	2.2202730593817886e-20
139	0.08089187	2.3819687332786968e-18
140	0.08393287	8.585718374934715e-21
141	0.08296538	5.301587690466937e-20
142	0.08411429	6.083728447159249e-21
143	0.08730083	1.2282396043026313e-23
144	0.08351628	1.8867191128137344e-20
145	0.08697022	2.3694017502349017e-23
146	0.08138522	9.750749393816637e-19
147	0.08174107	5.095426843727371e-19
148	0.0849874	1.143654591689227e-21
149	0.08580443	2.3462477386854026e-22
150	0.08353244	1.8301442685108286e-20
151	0.08139378	9.60015334431379e-19
152	0.08580888	2.325971780956035e-22
153	0.08628307	9.194895900920852e-23
154	0.0842889	4.3629494241723894e-21
155	0.08626635	9.501787565419497e-23
156	0.08269498	8.773670501734887e-20
157	0.08648046	6.236776181342106e-23
158	0.0847742	1.7235869521242277e-21
159	0.08140083	9.477854528841962e-19
160	0.08539652	5.186345561939854e-22
161	0.08299936	4.9755956377885454e-20
162	0.08320514	3.385432964826289e-20
163	0.08664076	4.5467893394590744e-23
164	0.08354119	1.8002165950801048e-20
165	0.0846811	2.060832884240885e-21
166	0.08533315	5.863995804071176e-22
167	0.08629572	8.969265509275406e-23
168	0.08695241	2.454561623822893e-23
169	0.08238733	1.5520818672494999e-19
170	0.08710272	1.8215093850900594e-23
171	0.08507965	9.572796003482439e-22
172	0.08371869	1.2878133181044222e-20
173	0.08354686	1.7810831006136954e-20
174	0.0870962	1.8452540251761682e-23
175	0.08575155	2.601044963551568e-22
176	0.0844756	3.0546562398348478e-21
177	0.08272321	8.32503812944483e-20
178	0.08727606	1.2903498316384739e-23
179	0.08539613	5.190268519866959e-22
180	0.08400313	7.514280251144082e-21
181	0.08334307	2.61343658428194e-20
182	0.08409128	6.355771547934535e-21
183	0.08459801	2.4166586145577808e-21
184	0.08660815	4.8489970522600854e-23
185	0.08439717	3.548568455362501e-21
186	0.08527659	6.542630006166869e-22
187	0.08384407	1.0158990327330194e-20
188	0.08343217	2.2103964036177878e-20
189	0.08509376	9.315641836731865e-22
190	0.0814264	9.047091852109278e-19
191	0.08544475	4.7232142095289e-22
192	0.08220826	2.1603680505699317e-19
193	0.08389876	9.159208257147711e-21
194	0.08548689	4.352309560913969e-22
195	0.08560742	3.4435720984770224e-22
196	0.08613634	1.226194605138995e-22
197	0.08286079	6.44380443152334e-20
198	0.08358951	1.6434789608037758e-20
199	0.08666636	4.322713174641605e-23
200	0.08495675	1.2132199166335798e-21
201	0.08537267	5.431746229738235e-22
202	0.08501821	1.0777163501287908e-21
203	0.0840581	6.769424445798174e-21
204	0.08421993	4.9757656077052805e-21
205	0.08647558	6.297000809407187e-23
206	0.08479353	1.6607554904758573e-21
207	0.08549002	4.325942735021383e-22
208	0.08808101	2.5750890525651506e-24
209	0.08329038	2.885224543668114e-20
210	0.08359338	1.6315274505052056e-20
211	0.08703002	2.1043620790003233e-23
212	0.08359813	1.6169760323579272e-20
213	0.0826479	9.575772744566659e-20
214	0.08616018	1.1702153037914432e-22
215	0.08364958	1.4673755518753546e-20
216	0.08227675	1.9039252239883762e-19
217	0.08464262	2.2186474095504526e-21
218	0.08192827	3.615886759589803e-19
219	0.08744849	9.149910305652226e-24
220	0.08297896	5.168840842173374e-20
221	0.08776058	4.9013826509952346e-24
222	0.0815199	7.630715394530561e-19
223	0.08676044	3.589453705276615e-23
224	0.08293774	5.582301324995958e-20
225	0.08528634	6.420322959197828e-22
226	0.0849109	1.3251953250118404e-21
227	0.08307327	4.333560197007137e-20
228	0.08335405	2.5600793393253457e-20
229	0.0835629	1.7280411343003644e-20
230	0.08417693	5.4002769056212e-21
231	0.08562011	3.359619767453112e-22
232	0.08280366	7.167483775230046e-20
233	0.08439951	3.532745088827023e-21
234	0.08422375	4.939694195623729e-21
235	0.08594581	1.780317279910896e-22
236	0.08680968	3.256373533735226e-23
237	0.08518056	7.877860234290938e-22
238	0.08788215	3.840678316596124e-24
239	0.08597921	1.667791198283109e-22
240	0.08438739	3.6154665028393725e-21
241	0.08542919	4.867958663275801e-22
242	0.08378965	1.126114910084459e-20
243	0.08327295	2.981161094715124e-20
244	0.08353384	1.825322900860558e-20
245	0.08336386	2.513322097895932e-20
246	0.08405535	6.804883385964825e-21
247	0.08333772	2.6398329224483055e-20
248	0.08407181	6.5953612821681184e-21
249	0.08598084	1.6624841004338515e-22
250	0.08111775	1.5839913825686189e-18
251	0.08142849	9.012752479689966e-19
252	0.08573561	2.6831049332353036e-22
253	0.08529185	6.352210050647468e-22
254	0.08709493	1.8499147733732412e-23
255	0.08583388	2.2152531832115397e-22
256	0.08409966	6.2553271267299884e-21
257	0.08379786	1.1087578359354013e-20
258	0.08315173	3.7417285915462563e-20
259	0.08508368	9.49863922003575e-22
260	0.08468044	2.0634434475513333e-21
261	0.08411379	6.089515262735676e-21
262	0.08340707	2.3172476248476825e-20
263	0.08358134	1.6689957585471202e-20
264	0.08733742	1.1418839092036316e-23
265	0.08531759	6.043399610309714e-22
266	0.08250356	1.2516108604616776e-19
267	0.08400458	7.493626144530868e-21
268	0.08386342	9.793456842394181e-21
269	0.08360435	1.598115765884845e-20
270	0.08129138	1.1563188069811485e-18
271	0.08401239	7.383343419525114e-21
272	0.08682308	3.171169163209247e-23
273	0.08306103	4.4339036383579137e-20
274	0.08251678	1.2213199154498358e-19
275	0.08598739	1.6413265284456937e-22
276	0.08747645	8.653183477426717e-24
277	0.08284387	6.650234594210809e-20
278	0.08550276	4.220248064471565e-22
279	0.08398108	7.835412454546925e-21
280	0.0849666	1.1904177317180082e-21
281	0.08528477	6.439863145604559e-22
282	0.08444324	3.2495866975741335e-21
283	0.08747504	8.677579132081811e-24
284	0.08577591	2.4804260985167003e-22
285	0.08145658	8.563561670261062e-19
286	0.08252285	1.2076562303643042e-19
287	0.0851124	8.986409595396653e-22
288	0.08142312	9.101244762229437e-19
289	0.08168935	5.600842812038653e-19
290	0.0869975	2.244615854804279e-23
291	0.08757806	7.063241544482964e-24
292	0.08001887	1.1351693614725732e-17
293	0.08466427	2.1284371417413936e-21
294	0.0848861	1.3899749154771247e-21
295	0.08370577	1.3196398195494524e-20
296	0.08486816	1.4387847721775257e-21
297	0.08222864	2.08067751356277e-19
298	0.08275791	7.804629381735493e-20
299	0.08018125	8.506200131328035e-18
300	0.08093488	2.2042088541933648e-18
301	0.08283005	6.82369663654672e-20
302	0.08549642	4.272522191563244e-22
303	0.08643081	6.87716723980455e-23
304	0.08410339	6.2111264558005854e-21
305	0.08371305	1.301611909674265e-20
306	0.0824481	1.3870110801892795e-19
307	0.08231189	1.7843063834498597e-19
308	0.0818894	3.883156731995837e-19
309	0.08125423	1.236959642671738e-18
310	0.0826083	1.0306408421176325e-19
311	0.08531012	6.131451940303255e-22
312	0.0842905	4.3496598272053065e-21
313	0.08379533	1.1140781320242573e-20
314	0.08557733	3.6510501476646687e-22
315	0.08516337	8.143930579927133e-22
316	0.08709798	1.8387412571505138e-23
317	0.08512358	8.794507701158225e-22
318	0.08571422	2.797272638605047e-22
319	0.08239393	1.533251018071291e-19
320	0.08528988	6.376479823079947e-22
321	0.0859025	1.9375196675798652e-22
322	0.08443212	3.319380617543064e-21
323	0.08642882	6.904152274279608e-23
324	0.08589553	1.9640748983907833e-22
325	0.08352461	1.857343219704022e-20
326	0.08458738	2.4663714504170162e-21
327	0.08135935	1.0220247610434422e-18
328	0.0829445	5.512314368023862e-20
329	0.08371598	1.2944252922017316e-20
330	0.08557083	3.697473434184145e-22
331	0.08400725	7.45574128543449e-21
332	0.0834649	2.0783715047076146e-20
333	0.08413042	5.899943620263694e-21
334	0.08143396	8.92348851947539e-19
335	0.08436953999999999	3.740806996592814e-21
336	0.08506944	9.763253420727439e-22
337	0.08446228	3.133447559756522e-21
338	0.08525449	6.828485813035419e-22
339	0.08263749	9.762712373423178e-20
340	0.08480465	1.625645583568654e-21
341	0.08456277	2.5853910313812342e-21
342	0.08359891	1.614598868774775e-20
343	0.08503747	1.038427740772178e-21
344	0.08351947	1.8754154843596813e-20
345	0.08368658	1.3683564735285968e-20
346	0.08300289	4.942891242418625e-20
347	0.08395173	8.284066515373642e-21
348	0.08406176	6.7225159222364155e-21
349	0.08317735	3.566405752294564e-20
350	0.08625736	9.670978430264763e-23
351	0.08609772	1.32257312593682e-22
352	0.08383379	1.0358656541851897e-20
353	0.08266931	9.20237838569868e-20
354	0.08241526	1.473927896094521e-19
355	0.0851742	7.975280980104549e-22
356	0.08506949	9.76231161985273e-22
357	0.08435106	3.875112989461435e-21
358	0.08346973	2.0595622214588345e-20
359	0.08670344	4.0174598462354635e-23
360	0.0847405	1.8388176871886398e-21
361	0.0841573	5.6058302112148916e-21
362	0.0824212	1.457816364274705e-19
363	0.08440857	3.472137618074527e-21
364	0.08299012	5.0622205817845204e-20
365	0.08552376	4.0515919605585782e-22
366	0.08041415	5.614828125675994e-18
367	0.08497131	1.1796651394640013e-21
368	0.08200237	3.155864147870037e-19
369	0.08297507	5.2065258502790405e-20
370	0.08454959	2.65145756043066e-21
371	0.08304756	4.546994240180236e-20
372	0.08247816	1.3119144827236228e-19
373	0.08358061	1.671294745497454e-20
374	0.08673844	3.749001473047091e-23
375	0.08537133	5.445870817934675e-22
376	0.08537473	5.41010318328205e-22
377	0.0836921	1.3541632621999776e-20
378	0.08561178	3.414495762752703e-22
379	0.08391899	8.814653695981671e-21
380	0.08354897	1.7740144754805943e-20
381	0.08251959	1.2149756101864335e-19
382	0.08570828	2.829823640784468e-22
383	0.08352907	1.841801833699653e-20
384	0.0864765	6.28560299013954e-23
385	0.08390198	9.103485135812426e-21
386	0.08401748	7.312336983119504e-21
387	0.08418458	5.322210887021657e-21
388	0.08448031	3.0272683251332275e-21
389	0.08468221	2.0564497786845318e-21
390	0.0843532	3.859318591291028e-21
391	0.08156062	7.084755671464663e-19
392	0.08515233	8.319492754149137e-22
393	0.08255314	1.1417045304253155e-19
394	0.0860956	1.3280762021667919e-22
395	0.08552202	4.06530839667629e-22
396	0.08254386	1.161521645669956e-19
397	0.08594759	1.7741346504751131e-22
398	0.08681591	3.216480760827618e-23
399	0.08374132	1.2338913424369264e-20
400	0.08363719	1.5020963479488528e-20
401	0.08455413	2.6285132442557823e-21
402	0.08569958	2.878179057760999e-22
403	0.08297399	5.2170367456310694e-20
404	0.08369201	1.3543934983758697e-20
405	0.08309365	4.1714561119472825e-20
406	0.08276092	7.761037274381358e-20
407	0.07918637	4.917165240015142e-17
408	0.08590788	1.9172662098085973e-22
409	0.08384527	1.0135933197491643e-20
410	0.08587023	2.0635376378140921e-22
411	0.08388723	9.361527021191717e-21
412	0.08416348	5.540293746890743e-21
413	0.08575341	2.591633374909443e-22
414	0.08285744	6.484164973488271e-20
415	0.08392316	8.745245193713243e-21
416	0.08495711	1.2123789576922082e-21
417	0.08756757	7.212940467213105e-24
418	0.08495424	1.219099376491713e-21
419	0.0854852	4.366612203620654e-22
420	0.08153689	7.39802915686534e-19
421	0.08540585	5.093368595553266e-22
422	0.08364681	1.4750682546675402e-20
423	0.08425275	4.6741816478628955e-21
424	0.08340787	2.3137642864173417e-20
425	0.08147914	8.2189181817225685e-19
426	0.08140863	9.344342766045506e-19
427	0.08531108	6.120065074575458e-22
428	0.08353161	1.8330086108905364e-20
429	0.08735405	1.1046555254347471e-23
430	0.08491194	1.3225452087893031e-21
431	0.08559609	3.520284633776796e-22
432	0.08154552	7.282542994823239e-19
433	0.08369676	1.3422950248676983e-20
434	0.08417423	5.428099912618373e-21
435	0.08325908	3.0597571182436145e-20
436	0.08535108	5.66381194537832e-22
437	0.08182673	4.35586986062386e-19
438	0.08243305	1.4261942665707666e-19
439	0.08463157	2.266141816335771e-21
440	0.08339772	2.3583466858933995e-20
441	0.08269423	8.78591068850346e-20
442	0.08495114	1.226399893516351e-21
443	0.08687022	2.8886456536757626e-23
444	0.08382172	1.0598061451896074e-20
445	0.08429595	4.304692744689489e-21
446	0.08633295	8.336618592245925e-23
447	0.08533861	5.80230401106078e-22
448	0.08366261	1.4317196630573693e-20
449	0.08207157	2.7788350633832153e-19
450	0.08623854	1.0034913558171722e-22
451	0.08644953	6.628388948019983e-23
452	0.08450767	2.8729243419079765e-21
453	0.08603288	1.501580625278551e-22
454	0.08335363	2.5621003167260786e-20
455	0.08755684	7.36932463409258e-24
456	0.08699429	2.2589535906608292e-23
457	0.08321611	3.3165277710319966e-20
458	0.08275312	7.874501131624243e-20
459	0.08598131	1.6609569490120893e-22
460	0.08613383	1.2322408936920719e-22
461	0.08398207	7.820706718681339e-21
462	0.08243936	1.4096341739965535e-19
463	0.08475929	1.773657509174906e-21
464	0.08527771	6.528463661247051e-22
465	0.08259748	1.0515477333620018e-19
466	0.08492096	1.2997800157884184e-21
467	0.08460121	2.401888924095527e-21
468	0.08506073	9.92869845697982e-22
469	0.0834636	2.0834630699193734e-20
470	0.08203344	2.9806925954833004e-19
471	0.08527098	6.614048589162743e-22
472	0.08331641	2.747623392387767e-20
473	0.08100922	1.9274052781130887e-18
474	0.08552753	4.0220303809684156e-22
475	0.0849964	1.1239898711267263e-21
476	0.08462041	2.3151326668962672e-21
477	0.08421444	5.028064473411923e-21
478	0.08310367	4.0939752301198395e-20
479	0.08347733	2.030307013152403e-20
480	0.08192054	3.66754465140398e-19
481	0.08443725	3.28699966930835e-21
482	0.08405723	6.78062250241935e-21
483	0.08473953	1.842245188173408e-21
484	0.08387318	9.614063923016067e-21
485	0.085205	7.514359188420592e-22
486	0.08545024	4.673170449926879e-22
487	0.08233933	1.6961039829298348e-19
488	0.08254824	1.1521261873068732e-19
489	0.084941	1.2505839880406514e-21
490	0.08571276	2.805238778005437e-22
491	0.08367176	1.4071960069004688e-20
492	0.08124628	1.2549270243393425e-18
493	0.08357594	1.6860764428168513e-20
494	0.08169915	5.501405051142323e-19
495	0.08313503	3.860582815000204e-20
496	0.08579099	2.408556848453009e-22
497	0.08332269	2.7154121527227897e-20
498	0.0831201	3.9700043543350257e-20
499	0.08363714	1.5022381016704174e-20
500	0.08472884	1.880440781350774e-21
501	0.08437599	3.69502621827551e-21
502	0.08318844	3.4930637571364937e-20
503	0.08414566	5.731362788802375e-21
504	0.08488773	1.3856224047295594e-21
505	0.08355623	1.7499048941747366e-20
506	0.08147361	8.302105701797613e-19
507	0.08348424	2.0040656904694763e-20
508	0.08448537	2.9981165935138578e-21
509	0.08487111	1.430643367995287e-21
510	0.08276	7.774335436330112e-20
511	0.08532202	5.991775110898124e-22
512	0.08345451	2.1194121000890688e-20
513	0.0813569	1.0265855070695277e-18
514	0.08334237	2.6168753739935838e-20
515	0.08359979	1.611921100683774e-20
516	0.08049503	4.858598267086927e-18
517	0.08617744	1.1312771164445905e-22
518	0.08604916	1.454493305916388e-22
519	0.08494667	1.2370031999742356e-21
520	0.08467314	2.092537597781468e-21
521	0.08437799	3.680943836397845e-21
522	0.08161079	6.465041605599008e-19
523	0.08282581	6.877808669869814e-20
524	0.08255427	1.1393144575283054e-19
525	0.08530138	6.236091658034016e-22
526	0.08246256	1.3503695311696047e-19
527	0.08509897	9.222432657545114e-22
528	0.08490723	1.3345893487878632e-21
529	0.0847747	1.7219323874513314e-21
530	0.08587568	2.041697839214713e-22
531	0.08112423	1.5655229479156128e-18
532	0.08577618	2.4791207887982255e-22
533	0.08339693	2.361852160080053e-20
534	0.08526687	6.666861785582605e-22
535	0.08211116	2.5835777388592255e-19
536	0.0867498	3.665756763938201e-23
537	0.08005999	1.0552596071333654e-17
538	0.08158696	6.752396583722573e-19
539	0.082972	5.2364591601512775e-20
540	0.08443729999999999	3.286685612464254e-21
541	0.08132105	1.0956732290021787e-18
542	0.08336561	2.5050705502135248e-20
543	0.08582514	2.253352551655009e-22
544	0.08405226	6.84494616498127e-21
545	0.08332162	2.720873790104343e-20
546	0.08471941	1.9147859582348058e-21
547	0.08487416	1.4222740410427146e-21
548	0.08683348	3.1065694205229663e-23
549	0.08357717	1.6821706618818223e-20
550	0.08400447	7.495191032165051e-21
551	0.08410977	6.136240094879782e-21
552	0.08012953	9.325957586971364e-18
553	0.08361568	1.564319827571781e-20
554	0.08372813	1.2650416590057175e-20
555	0.08875507	6.590352753557121e-25
556	0.0842226	4.950526015556649e-21
557	0.08518133	7.866146013324067e-22
558	0.08573371	2.6930560500232162e-22
559	0.08453714	2.7154020617154895e-21
560	0.08369967	1.334936121055422e-20
561	0.08541479	5.005830595950323e-22
562	0.08260178	1.0431892203922038e-19
563	0.0830487	4.537313350985593e-20
564	0.08499906	1.1182423519875058e-21
565	0.08596127	1.727324638941506e-22
566	0.08564617	3.193532952995203e-22
567	0.08620421	1.073414249843474e-22
568	0.08399802	7.587519275267433e-21
569	0.08315491	3.719511132146557e-20
570	0.08691572	2.6396952857648982e-23
571	0.08509265	9.335620689810448e-22
572	0.08400453	7.494337416917252e-21
573	0.0820726	2.773574513158407e-19
574	0.0821446	2.42928847913905e-19
575	0.08337823	2.4463551122052363e-20
576	0.08521343	7.392879056510132e-22
577	0.08560737	3.443906963893414e-22
578	0.08370416	1.3236600747768432e-20
579	0.08367304	1.4037987527837486e-20
580	0.08389621	9.203576715779257e-21
581	0.08477442	1.7228587494325963e-21
582	0.08286153	6.434922603295168e-20
583	0.08326752	3.0116895361957575e-20
584	0.08406419	6.691549963353118e-21
585	0.08403728	7.042506900024857e-21
586	0.08304219	4.592872434649599e-20
587	0.08349715	1.9559367136864332e-20
588	0.08569399	2.9096806417227744e-22
589	0.08259201	1.0622765257113984e-19
590	0.08389129	9.28978497312161e-21
591	0.08284412	6.647137304510576e-20
592	0.08403667	7.050670495840054e-21
593	0.08208022	2.7349619773044796e-19
594	0.08467026	2.1041274654982503e-21
595	0.08455672	2.6155122140104418e-21
596	0.08475009	1.805269996900624e-21
597	0.08256955	1.1074783350685243e-19
598	0.08288114	6.203925442782408e-20
599	0.08091923	2.2673157879443724e-18
600	0.0832876	2.900318177631026e-20
601	0.08768566	5.6951123384922075e-24
602	0.08583099	2.2277799644055257e-22
603	0.08477675	1.7151651313370286e-21
604	0.08458762	2.465237937665578e-21
605	0.08278503	7.420464154618943e-20
606	0.08514433	8.449053476732378e-22
607	0.08314308	3.8028307556771115e-20
608	0.08288039	6.2126070128814e-20
609	0.0861042	1.3058923498230683e-22
610	0.08195895	3.417871881323885e-19
611	0.08386845	9.700592616139585e-21
612	0.08571846	2.774265156889318e-22
613	0.08483469	1.5344374399946694e-21
614	0.08522557	7.221352563802447e-22
615	0.08406657	6.661358307606234e-21
616	0.08545148	4.661940356466382e-22
617	0.08489398	1.3690583004692776e-21
618	0.08647756	6.272496113148691e-23
619	0.08162961	6.24668996477564e-19
620	0.08065658	3.637056056673696e-18
621	0.08493301	1.269973108262219e-21
622	0.08592421	1.857068695745182e-22
623	0.08429502	4.3123332644766605e-21
624	0.08555188	3.836185202206963e-22
625	0.08472991	1.876582532288751e-21
626	0.08420516	5.117710254220827e-21
627	0.08526762	6.65719322417372e-22
628	0.08361313	1.57186380673466e-20
629	0.08520216	7.555729307906745e-22
630	0.08527528	6.559238280224661e-22
631	0.08606328	1.4148422935099414e-22
632	0.08292985	5.665101937471159e-20
633	0.08586598	2.0807294571422926e-22
634	0.08390344	9.078330280500045e-21
635	0.08375212	1.2089527414095268e-20
636	0.0823227	1.7490291324609492e-19
637	0.08386234	9.813510560270439e-21
638	0.08371565	1.2952327361040229e-20
639	0.08426645	4.553722115405435e-21
640	0.08708235	1.8967179777870143e-23
641	0.08627272	9.383686746515607e-23
642	0.08406201	6.719323576391135e-21
643	0.08196702	3.3675962332759796e-19
644	0.08675506	3.627836324945342e-23
645	0.08171568	5.337627608642484e-19
646	0.08506168	9.910519043386788e-22
647	0.08515592	8.261995076571516e-22
648	0.08374192	1.2324925777930272e-20
649	0.08354394	1.790911362554958e-20
650	0.08757515	7.104457023591573e-24
651	0.08281026	7.079927469439386e-20
652	0.08696566	2.390922156134906e-23
653	0.08424053	4.784291945995588e-21
654	0.0854105	5.047649160410915e-22
655	0.08682473	3.160831851371796e-23
656	0.08413558	5.842321494412231e-21
657	0.08426619	4.555979287929706e-21
658	0.08692747	2.5789449591838597e-23
659	0.08453219	2.741248731581895e-21
660	0.08725558	1.3440511612421397e-23
661	0.08429118	4.3440239145815904e-21
662	0.08426266	4.586734786786748e-21
663	0.08108239	1.6886362866204218e-18
664	0.0854518	4.659046618052798e-22
665	0.08586923	2.0675700438451846e-22
666	0.08648938	6.128167674298978e-23
667	0.08248344	1.2991463546976503e-19
668	0.08577786	2.471014167189052e-22
669	0.08374784	1.218775454172841e-20
670	0.08047621	5.025022766402021e-18
671	0.08499388	1.1294619235426673e-21
672	0.0869502	2.4653386725250538e-23
673	0.08221751	2.1238303646205046e-19
674	0.0791386	5.344986262773934e-17
675	0.08157978	6.841431456298216e-19
676	0.08335899	2.5364270914058307e-20
677	0.08420047	5.163617388719e-21
678	0.08398011	7.84984770319443e-21
679	0.08420211	5.147518319108406e-21
680	0.08412731	5.9349451167036445e-21
681	0.08276895	7.645920546642077e-20
682	0.08261379	1.020190902597354e-19
683	0.08435838	3.8213511549838625e-21
684	0.08264473	9.632319783325055e-20
685	0.08633253	8.343502423802032e-23
686	0.08063617	3.772754287564996e-18
687	0.08297792	5.17888944841337e-20
688	0.08356798	1.7115711837533423e-20
689	0.08380661	1.090551121084438e-20
690	0.08201891	3.061379288734805e-19
691	0.08381887	1.0655386404915897e-20
692	0.08288826	6.122105063325069e-20
693	0.08319814	3.430141474037375e-20
694	0.08397548	7.919114203586535e-21
695	0.08337096	2.4800106034157166e-20
696	0.08284599	6.62401488209486e-20
697	0.08511494	8.942449596565527e-22
698	0.08596129	1.7272571087741632e-22
699	0.0872316	1.4097566332162064e-23
700	0.08243205	1.42883632647162e-19
701	0.08406682	6.658194767186812e-21
702	0.0853018	6.231022912300327e-22
703	0.0822401	2.0371530445978219e-19
704	0.08138154	9.816208612802837e-19
705	0.08626762	9.478124382866691e-23
706	0.08429323	4.327077093027983e-21
707	0.08222984	2.0760771228765331e-19
708	0.08063537	3.778174055545038e-18
709	0.08625376	9.739565644120621e-23
710	0.08188906	3.8855788678633867e-19
711	0.08193596	3.5652115915625165e-19
712	0.08144701	8.714049035733493e-19
713	0.08465678	2.1592267490838392e-21
714	0.08272	8.374883349728214e-20
715	0.0833912	2.3874330418946064e-20
716	0.08274693	7.965713728632489e-20
717	0.08394639	8.368392786341595e-21
718	0.08305937	4.447688494291802e-20
719	0.08542661	4.892380553797139e-22
720	0.08456711	2.5639956576760957e-21
721	0.08495748	1.2115152414794767e-21
722	0.08717145	1.5889415125153116e-23
723	0.08602012	1.5395420394463402e-22
724	0.0831564	3.709146109925779e-20
725	0.08571123	2.8136110178812187e-22
726	0.08278236	7.457438428907531e-20
727	0.08580471	2.3449667920820622e-22
728	0.08403474	7.07656145237622e-21
729	0.08699329	2.263438726376017e-23
730	0.08440123	3.521158887657609e-21
731	0.08490231	1.3472867082868622e-21
732	0.0824546	1.370419782908348e-19
733	0.08313646	3.850260621369969e-20
734	0.0843704	3.734670536111238e-21
735	0.08434666	3.907789175480736e-21
736	0.08377026	1.168185085424416e-20
737	0.08514342	8.463917245897505e-22
738	0.08601415	1.5576286148750544e-22
739	0.08262519	9.988258384722816e-20
740	0.08292835	5.680980670294982e-20
741	0.08366236	1.432395622528049e-20
742	0.08508814	9.41723427866637e-22
743	0.08444811	3.2194807176046503e-21
744	0.0837141	1.2990319631418772e-20
745	0.08521928	7.309725334814636e-22
746	0.08319164	3.472180426236894e-20
747	0.08324183	3.1603779936485725e-20
748	0.08453497	2.726702927764313e-21
749	0.08466203	2.1375993107203147e-21
750	0.08471353	1.936515875712169e-21
751	0.08377281	1.1625646183565836e-20
752	0.08672874	3.8215656846074914e-23
753	0.08556175	3.7633054867431705e-22
754	0.08557826	3.644455523152176e-22
755	0.08275007	7.919314214043817e-20
756	0.08588999	1.985439352672444e-22
757	0.08385107	1.0025219941567204e-20
758	0.08301202	4.859289533230158e-20
759	0.08270957	8.53889245923361e-20
760	0.08027493	7.198874483328604e-18
761	0.08419468	5.220855385728596e-21
762	0.08705769	1.9919025977087563e-23
763	0.08450395	2.8934420265786333e-21
764	0.08516759	8.077798113526221e-22
765	0.08029191	6.984183821519629e-18
766	0.08635999	7.905096702271145e-23
767	0.08574502	2.63435612907667e-22
768	0.08713269	1.716208518020667e-23
769	0.08555772	3.7928953699232054e-22
770	0.08552684	4.027424805534051e-22
771	0.08330078	2.829446584471269e-20
772	0.08449083	2.9669726911013205e-21
773	0.08443028	3.331071773769971e-21
774	0.08181151	4.479021246322349e-19
775	0.08450496	2.887857032854582e-21
776	0.0829476	5.480511331883888e-20
777	0.08292135	5.75566671528895e-20
778	0.08531469	6.077433231039989e-22
779	0.08545018	4.673714521969524e-22
780	0.08409923	6.260442659686927e-21
781	0.08474325	1.829134900246717e-21
782	0.08336144	2.5247772265101238e-20
783	0.08333641	2.6463365080819918e-20
784	0.08309342	4.1732515771253245e-20
785	0.08619304	1.0971918900628134e-22
786	0.08451262	2.8458462275332597e-21
787	0.08564101	3.225758696137801e-22
788	0.08393174	8.604133878581953e-21
789	0.08258831	1.069595101356142e-19
790	0.08484656	1.4998134959178509e-21
791	0.08684906	3.012231248297377e-23
792	0.08215544	2.3812607941550057e-19
793	0.08262978	9.903493500918256e-20
794	0.08540264	5.125169284070939e-22
795	0.08258265	1.0808873461942127e-19
796	0.08390368	9.07420183809688e-21
797	0.08414901	5.694951398754999e-21
798	0.08338001	2.4381840924499155e-20
799	0.08490287	1.3458354568952657e-21
800	0.0823463	1.6743967402092725e-19
801	0.08576145	2.5513383335525335e-22
802	0.08506692	9.810837142990182e-22
803	0.08567582	3.014457769135125e-22
804	0.08630455	8.815036145308702e-23
805	0.08419068	5.260765156079767e-21
806	0.08410375	6.2068768663060966e-21
807	0.08538927	5.259755779863068e-22
808	0.08196194	3.3991582137230604e-19
809	0.08258887	1.0684842241776748e-19
810	0.08514462	8.444322115772003e-22
811	0.08795484	3.3189356746673694e-24
812	0.08239618	1.5268833020093707e-19
813	0.08490746	1.3339986867715226e-21
814	0.08643323	6.844492330323084e-23
815	0.08572079	2.761701962738307e-22
816	0.08429549	4.308470246744153e-21
817	0.0842625	4.588133671830784e-21
818	0.08491104	1.3248382719384773e-21
819	0.08261709	1.0139601226410743e-19
820	0.08323424	3.205683984478052e-20
821	0.08423877	4.800361249801581e-21
822	0.08293075	5.655595823557031e-20
823	0.08415838	5.594322047516005e-21
824	0.08539803	5.171184405778622e-22
825	0.08573007	2.7122227173327277e-22
826	0.08458032	2.4999479236183735e-21
827	0.08250823	1.2408263909742062e-19
828	0.0831253	3.931549141720449e-20
829	0.08308097	4.271592626797644e-20
830	0.0817581	4.939107244011952e-19
831	0.08313428	3.866007515571465e-20
832	0.08249011	1.2831928395119896e-19
833	0.08335248	2.5676420440002083e-20
834	0.08021229	8.048902298018344e-18
835	0.0832413	3.1635209310934013e-20
836	0.08717887	1.5656694263538285e-23
837	0.08044296	5.332957093080892e-18
838	0.08443503	3.3009738373212846e-21
839	0.0846352	2.250429376866509e-21
840	0.08390683	9.020188312680863e-21
841	0.08400289	7.517704303563494e-21
842	0.08413342	5.866374145180504e-21
843	0.08181136	4.480251964982652e-19
844	0.08487194	1.4283609861933049e-21
845	0.08658598	5.065758882719481e-23
846	0.08372726	1.2671235049677361e-20
847	0.08256121	1.124743971665214e-19
848	0.08275327	7.872303705999196e-20
849	0.0842053	5.11634613258457e-21
850	0.08676486	3.5582219538144734e-23
851	0.08497657	1.167770809471435e-21
852	0.08280883	7.098807584637828e-20
853	0.08415588	5.6209970547502035e-21
854	0.08101713	1.9000604481646225e-18
855	0.08332898	2.683524950253952e-20
856	0.08601949	1.5414407915681655e-22
857	0.08285375	6.528911874221592e-20
858	0.08549635	4.27310292263888e-22
859	0.08619098	1.1016337852560326e-22
860	0.08237593	1.5851492301254226e-19
861	0.0861727	1.141840494833395e-22
862	0.08416794	5.493469866036145e-21
863	0.08406608	6.667563171969997e-21
864	0.08372742	1.2667403819564215e-20
865	0.0847324	1.8676343674433054e-21
866	0.08722676	1.4234002036198682e-23
867	0.08277687	7.534038919733271e-20
868	0.08396499	8.078298999468422e-21
869	0.08407157999999999	6.5982444428578456e-21
870	0.08233806	1.7000891775580725e-19
871	0.08462098	2.3126051760089905e-21
872	0.08527913	6.510546512344249e-22
873	0.08743263	9.4441557395903e-24
874	0.08388623	9.37928164481962e-21
875	0.08484537	1.503249386723318e-21
876	0.08361324	1.571537636902238e-20
877	0.08286138	6.436721992739765e-20
878	0.08234306	1.684452878573977e-19
879	0.08417287	5.4421682625553126e-21
880	0.08350308	1.9342152942944983e-20
881	0.08654508	5.491199003335689e-23
882	0.08534254	5.758298533485504e-22
883	0.08556784	3.7190244062763105e-22
884	0.07984531	1.5438432193084676e-17
885	0.08279205	7.32411556298656e-20
886	0.08459374	2.4365073350205363e-21
887	0.08466844	2.111484433286533e-21
888	0.08578278	2.447424391369939e-22
889	0.08342508	2.240073557683076e-20
890	0.08471753	1.9217071801481137e-21
891	0.08695185	2.457288026365496e-23
892	0.08300675	4.907373369883943e-20
893	0.08416395	5.535340790580751e-21
894	0.08575371	2.590118545500207e-22
895	0.08663516	4.597322788940007e-23
896	0.08696118	2.4122540075635638e-23
897	0.08361497	1.5664166940977657e-20
898	0.08344255	2.167649858561041e-20
899	0.08464509	2.208166801773305e-21
900	0.08483979999999999	1.519435775734028e-21
901	0.08624427	9.922692180156032e-23
902	0.0820871	2.7005570264619354e-19
903	0.08341667999999999	2.2757457408309998e-20
904	0.08488549	1.3916072550132051e-21
905	0.08315418	3.7245997727415635e-20
906	0.08358212	1.6665427720155182e-20
907	0.08790547	3.6649839461305896e-24
908	0.08374126	1.2340313054542349e-20
909	0.08330533	2.805381171472871e-20
910	0.08478347	1.6931662139887638e-21
911	0.08543845	4.781297089523599e-22
912	0.08337681	2.4528930302617734e-20
913	0.08455293	2.634558600512405e-21
914	0.08364565	1.4783016153225653e-20
915	0.08551271	4.139485959611011e-22
916	0.08151023	7.766372769232486e-19
917	0.08586073	2.1021628032502745e-22
918	0.08648992	6.121653333416966e-23
919	0.08798328	3.1345361074092424e-24
920	0.08262879	9.921715608837339e-20
921	0.08435332	3.8584348173299805e-21
922	0.08299196	5.044852205236405e-20
923	0.08319598	3.4440550567204424e-20
924	0.08479399	1.6592882966622921e-21
925	0.08255239	1.143293604918186e-19
926	0.0838518	1.0011370588229167e-20
927	0.08493821	1.2573208014857297e-21
928	0.08246092	1.3544765676190446e-19
929	0.08490388	1.343221941581585e-21
930	0.08474203	1.8334242779668673e-21
931	0.08054967	4.405714744760079e-18
932	0.08376027	1.1904648508123035e-20
933	0.08139492	9.58027195343846e-19
934	0.08359792	1.6176166306784273e-20
935	0.08569853	2.8840702397299536e-22
936	0.08144122	8.806364970040835e-19
937	0.0821315	2.488611698465655e-19
938	0.08767331	5.837690061724304e-24
939	0.08677184	3.5094498522318475e-23
940	0.08588208	2.0163438549246486e-22
941	0.08421272	5.044561441105276e-21
942	0.08359411	1.6292827120562595e-20
943	0.08554298	3.903102557235438e-22
944	0.08248639	1.292066352303481e-19
945	0.08580553	2.341219440145905e-22
946	0.08209766	2.64858194236111e-19
947	0.08556307	3.7536634140132065e-22
948	0.08509897	9.222432657545114e-22
949	0.08342636	2.23468669416736e-20
950	0.08622154	1.0375324429831424e-22
951	0.08426972	4.525428355377929e-21
952	0.08701969	2.1479437290712708e-23
953	0.08540652	5.086755810817882e-22
954	0.08513837	8.54687576326337e-22
955	0.0840314	7.121590545519648e-21
956	0.08230243	1.8157559913678706e-19
957	0.08264437	9.638762419153751e-20
958	0.08375733	1.1971015479968085e-20
959	0.08481254	1.6011815763426886e-21
960	0.08732621	1.1676793263248275e-23
961	0.08517554	7.954656316601192e-22
962	0.081824	4.377709817706951e-19
963	0.08509877	9.225993604911946e-22
964	0.08517215	8.006936366455152e-22
965	0.08241834	1.4655518632940637e-19
966	0.0851242	8.78398537741372e-22
967	0.08257813	1.089989970407369e-19
968	0.08454041	2.6984603499949432e-21
969	0.081811	4.483207056837843e-19
970	0.08170662	5.426785569517676e-19
971	0.08154879	7.239252117723145e-19
972	0.08187667	3.974872903108815e-19
973	0.08183380999999999	4.2997316674793394e-19
974	0.08350234	1.9369127764170354e-20
975	0.08445112	3.2010116437714864e-21
976	0.08619707	1.0885535134879637e-22
977	0.0877685	4.824185822034501e-24
978	0.08791802	3.5737602827334306e-24
979	0.08522516	7.227080509638002e-22
980	0.0824907	1.2817910411988787e-19
981	0.08615009	1.1935913374246017e-22
982	0.08508395	9.49369132346161e-22
983	0.08436842	3.748813662688177e-21
984	0.08281823	6.975608681877117e-20
985	0.08545583	4.622755824813422e-22
986	0.08483016	1.5478591959488314e-21
987	0.08481938	1.5802690477376767e-21
988	0.08341785	2.270743556721715e-20
989	0.08262711	9.95271404704506e-20
990	0.08293539	5.606836858999265e-20
991	0.08698584	2.2971325049928585e-23
992	0.08730317	1.2225279032949037e-23
993	0.08550429	4.2077283861467096e-22
994	0.08181855	4.421634712737034e-19
995	0.08317114	3.608139293318191e-20
996	0.08213273	2.4829811341862733e-19
997	0.08379022	1.1249011953832433e-20
998	0.08424379	4.754668029791647e-21
999	0.08182069	4.4043353165862815e-19
