Dataset	Random-mean	P-value
0	0.12827804	2.779899851949408e-12
1	0.12763172	8.325095404256009e-13
2	0.12671042	1.4340033346167443e-13
3	0.12816147	2.240464712123344e-12
4	0.1260558	3.995550754407086e-14
5	0.12661164	1.1842753777429835e-13
6	0.12555328	1.474898640433277e-14
7	0.12874516	6.548171067123891e-12
8	0.12855978	4.66762800365595e-12
9	0.12653378	1.0181024293984842e-13
10	0.12767275	8.993582652424866e-13
11	0.12632976	6.840047283212554e-14
12	0.12642054	8.166545314904557e-14
13	0.12750929	6.60779581863375e-13
14	0.12648905	9.332648653139683e-14
15	0.12907873	1.1981983294966476e-11
16	0.12649409	9.424643108113553e-14
17	0.12687599	1.9738563358999503e-13
18	0.12668831	1.3739484639943191e-13
19	0.12817864	2.3129117551979495e-12
20	0.12849642	4.1557691100959345e-12
21	0.12848583	4.075776989211281e-12
22	0.12773153	1.0044227810893101e-12
23	0.12780091	1.1440520825160964e-12
24	0.1283673	3.277519159542632e-12
25	0.12734601	4.849367217974335e-13
26	0.12740013	5.373957889805584e-13
27	0.1276894	9.279682063617493e-13
28	0.12818519	2.341151792953358e-12
29	0.12868453	5.863111235576366e-12
30	0.12729656	4.414318921002039e-13
31	0.12847762	4.014805854679087e-12
32	0.12839527	3.450761003595502e-12
33	0.12801908	1.7196662891742293e-12
34	0.12672008	1.461046796101722e-13
35	0.12808828	1.955884406595219e-12
36	0.12597447	3.403499643760215e-14
37	0.12851036	4.263422693004035e-12
38	0.12840723	3.527559100674824e-12
39	0.12868615	5.880464491932086e-12
40	0.12665224	1.2812529498289283e-13
41	0.12654965	1.049993562085704e-13
42	0.12708173	2.9298119587355965e-13
43	0.12691537	2.1292388977181145e-13
44	0.12630718	6.544579547228265e-14
45	0.126426	8.253956027510794e-14
46	0.1274653	6.080203401521804e-13
47	0.12835655	3.213235623736547e-12
48	0.12708165	2.929363378478098e-13
49	0.12744291	5.827824452067114e-13
50	0.12842061	3.6154680812790814e-12
51	0.12681762	1.763881695319394e-13
52	0.12770661	9.584817406772803e-13
53	0.12756391	7.325932885279175e-13
54	0.12734766	4.864588943129097e-13
55	0.12803285	1.7643174868861539e-12
56	0.12783771	1.2256944654244639e-12
57	0.12728296	4.301565220869576e-13
58	0.12844722	3.796750645424372e-12
59	0.12843217	3.6931512565038414e-12
60	0.12690137	2.0726652963943805e-13
61	0.12842277	3.6298601824714682e-12
62	0.12839401	3.442766601088995e-12
63	0.12930343	1.7936244987026857e-11
64	0.12566387	1.8387128205435413e-14
65	0.12806702	1.8801046153046187e-12
66	0.1296114	3.10318506102265e-11
67	0.1273849	5.220929503871386e-13
68	0.12725763	4.0990707631912406e-13
69	0.12711144	3.1011688223496613e-13
70	0.12728807	4.3435941830658156e-13
71	0.12897586	9.95173841613582e-12
72	0.12893063	9.169893067102378e-12
73	0.12705679	2.793194309655802e-13
74	0.12545653	1.215520525787242e-14
75	0.12581126	2.4642717780671352e-14
76	0.12716454	3.4323612845346784e-13
77	0.12731612	4.581605131047918e-13
78	0.12670007	1.4055754911803373e-13
79	0.12687237	1.9601465808034007e-13
80	0.12710793	3.080421123528083e-13
81	0.12762504	8.220992002304409e-13
82	0.12586511	2.7417461978488095e-14
83	0.12777446	1.0887011938359033e-12
84	0.12804538	1.8059377944711957e-12
85	0.1269424	2.2428039963434922e-13
86	0.1277413	1.0230196676951192e-12
87	0.12827786	2.7789756095185594e-12
88	0.12663904	1.2488944468009532e-13
89	0.12727054	4.201075000529696e-13
90	0.12945143	2.335823675256833e-11
91	0.12837009	3.294408633605352e-12
92	0.12778021	1.1005052521890463e-12
93	0.12798507	1.6140927752128498e-12
94	0.1294814	2.4637784134828836e-11
95	0.1286504	5.508995896575292e-12
96	0.12673097	1.492136610742053e-13
97	0.12632131	6.727967115720707e-14
98	0.12746522	6.079282766269176e-13
99	0.12699937	2.5020601112998945e-13
100	0.12529601	8.80890148966648e-15
101	0.1268625	1.9232414878392727e-13
102	0.12766442	8.853723324149758e-13
103	0.12827471	2.762850200562045e-12
104	0.12872586	6.321976810853013e-12
105	0.12882233	7.534815507886637e-12
106	0.12988271	5.006861250662865e-11
107	0.12913095	1.3163095384612555e-11
108	0.12783508	1.2196741991239872e-12
109	0.12771697	9.773240686625114e-13
110	0.12818245	2.3292973777924227e-12
111	0.12597451	3.4037684099094296e-14
112	0.12589971	2.9360638277004335e-14
113	0.12677171	1.614334484894544e-13
114	0.12801685	1.7125405613005558e-12
115	0.12782371	1.193980512600108e-12
116	0.12765453	8.69044957266284e-13
117	0.12813561	2.1355441673542674e-12
118	0.12807126	1.894983544800615e-12
119	0.12702984	2.6526165359743915e-13
120	0.12691807	2.1403232102550545e-13
121	0.12718167	3.5464575471129177e-13
122	0.12758597	7.637284541185009e-13
123	0.12666582	1.3154051310031063e-13
124	0.12769165	9.319024851170596e-13
125	0.12605512	3.990202527814042e-14
126	0.12741346	5.511513785708321e-13
127	0.12661107	1.1829667151057583e-13
128	0.12590031	2.939550593263532e-14
129	0.12755779	7.241793003381409e-13
130	0.12908083	1.2027405435757003e-11
131	0.12762953	8.290823523118397e-13
132	0.12807278	1.9003456575423774e-12
133	0.1296399	3.2637665384664737e-11
134	0.12551661	1.370724144375833e-14
135	0.12760661	7.940371410857745e-13
136	0.12803255	1.7633326475328773e-12
137	0.12832003	3.0039751554203634e-12
138	0.12757343	7.458733586352244e-13
139	0.12634405	7.033791966550846e-14
140	0.12638637	7.639866270684504e-14
141	0.12749904	6.480973372707557e-13
142	0.12922354	1.5544768397812468e-11
143	0.12943924	2.285666476210942e-11
144	0.1268575	1.9048080077059866e-13
145	0.12510439	5.987081230533587e-15
146	0.12679121	1.676262595498306e-13
147	0.12641226	8.035726751185498e-14
148	0.12856323	4.697211942912518e-12
149	0.12847189	3.9727845685924265e-12
150	0.1267875	1.664302770392612e-13
151	0.12720059	3.676820185835299e-13
152	0.1279301	1.456785624918118e-12
153	0.12807704	1.9154533481836614e-12
154	0.12565957	1.8230397026860366e-14
155	0.12795504	1.5261928062102697e-12
156	0.12777508	1.089967961794125e-12
157	0.12772271	9.879201976511138e-13
158	0.12664284	1.258126307441442e-13
159	0.12790814	1.398249408980702e-12
160	0.12783591	1.2215709817369925e-12
161	0.1284175	3.594844624166906e-12
162	0.12664055	1.2525548757985717e-13
163	0.12786743	1.2957915817302559e-12
164	0.12789826	1.3726742644347289e-12
165	0.12919377	1.4736184898146786e-11
166	0.12890921	8.8210044971062e-12
167	0.12712987	3.2123885250183477e-13
168	0.12617229	5.024233478794334e-14
169	0.12832114	3.0101333649457575e-12
170	0.12737305	5.104838150096676e-13
171	0.12665535	1.2889962689974803e-13
172	0.12818776	2.3523246374086035e-12
173	0.12857436	4.793914453465092e-12
174	0.12696361	2.3360764356333693e-13
175	0.12672008	1.461046796101722e-13
176	0.12661008	1.1806971612409188e-13
177	0.12733015	4.705425591246926e-13
178	0.12800675	1.6806291251953311e-12
179	0.12736561	5.033253236331764e-13
180	0.12752856	6.852870893215649e-13
181	0.12777787	1.09568639172163e-12
182	0.12595697	3.287899891318711e-14
183	0.12736029	4.982673170267402e-13
184	0.12592674	3.097262880055105e-14
185	0.12901324	1.0647016949751177e-11
186	0.12741075	5.483270668013275e-13
187	0.12775928	1.0581338771501503e-12
188	0.12626357	6.009102628127624e-14
189	0.12795651	1.5303837940646945e-12
190	0.12552659	1.3983343368366323e-14
191	0.12698175	2.4188723212135547e-13
192	0.12719896	3.6654058299229e-13
193	0.12719496	3.637542831015957e-13
194	0.12899755	1.0349551557056552e-11
195	0.1265603	1.0719449868944409e-13
196	0.12691903	2.1442779828718291e-13
197	0.12637173	7.424594256609368e-14
198	0.1276572	8.734234168529857e-13
199	0.12777938	1.098793616031654e-12
200	0.126329	6.82989182354326e-14
201	0.12743192	5.70774810284563e-13
202	0.12825617	2.6697886263250283e-12
203	0.12686362	1.9273946198588747e-13
204	0.12656785	1.0877801641664783e-13
205	0.12633236	6.87490235287433e-14
206	0.1269444	2.251440114059585e-13
207	0.12811833	2.0681444402799592e-12
208	0.12728757	4.339463976124504e-13
209	0.12734294	4.821170293469067e-13
210	0.12728961	4.3563395583850985e-13
211	0.12826926	2.7351677493767964e-12
212	0.12738598	5.23163833804465e-13
213	0.12794256	1.4910640906769342e-12
214	0.12671243	1.4395894416447282e-13
215	0.12725752	4.0982121991964496e-13
216	0.12748496	6.310661440049518e-13
217	0.12898174	1.0058073489248053e-11
218	0.12637638	7.492313384451023e-14
219	0.12876891	6.837457253005532e-12
220	0.12576504	2.2483403087766918e-14
221	0.13007285	6.983237769716712e-11
222	0.12815399	2.209606019796102e-12
223	0.1271345	3.240941085903179e-13
224	0.12981324	4.4314455624470394e-11
225	0.12796258	1.5478096788642185e-12
226	0.12964915	3.3176172852796925e-11
227	0.12813455	2.1313482033867024e-12
228	0.12788657	1.3430078303651869e-12
229	0.12643686	8.430567402781325e-14
230	0.12796174	1.5453866006576627e-12
231	0.1269617	2.327522854996448e-13
232	0.12704315	2.7211511729951604e-13
233	0.12820687	2.437064779005291e-12
234	0.1276152	8.069972079969497e-13
235	0.12809172	1.9684252681310648e-12
236	0.12818285	2.3310242617588077e-12
237	0.12773114	1.0036873754462315e-12
238	0.12731781	4.596348396391826e-13
239	0.12797445	1.5824523602136584e-12
240	0.12697663	2.395214802908099e-13
241	0.12696531	2.343715612394218e-13
242	0.12820069	2.4093372321332856e-12
243	0.12760043	7.848400718284621e-13
244	0.12509299	5.850748114384694e-15
245	0.12896089	9.68597823474835e-12
246	0.12762294	8.188530407868444e-13
247	0.12711664	3.1321593960065655e-13
248	0.12690011	2.0676469154636175e-13
249	0.12571598	2.0395492757927253e-14
250	0.12744061	5.802490686158715e-13
251	0.12616203	4.9240172007233716e-14
252	0.12632837	6.821484751331145e-14
253	0.12699335	2.4733262416516405e-13
254	0.12723512	3.9270171343716944e-13
255	0.1267299	1.4890532169999336e-13
256	0.12712834	3.203007804743386e-13
257	0.12514405	6.486263337267342e-15
258	0.12430884	1.1804220364724138e-15
259	0.12685825	1.90756189123269e-13
260	0.12819684	2.392220707505004e-12
261	0.12917996	1.437525896989642e-11
262	0.12688279	1.9998653600648525e-13
263	0.12704244	2.717451665254072e-13
264	0.12814379	2.168198799839323e-12
265	0.1284754	3.998473752370582e-12
266	0.12713473	3.2423659619721777e-13
267	0.12971492	3.72647492897473e-11
268	0.12728296	4.301565220869576e-13
269	0.12724926	4.034245253548247e-13
270	0.12746933	6.126758449547836e-13
271	0.12814163	2.1595286433301432e-12
272	0.12710222	3.046960919794703e-13
273	0.12696439	2.3395784194774375e-13
274	0.12879722	7.198727168881072e-12
275	0.12800864	1.6865558427015852e-12
276	0.12761062	8.00061484965402e-13
277	0.12828752	2.8290062179415557e-12
278	0.12713528	3.2457757766361955e-13
279	0.12902867	1.0947739502169348e-11
280	0.12791015	1.4035095561025446e-12
281	0.12684433	1.857083235344116e-13
282	0.12621721	5.487201312381557e-14
283	0.12864528	5.4577195851702156e-12
284	0.12792007	1.4297566099704641e-12
285	0.12644769	8.610399383259332e-14
286	0.12675794	1.5719673307324393e-13
287	0.12784419	1.240652733910707e-12
288	0.12795792	1.5344143598230689e-12
289	0.1284805	4.0360912146954794e-12
290	0.12612801	4.605618525663343e-14
291	0.12820389	2.423655576972886e-12
292	0.12866045	5.611026480692068e-12
293	0.12557343	1.5354284960560764e-14
294	0.12824461	2.613330890830374e-12
295	0.12756286	7.311429041662123e-13
296	0.12719737	3.6543052073716045e-13
297	0.12773708	1.0149458203163726e-12
298	0.12923216	1.578692421156521e-11
299	0.126186	5.161293527955858e-14
300	0.12789166	1.3558466786180194e-12
301	0.12651282	9.774419350126831e-14
302	0.12650907	9.703379985284711e-14
303	0.12723949	3.959853013405831e-13
304	0.12787454	1.3131373325637089e-12
305	0.125753	2.1952266681174516e-14
306	0.12911019	1.2680445748262304e-11
307	0.12617894	5.090259906749196e-14
308	0.12866194	5.6263106627060755e-12
309	0.12649241	9.393879409640753e-14
310	0.12767172	8.976172002739116e-13
311	0.12668494	1.3650152752299732e-13
312	0.12765822	8.751018124676477e-13
313	0.12651754	9.864563274339859e-14
314	0.1263461	7.06202610724054e-14
315	0.12997711	5.907675850386185e-11
316	0.12647058	9.003021048695606e-14
317	0.12807788	1.9184462448754307e-12
318	0.12754252	7.035981483098479e-13
319	0.12552185	1.3851531253920537e-14
320	0.12788423	1.3371457034939083e-12
321	0.12775081	1.04144697216299e-12
322	0.12745569	5.970588402398221e-13
323	0.12825648	2.6713190304182412e-12
324	0.12844645	3.7913815354970294e-12
325	0.12741566	5.534547072756739e-13
326	0.12508005	5.699708943587219e-15
327	0.12704474	2.729453990838375e-13
328	0.12763344	8.352109867387244e-13
329	0.12825708	2.6742835542846678e-12
330	0.12993608	5.4981306017122036e-11
331	0.12632645	6.795926072564729e-14
332	0.12745939	6.012559607453973e-13
333	0.1287401	6.488110433359265e-12
334	0.12655608	1.0631932796889904e-13
335	0.12739503	5.322228481261887e-13
336	0.12523867	7.849202952352272e-15
337	0.12862386	5.248239684133048e-12
338	0.12930522	1.7993769733918107e-11
339	0.12953128	2.692155705591318e-11
340	0.12800513	1.6755653938148578e-12
341	0.12810618000000001	2.022011369036715e-12
342	0.12651131	9.74575272628844e-14
343	0.12849265	4.1271168373517696e-12
344	0.12728843	4.346570328792294e-13
345	0.1295843	2.957696758652801e-11
346	0.1268016	1.7102090638332078e-13
347	0.12734867	4.873929687197445e-13
348	0.12644963	8.643010029412261e-14
349	0.1268355	1.8257472994470814e-13
350	0.12715269	3.355556421200925e-13
351	0.12652939	1.0094504848625455e-13
352	0.12622367	5.557151784810414e-14
353	0.12690518	2.0879130408717322e-13
354	0.12797324	1.5788863346539278e-12
355	0.12751035	6.621049686125187e-13
356	0.12877061	6.858639170096805e-12
357	0.12951896	2.6338869474716313e-11
358	0.12798919	1.626534451136702e-12
359	0.12798229	1.6057506179932138e-12
360	0.12731022	4.5304987045460033e-13
361	0.12735517	4.934467361305626e-13
362	0.12868587	5.877461559212245e-12
363	0.12970717	3.675839340429113e-11
364	0.1271597	3.400784246768668e-13
365	0.12867408	5.7523753946057185e-12
366	0.12683236	1.8147301028964366e-13
367	0.1267908	1.6749367387006114e-13
368	0.12764294	8.502879375491822e-13
369	0.12735063	4.892106697953671e-13
370	0.12747195	6.157213067304807e-13
371	0.12740857	5.460654574744821e-13
372	0.1268856	2.0107115370326678e-13
373	0.12812118	2.0791148044774575e-12
374	0.12755509	7.204975575318406e-13
375	0.12735365	4.920244872694639e-13
376	0.12756411	7.32869873160509e-13
377	0.12853324	4.446088790896918e-12
378	0.12772543	9.929807651304098e-13
379	0.12631018	6.583098616513273e-14
380	0.12829026	2.84335764336229e-12
381	0.12860502	5.070538309766233e-12
382	0.12777064	1.0809281720107018e-12
383	0.12698979	2.456487333572853e-13
384	0.12981722	4.462582800929732e-11
385	0.12879839	7.21405467698098e-12
386	0.12779263	1.1264335372246152e-12
387	0.12851483	4.298519922905474e-12
388	0.12666945	1.3246851208443604e-13
389	0.12710339	3.0537877482435706e-13
390	0.1286938	5.963094875417634e-12
391	0.1267371	1.509922939669635e-13
392	0.12920314	1.4986123653168898e-11
393	0.12782902	1.2059129562434182e-12
394	0.12589759	2.923776562082435e-14
395	0.12622446	5.565766206307684e-14
396	0.12887102	8.231034596355898e-12
397	0.1264907	9.362668009360613e-14
398	0.12825843	2.680965568286243e-12
399	0.12643658	8.425967446058966e-14
400	0.12758813	7.668461667913421e-13
401	0.1272153	3.7814257433109635e-13
402	0.12893824	9.297080237059752e-12
403	0.12853615	4.4698658637041704e-12
404	0.12899853	1.036788979509237e-11
405	0.12829883	2.888708891932966e-12
406	0.12754023	7.005617152509158e-13
407	0.12686521	1.9333057643273632e-13
408	0.12758635	7.642760346880551e-13
409	0.12806219	1.863295265747941e-12
410	0.1264552	8.737317653041854e-14
411	0.12762328	8.193777521259969e-13
412	0.12899927	1.038175818594476e-11
413	0.1288882	8.491476333080533e-12
414	0.12709529	3.0068322108294395e-13
415	0.12765082	8.629968764444761e-13
416	0.12606723	4.086513498691023e-14
417	0.12773445	1.009945770267122e-12
418	0.12668901	1.3758112360167157e-13
419	0.12768015	9.119649884872101e-13
420	0.127201	3.6796967872062195e-13
421	0.127606	7.931246411478231e-13
422	0.12612375	4.567207132505245e-14
423	0.12746652	6.094260108559522e-13
424	0.12858768	4.9122197569671784e-12
425	0.12885897	8.053061493979058e-12
426	0.12736439	5.021609558717676e-13
427	0.12771076	9.6598626754786e-13
428	0.12682028	1.7729528859171528e-13
429	0.12582895	2.5522223396849717e-14
430	0.1270779	2.908411916357902e-13
431	0.12757081	7.421950957390823e-13
432	0.12677769	1.6330821499496175e-13
433	0.12646614	8.925508830502617e-14
434	0.12759768	7.807813134927606e-13
435	0.12753085	6.88258339059366e-13
436	0.12654271	1.035928117811781e-13
437	0.12795409	1.523490353818936e-12
438	0.12598397	3.4679230212725857e-14
439	0.12473467	2.8266507767229848e-15
440	0.12906572	1.170431470842913e-11
441	0.12743585	5.750404709201503e-13
442	0.12516997	6.8344796955416104e-15
443	0.12730971	4.526107481774521e-13
444	0.12880016	7.237303424863159e-12
445	0.12819628	2.389741015551235e-12
446	0.12820615	2.433818301921847e-12
447	0.12718601	3.575952690264801e-13
448	0.1262985	6.434378179863739e-14
449	0.12798492	1.6136415725447158e-12
450	0.12791731	1.4224058926475476e-12
451	0.12623218	5.650643680354354e-14
452	0.12556999	1.524924098994846e-14
453	0.12697002	2.365009404236326e-13
454	0.12764135	8.477459967977918e-13
455	0.12536136	1.0044404797873769e-14
456	0.12736715	5.04798895709744e-13
457	0.12867228	5.733509943809175e-12
458	0.12721399	3.7719924281161693e-13
459	0.12717192	3.4810663928581226e-13
460	0.12729952	4.439242410216225e-13
461	0.12859609	4.988388729892243e-12
462	0.12786924	1.300185795030158e-12
463	0.12615136	4.821887018643459e-14
464	0.12477617	3.0761869156726027e-15
465	0.12748289	6.285997070801468e-13
466	0.12769858	9.44123502993741e-13
467	0.12781417	1.1728337605082671e-12
468	0.12735112	4.896661370441908e-13
469	0.12663698	1.2439177450857096e-13
470	0.1277789	1.097804950104136e-12
471	0.12673182	1.4945905191373739e-13
472	0.12766175	8.809349185222418e-13
473	0.12740022	5.374875192551469e-13
474	0.12699433	2.4779815967436154e-13
475	0.12679396	1.6851823063937777e-13
476	0.12754066	7.011308897575256e-13
477	0.12916686	1.4040920103416434e-11
478	0.12798904	1.6260798268727326e-12
479	0.12694741	2.264499260627001e-13
480	0.12799873	1.6557069025784765e-12
481	0.12638172	7.57083251577167e-14
482	0.12595028	3.2447384414314917e-14
483	0.12815161	2.199875305962337e-12
484	0.1276753	9.036829826903967e-13
485	0.12856029	4.671989716011311e-12
486	0.12727072	4.2025147371493e-13
487	0.12741057	5.481399796361745e-13
488	0.12828373	2.8092725133364557e-12
489	0.12781943	1.184447283617436e-12
490	0.12846266	3.9060034247902225e-12
491	0.12682631	1.793687075819237e-13
492	0.12730611	4.4952296007193473e-13
493	0.12698592	2.43831021909883e-13
494	0.12747668	6.212571984014061e-13
495	0.12722303	3.8375644012427763e-13
496	0.1271446	3.3040965584152233e-13
497	0.12670576	1.4211344950119824e-13
498	0.12895175	9.52715871214287e-12
499	0.12787791	1.321438492089622e-12
500	0.12593572	3.1527248565944845e-14
501	0.12823921	2.5873618833005885e-12
502	0.12759545	7.775052059295193e-13
503	0.12850207	4.199076056399219e-12
504	0.12737862	5.15908591125856e-13
505	0.12660913	1.178523341426584e-13
506	0.12673295	1.497858932185558e-13
507	0.12832234	3.0168048547907835e-12
508	0.12777319	1.086110884634542e-12
509	0.12879784	7.2068454476382805e-12
510	0.12747666	6.212336879792942e-13
511	0.12799402	1.6412403838779516e-12
512	0.12620222	5.328213011024186e-14
513	0.12972245	3.776328509262641e-11
514	0.12510914	6.044807914863963e-15
515	0.12754547	7.075288118919756e-13
516	0.12718037	3.5376693236597415e-13
517	0.12708296	2.9367174036466156e-13
518	0.12694822	2.2680262401344182e-13
519	0.12626011	5.968516853623991e-14
520	0.12687562	1.97245073918524e-13
521	0.12863692	5.375001607067691e-12
522	0.126732	1.4951106803303375e-13
523	0.1272209	3.822013997068181e-13
524	0.12642025	8.16192822898707e-14
525	0.12802069	1.724828997139196e-12
526	0.127145	3.3066225618624784e-13
527	0.1276577	8.742457635160679e-13
528	0.12609336	4.3022035262126433e-14
529	0.12698139	2.417201405130128e-13
530	0.12684353	1.8542224987091925e-13
531	0.12628591	6.2777794029838e-14
532	0.12615422	4.849055389678796e-14
533	0.12834288	3.1332791354282887e-12
534	0.12668864	1.374826318080139e-13
535	0.1279546	1.5249405581848509e-12
536	0.1252773	8.483668191385195e-15
537	0.12828439	2.8126992280438925e-12
538	0.12607677	4.163996342561631e-14
539	0.12754157	7.023369233737813e-13
540	0.12856146	4.682011143135145e-12
541	0.12885623	8.013123661578755e-12
542	0.12763541	8.383156871236823e-13
543	0.12824595	2.619814648522879e-12
544	0.1270917	2.986249180733818e-13
545	0.12805338	1.833014664685603e-12
546	0.12657503	1.1030530997941453e-13
547	0.13003332	6.517675007752992e-11
548	0.12774313	1.0265405040749458e-12
549	0.12402248	6.527227467281208e-16
550	0.12725126	4.049642812159737e-13
551	0.12674619	1.5366830165178219e-13
552	0.12936369	1.9975734227859008e-11
553	0.12742136	5.59466602582954e-13
554	0.12741043	5.479945108498016e-13
555	0.12749739	6.460783216311861e-13
556	0.12823419	2.5634480561304686e-12
557	0.12624712	5.818542005019372e-14
558	0.12680952	1.7365396143693477e-13
559	0.12716078	3.40780546959476e-13
560	0.12879732	7.200035960540378e-12
561	0.12825967	2.6871175881827513e-12
562	0.12925874	1.6557180133343165e-11
563	0.12712683	3.1937761637602687e-13
564	0.12751595	6.6915056728896e-13
565	0.12531449	9.14220844036603e-15
566	0.12739636	5.335671248984882e-13
567	0.12750685	6.577386096534636e-13
568	0.12738242	5.1964204652393e-13
569	0.12729204	4.3765257090738743e-13
570	0.12738822	5.253918247354745e-13
571	0.12677426	1.6223028130492433e-13
572	0.12666769	1.3201777024601286e-13
573	0.1264677	8.95266760150697e-14
574	0.12753358	6.918170588069394e-13
575	0.12767134	8.969757037196024e-13
576	0.12855878	4.659087243358679e-12
577	0.12619023	5.204320636764259e-14
578	0.1298346	4.601088248650246e-11
579	0.12766922	8.934051006850113e-13
580	0.12689263	2.0381007886395647e-13
581	0.12741471	5.524589277138044e-13
582	0.12888964	8.513670367813871e-12
583	0.12742354	5.617828472818341e-13
584	0.12560077	1.6214921103311526e-14
585	0.12784931	1.2525985243689346e-12
586	0.12722619	3.860749340143488e-13
587	0.12717281	3.486985843527254e-13
588	0.12640689	7.951990865305648e-14
589	0.12818347	2.333703420836133e-12
590	0.12736472	5.024756458704302e-13
591	0.12783697	1.2239976000692251e-12
592	0.12868608	5.879713617404178e-12
593	0.12696621	2.347769839991321e-13
594	0.1263533	7.162078088976833e-14
595	0.12782186	1.1898506115201201e-12
596	0.12760669	7.941568898345829e-13
597	0.12973576	3.866055296242165e-11
598	0.12741497	5.527312813969304e-13
599	0.12958465	2.959532378686823e-11
600	0.12747075	6.143245933479524e-13
601	0.12783679	1.2235851987041986e-12
602	0.12661912	1.2015814919215383e-13
603	0.12850016	4.184386595214426e-12
604	0.12749669	6.452236414722717e-13
605	0.12732822	4.688199084575428e-13
606	0.12744328	5.831910039679512e-13
607	0.12594646	3.220344336272464e-14
608	0.12702969	2.6518539413359367e-13
609	0.12616966	4.9983544417525603e-14
610	0.12609552	4.320527558763013e-14
611	0.12716709	3.449113916117304e-13
612	0.12879577	7.1797759425630804e-12
613	0.12756479	7.338110300278735e-13
614	0.12696681	2.3504764958284737e-13
615	0.12716778	3.453660807722094e-13
616	0.12829735	2.8808264371650257e-12
617	0.12728941	4.3546822362957357e-13
618	0.12697322	2.379585137025723e-13
619	0.12690996	2.1071991311314219e-13
620	0.12846234	3.9037080582807054e-12
621	0.12746792	6.11043018245262e-13
622	0.12768292	9.167285950577302e-13
623	0.12693902	2.2282830791575195e-13
624	0.12747806	6.228815347402965e-13
625	0.12685119	1.8817932472729298e-13
626	0.12785675	1.2701592399128312e-12
627	0.12796347	1.5503810663574848e-12
628	0.12926467	1.6733995498234008e-11
629	0.12721568	3.784166469454212e-13
630	0.12632645	6.795926072564729e-14
631	0.12642304	8.206454693829736e-14
632	0.12724445	3.9974497979139686e-13
633	0.12703474	2.6776470990940715e-13
634	0.12776985	1.079327491050746e-12
635	0.12617995	5.100362538203474e-14
636	0.12867563	5.7686695254309345e-12
637	0.12813921	2.1498553611657092e-12
638	0.12636234	7.289679551836719e-14
639	0.12851035	4.263344492435123e-12
640	0.12724734	4.0195178442852424e-13
641	0.12568824	1.9300835851267643e-14
642	0.12652475	1.0003846071279326e-13
643	0.12980109	4.337703747188597e-11
644	0.12971318	3.715047168050405e-11
645	0.1274643	6.06870532004474e-13
646	0.12783751	1.2252356250232661e-12
647	0.12809726	1.9887883535248596e-12
648	0.12735633	4.945348593579593e-13
649	0.12678145	1.6449796601599725e-13
650	0.12745835	6.00073303459253e-13
651	0.12561557	1.6700489905572073e-14
652	0.12807241	1.8990390335757948e-12
653	0.12711028	3.094296850904832e-13
654	0.12801605	1.7099913327414135e-12
655	0.12787394	1.3116647720529952e-12
656	0.1277295	1.0006006957047461e-12
657	0.12819795	2.3971432932800565e-12
658	0.12780064	1.1434733104927482e-12
659	0.12799241	1.636323929826128e-12
660	0.12809243	1.9710234743720146e-12
661	0.12645524	8.737998562015038e-14
662	0.12771647	9.764063747838831e-13
663	0.12668184	1.3568483578403936e-13
664	0.12670201	1.4108613654845603e-13
665	0.12709772	3.0208436972171044e-13
666	0.12677173	1.614396831283725e-13
667	0.12824397	2.610239742185393e-12
668	0.1268897	2.02664096517181e-13
669	0.12759302	7.739506823768726e-13
670	0.12760934	7.981336301312285e-13
671	0.12810241	2.007903715708936e-12
672	0.12561937	1.6827460202720995e-14
673	0.12677773	1.633208271889555e-13
674	0.12688344	2.002369126091626e-13
675	0.12768753	9.247108268696872e-13
676	0.1269175	2.1379784649041966e-13
677	0.12696013	2.3205150114588225e-13
678	0.1284896	4.104078817947952e-12
679	0.12704742	2.7435051925441183e-13
680	0.12755121	7.152390016950715e-13
681	0.12731752	4.593815170676493e-13
682	0.12776438	1.0683081110081693e-12
683	0.12838068	3.35929848877291e-12
684	0.12646913	8.977634691434293e-14
685	0.12812121	2.0792305859009425e-12
686	0.1283822	3.3687147902422665e-12
687	0.12832731	3.0445911094051687e-12
688	0.1267571	1.5694185987916832e-13
689	0.12871141	6.15766850233377e-12
690	0.1290937	1.230949601476062e-11
691	0.12704513	2.731494339221182e-13
692	0.1280513	1.825936499130909e-12
693	0.12800965	1.6897314557154468e-12
694	0.12745897	6.007780731625749e-13
695	0.12828798	2.8314105955040673e-12
696	0.12685583	1.898690090876474e-13
697	0.12879126	7.121143961101206e-12
698	0.12897139	9.871641770469247e-12
699	0.12645882	8.799152222439399e-14
700	0.12782778	1.2031160131601085e-12
701	0.12806675	1.8791610383245767e-12
702	0.12681794	1.7649705419114556e-13
703	0.12783366	1.216435819739495e-12
704	0.1290166	1.0711802508382199e-11
705	0.1290786	1.1979176993451966e-11
706	0.1268434	1.8537580392951396e-13
707	0.12731228	4.548278536583945e-13
708	0.12727185	4.211564189898922e-13
709	0.12741403	5.517472426200298e-13
710	0.12797808	1.5931980499007462e-12
711	0.12877173	6.872629541312375e-12
712	0.12647515	9.083495684838833e-14
713	0.12826211	2.6992637428488456e-12
714	0.12803751	1.7796849923498603e-12
715	0.12797479	1.5834558092857155e-12
716	0.12870834	6.1233045274301615e-12
717	0.12740008	5.373448343775241e-13
718	0.12597753	3.424120818273834e-14
719	0.12847416	3.989379768233063e-12
720	0.12484367	3.5292972968633235e-15
721	0.12659543	1.147609694221616e-13
722	0.1272286	3.8785241949604794e-13
723	0.12925244	1.6371342447041312e-11
724	0.1275837	7.604654157312861e-13
725	0.12776662	1.072807166431545e-12
726	0.12595103	3.249549219222423e-14
727	0.12651187	9.756374376434256e-14
728	0.12908374	1.2090627249956373e-11
729	0.12766747	8.904682125292428e-13
730	0.12775236	1.044481173016891e-12
731	0.12955977	2.8317919825319837e-11
732	0.12844396	3.774070142582049e-12
733	0.12717977	3.5336204579015863e-13
734	0.12833251	3.073932659996709e-12
735	0.12752345	6.787023728662865e-13
736	0.12777177	1.0832218151511176e-12
737	0.12728299	4.3018107937201517e-13
738	0.12616411	4.944173362304514e-14
739	0.12580006	2.410140738531646e-14
740	0.12636276	7.295662108811701e-14
741	0.12740477	5.421451405028829e-13
742	0.12699289	2.4711440471784983e-13
743	0.12672437	1.473217348880357e-13
744	0.12764707	8.569256934755805e-13
745	0.1274232	5.614209776665085e-13
746	0.12741393	5.51642659209866e-13
747	0.1263824	7.580889252681525e-14
748	0.12673504	1.5039226208423635e-13
749	0.12641014	8.002565674850508e-14
750	0.12774749	1.0349770695184983e-12
751	0.12664283	1.2581019250333482e-13
752	0.12780219	1.1467998159430246e-12
753	0.12853147	4.431687311783063e-12
754	0.12771899	9.81040202172376e-13
755	0.12649358	9.415293645962695e-14
756	0.12704737	2.7432423921379025e-13
757	0.128915	8.91400430029028e-12
758	0.1267687	1.604978350368238e-13
759	0.12726583	4.163574054912228e-13
760	0.12766092	8.795599631716312e-13
761	0.12861803	5.192606120279603e-12
762	0.12780501	1.152876351924955e-12
763	0.12623236	5.6526378377326076e-14
764	0.12896711	9.795543389173815e-12
765	0.1273601	4.980876026380594e-13
766	0.12799916	1.6570338575854757e-12
767	0.12868263	5.842822779047728e-12
768	0.12778466	1.1097269409283203e-12
769	0.12795872	1.5367058477749282e-12
770	0.12689172	2.0345347761957325e-13
771	0.12776349	1.0665256989720692e-12
772	0.12756769	7.378381618889007e-13
773	0.12742385	5.62112987368482e-13
774	0.12856797	4.738158504933653e-12
775	0.12657435	1.1015976241844955e-13
776	0.12592882	3.110023045403294e-14
777	0.1272316	3.9007632066056667e-13
778	0.12804556	1.8065426746638507e-12
779	0.12850572	4.2272886948663345e-12
780	0.12653165	1.0138954713799954e-13
781	0.1275587	7.254243520788423e-13
782	0.12836142	3.242202470217154e-12
783	0.12734031	4.797143059662614e-13
784	0.12791689	1.4212905699479565e-12
785	0.12762455	8.213406318904151e-13
786	0.12690139	2.0727450499058264e-13
787	0.12700228	2.5160673891178744e-13
788	0.12614919	4.801373453271988e-14
789	0.1259194	3.052645474878083e-14
790	0.12851711	4.316531103994357e-12
791	0.12743903	5.785150348008228e-13
792	0.1290633	1.1653367171956713e-11
793	0.1279736	1.579946473898952e-12
794	0.12783115	1.2107323256449666e-12
795	0.12794362	1.4940165999154448e-12
796	0.12537956	1.041794297744311e-14
797	0.12839322	3.4377635293162883e-12
798	0.12796408	1.5521459051240162e-12
799	0.12787997	1.3265381983608157e-12
800	0.1272731	4.2215970020688504e-13
801	0.12928978	1.7503478098633694e-11
802	0.12797989	1.5985828843913328e-12
803	0.12555905	1.4919867587406485e-14
804	0.12729336	4.387529603767346e-13
805	0.12583902	2.603663516194722e-14
806	0.127415	5.527627153274132e-13
807	0.12804212	1.7950171605110627e-12
808	0.12672141	1.4648093158284418e-13
809	0.12696258	2.3314599319653547e-13
810	0.12733375	4.737724657664287e-13
811	0.12554478	1.4500767115114643e-14
812	0.12629873	6.437274527354182e-14
813	0.12683965	1.840409405112614e-13
814	0.12682519	1.7898179662050468e-13
815	0.12797909	1.5962006424419083e-12
816	0.12550648	1.3432491765758879e-14
817	0.12754905	7.123279483453906e-13
818	0.12746221	6.044743410851568e-13
819	0.12868216	5.83781471126955e-12
820	0.12651122	9.744046738797474e-14
821	0.12667662	1.3432049959141926e-13
822	0.12866469	5.654627262180635e-12
823	0.12922507	1.558748173339865e-11
824	0.12730084	4.4504015665071774e-13
825	0.1290336	1.104556996700376e-11
826	0.12842721	3.659621081084292e-12
827	0.12872491	6.3110434516836745e-12
828	0.1276968	9.409695103521521e-13
829	0.12831217	2.960721454511791e-12
830	0.1265833	1.1209066666237267e-13
831	0.1293544	1.9647087605847944e-11
832	0.1264579	8.783396597714292e-14
833	0.12653535	1.0212143428307835e-13
834	0.12767768	9.077378497962082e-13
835	0.1280491	1.8184792380125595e-12
836	0.1283362	3.0949223744962588e-12
837	0.12752864	6.853906752537568e-13
838	0.12728139	4.288732822462442e-13
839	0.1274754	6.197542959323784e-13
840	0.12762078	8.155272971314554e-13
841	0.12786512	1.290204718715047e-12
842	0.12911343	1.2754611083416508e-11
843	0.12812922	2.1103722308334014e-12
844	0.12753622	6.952756843502096e-13
845	0.12750963	6.612044211308531e-13
846	0.12709738	3.0188793796132567e-13
847	0.12602505	3.7606290633027393e-14
848	0.12678765	1.6647846861569487e-13
849	0.12706065	2.8139207536114144e-13
850	0.12862255	5.235688018890893e-12
851	0.12800185	1.6653588194112826e-12
852	0.12763231	8.33435228810136e-13
853	0.12828847	2.8339739908564123e-12
854	0.12774229	1.0249229042468261e-12
855	0.12646281	8.867806709648782e-14
856	0.1271679	3.4544521738821284e-13
857	0.12681372	1.750664447556673e-13
858	0.12829215	2.853298687032713e-12
859	0.12777825	1.0964675269882557e-12
860	0.12933142	1.8856777299294968e-11
861	0.12701799	2.5930322017763276e-13
862	0.12524385	7.931480429024961e-15
863	0.12846842	3.947547670839986e-12
864	0.1288188	7.48665252853124e-12
865	0.12717502	3.5017276106583673e-13
866	0.12762628	8.240219246308554e-13
867	0.12818932	2.3591321594740815e-12
868	0.12782856	1.2048746348211133e-12
869	0.12726952	4.19292566313531e-13
870	0.12632302	6.750501325948257e-14
871	0.12767139	8.970600853730978e-13
872	0.12795094	1.5145632351100226e-12
873	0.12794004	1.484067945969286e-12
874	0.12704439	2.7276241872134163e-13
875	0.1281525	2.2035091582680896e-12
876	0.12968535	3.5368746859991335e-11
877	0.12698315	2.425381151626309e-13
878	0.1264871	9.297293529658473e-14
879	0.12539423	1.0728981625530954e-14
880	0.12817719	2.3067055872822534e-12
881	0.12770425	9.542397308641308e-13
882	0.12603048	3.801098712675129e-14
883	0.12651325	9.782597886069095e-14
884	0.12621522	5.465828538569887e-14
885	0.12694623	2.2593708590690212e-13
886	0.12687124	1.9558862618576716e-13
887	0.12702572	2.6317489145657064e-13
888	0.12917722	1.4304688017476097e-11
889	0.12687314	1.9630548663641202e-13
890	0.12632897	6.829491255245914e-14
891	0.12742692	5.653927694212431e-13
892	0.12864758	5.480695566277807e-12
893	0.12861063	5.122824906365136e-12
894	0.12749806	6.468974165414488e-13
895	0.12805711	1.845775388774745e-12
896	0.12545475	1.2111971909424778e-14
897	0.12787059	1.3034727906527683e-12
898	0.12623934	5.730504296206672e-14
899	0.12558378	1.5674657391694685e-14
900	0.12794883	1.5086122874459365e-12
901	0.12697567	2.390804463194851e-13
902	0.1274452	5.853156253291169e-13
903	0.12826908	2.7342581354088614e-12
904	0.12712372	3.1748451448398357e-13
905	0.12749241	6.400220396258652e-13
906	0.12613347	4.655316123974391e-14
907	0.12632454	6.770594190558045e-14
908	0.12706105	2.8160772149330264e-13
909	0.1280875	1.953051788933469e-12
910	0.12765876	8.759916596431805e-13
911	0.12685135	1.8823734230673022e-13
912	0.12821446	2.471548229775804e-12
913	0.12822695	2.5293411868875484e-12
914	0.12748544	6.316394308007733e-13
915	0.12683357	1.8189678039128663e-13
916	0.12689992	2.0668912148804903e-13
917	0.12660003	1.1578992788170632e-13
918	0.12690994	2.1071180716963498e-13
919	0.1251641	6.754038899927874e-15
920	0.12826467	2.71206529376406e-12
921	0.1257522	2.1917417080548467e-14
922	0.12772227	9.871039650673315e-13
923	0.12783503	1.2195600277127515e-12
924	0.1285744	4.7942654968694434e-12
925	0.12776005000000001	1.0596638523864657e-12
926	0.12706086	2.8150526929081645e-13
927	0.12558048	1.5571799963681123e-14
928	0.12758663	7.646797623890157e-13
929	0.12821935	2.4940185639524087e-12
930	0.12851007	4.261155448955823e-12
931	0.12519683	7.214791270985696e-15
932	0.12846835	3.947040194528597e-12
933	0.12924867	1.6261116115976407e-11
934	0.12673924	1.5161812628026225e-13
935	0.12523661	7.816717196807033e-15
936	0.12717994	3.5347671729471606e-13
937	0.12930939	1.8128483457657946e-11
938	0.12536446	1.0107082075738913e-14
939	0.12659136	1.138580824334409e-13
940	0.12673904	1.5155952916422818e-13
941	0.12799857	1.655213418802408e-12
942	0.12865914	5.59762242931775e-12
943	0.12833181	3.0699666980334155e-12
944	0.12736122	4.991478931831799e-13
945	0.12694673	2.2615425121184386e-13
946	0.12973894	3.8878003703157846e-11
947	0.12876122	6.7424406477702014e-12
948	0.12641508	8.080047251505029e-14
949	0.12724413	3.9950136266284916e-13
950	0.12758844	7.672946431216157e-13
951	0.12783765	1.2255567955523818e-12
952	0.12673607	1.5069198373165444e-13
953	0.12747574	6.201531549267082e-13
954	0.12794172	1.4887284443816638e-12
955	0.12785676	1.2701830052855543e-12
956	0.12805408	1.835402804886296e-12
957	0.12620254	5.331559096665725e-14
958	0.12719904	3.6659652284491747e-13
959	0.12817813	2.310727025974825e-12
960	0.12774912	1.0381485994835052e-12
961	0.12728317	4.3032845207706295e-13
962	0.12781699	1.179046017457909e-12
963	0.12855798	4.652265698389505e-12
964	0.1283528	3.191104128863145e-12
965	0.12709455	3.002578067575226e-13
966	0.12627741	6.174184494227139e-14
967	0.1267141	1.4442469399660682e-13
968	0.12576025	2.2270593924460305e-14
969	0.13082516	2.5510102036140976e-10
970	0.12736711	5.047605674300617e-13
971	0.12719816	3.6598164663128824e-13
972	0.12758705	7.652857476010891e-13
973	0.12753209	6.898725145203826e-13
974	0.12843418	3.706824934130975e-12
975	0.12960178	3.050752644832428e-11
976	0.12762969	8.293322695408862e-13
977	0.12898362	1.0092306696891613e-11
978	0.12889265	8.560246320528672e-12
979	0.12784912	1.25215320814854e-12
980	0.12876529	6.792566212150906e-12
981	0.12797191	1.5749757747834619e-12
982	0.12665684	1.29272241324951e-13
983	0.12765223	8.652905767248245e-13
984	0.12712955	3.2104243090370274e-13
985	0.12646627	8.927768956160437e-14
986	0.126199	5.294658059436667e-14
987	0.12854828	4.570331682131865e-12
988	0.12625308	5.886885613794514e-14
989	0.1281222	2.0830549329979965e-12
990	0.12593048	3.12024382866044e-14
991	0.12770021	9.47020835162834e-13
992	0.12788077	1.3285238832355266e-12
993	0.12778368	1.107689589861519e-12
994	0.12836567	3.2676912662107715e-12
995	0.12573224	2.1065371888593607e-14
996	0.12738169	5.189227716845595e-13
997	0.1301127	7.485543381044974e-11
998	0.12667071	1.3279213344685615e-13
999	0.12628516	6.268570162495296e-14
