Dataset	Random-mean	P-value
0	0.52347874	1.4929399295009073e-29
1	0.51662073	1.6812134583029377e-32
2	0.51900227	1.8181633301753801e-31
3	0.51587157	7.910561175099227e-33
4	0.51900299	1.8194658436292569e-31
5	0.52110407	1.4565812124859624e-30
6	0.51777004	5.320295412374951e-32
7	0.51698117	2.414283672820194e-32
8	0.51680006	2.0130153255813404e-32
9	0.51740212	3.6816113735177284e-32
10	0.51908469	1.9734624746715366e-31
11	0.52177579	2.8207029140522232e-30
12	0.52544853	1.0089344117881459e-28
13	0.51077701	4.4207930631493013e-35
14	0.51706848	2.63525777496961e-32
15	0.52241959	5.3042149027916656e-30
16	0.52089517	1.185479456574706e-30
17	0.51960263	3.3008519720805443e-31
18	0.51624934	1.1572733810207109e-32
19	0.51615765	1.0552523281043762e-32
20	0.5155531	5.737411416510897e-33
21	0.5183213	9.226659234173081e-32
22	0.51860832	1.2283311571237905e-31
23	0.51944995	2.836776111630097e-31
24	0.52456558	4.294127182642165e-29
25	0.52119089	1.5866526750189156e-30
26	0.51452878	2.0362640144018017e-33
27	0.51343165	6.682303666898015e-34
28	0.51541166	4.9740075114950545e-33
29	0.51841566	1.013716398333047e-31
30	0.51763843	4.664088512506503e-32
31	0.51981835	4.088087294058254e-31
32	0.52131245	1.7884155676681832e-30
33	0.51571782	6.774648868987495e-33
34	0.52254077	5.972462005769432e-30
35	0.5229941	9.304129541919636e-30
36	0.51959981	3.29163070553556e-31
37	0.51917321	2.154989213031677e-31
38	0.51592751	8.369325907926361e-33
39	0.52012339	5.530015054199528e-31
40	0.52129197	1.7527175633310807e-30
41	0.51836069	9.596398175039299e-32
42	0.51725131	3.165366886975204e-32
43	0.52012744	5.552226003842249e-31
44	0.51866188	1.2956517596682806e-31
45	0.52244186	5.421178356187446e-30
46	0.51875789	1.4256526601767198e-31
47	0.52321745	1.1571210197968111e-29
48	0.51897279	1.765622339234046e-31
49	0.51964304	3.435850639007286e-31
50	0.51943097	2.7838261068119307e-31
51	0.51452898	2.0366767592457105e-33
52	0.51724039	3.130915878887766e-32
53	0.52224835	4.4848835065845314e-30
54	0.51793293	6.261059703386213e-32
55	0.52123346	1.6545911582893907e-30
56	0.52214253	4.042884510191023e-30
57	0.5203748499999999	7.091734784789172e-31
58	0.52352407	1.5603676079186944e-29
59	0.519773	3.9083975036128e-31
60	0.51792878	6.235149918764865e-32
61	0.51996238	4.715128927451039e-31
62	0.51792589	6.217169808343996e-32
63	0.52006031	5.195273592297184e-31
64	0.52375946	1.962377261119751e-29
65	0.51714787	2.8536166122967267e-32
66	0.51947163	2.8984862934688454e-31
67	0.51919873	2.210344459571912e-31
68	0.51920629	2.2270129673854235e-31
69	0.51927034	2.373348259550208e-31
70	0.51804878	7.029258833367837e-32
71	0.51980329	4.027521274452915e-31
72	0.52331448	1.2720073448402064e-29
73	0.5174587	3.8962229063458844e-32
74	0.51877112	1.4445564020641624e-31
75	0.51774261	5.176345996771662e-32
76	0.52021158	6.034289726991574e-31
77	0.51792872	6.234776103479933e-32
78	0.51872302	1.3770003349393916e-31
79	0.51852314	1.1283690148285274e-31
80	0.51817241	7.952782873362974e-32
81	0.51874453	1.4068131139947535e-31
82	0.52137498	1.901949349665623e-30
83	0.52040688	7.31987623724762e-31
84	0.51667723	1.779404230619643e-32
85	0.51684159	2.098718692525991e-32
86	0.52431733	3.3750594743447484e-29
87	0.51429379	1.6045928516928976e-33
88	0.52355138	1.602444853845075e-29
89	0.51892499	1.6836243462867869e-31
90	0.51863086	1.256226902904145e-31
91	0.51748103	3.984310542256892e-32
92	0.51821311	8.282503446367529e-32
93	0.52368799	1.8304877845265206e-29
94	0.52023186	6.156578589531305e-31
95	0.520687	9.653437564938347e-31
96	0.51833302	9.335162802362565e-32
97	0.51454909	2.07860655110313e-33
98	0.51255702	2.7394375215484784e-34
99	0.52045753	7.695644309817042e-31
100	0.5172017	3.0118323206122366e-32
101	0.52431254	3.3594026609594145e-29
102	0.51527784	4.345149797922525e-33
103	0.5159475	8.539611490612115e-33
104	0.51848811	1.0896496573425124e-31
105	0.52199696	3.504849141169195e-30
106	0.51931759	2.4874005601466835e-31
107	0.517833	5.66595473521146e-32
108	0.51711992	2.774759564211931e-32
109	0.5138398	1.0120290660373544e-33
110	0.51697004	2.387474495868337e-32
111	0.52279599	7.66640278937383e-30
112	0.5121015	1.719688330080745e-34
113	0.51998398	4.817084200553592e-31
114	0.52306299	9.951682905417892e-30
115	0.52275548	7.368656477896633e-30
116	0.51919866	2.2101907033532404e-31
117	0.51595487	8.603259979736648e-33
118	0.5208673	1.1533339865688273e-30
119	0.51878991	1.4718342653449035e-31
120	0.52041911	7.40890204732926e-31
121	0.51727884	3.2539046705716426e-32
122	0.52111591	1.4736741867542249e-30
123	0.51923719	2.2964532945901835e-31
124	0.52639753	2.516587858725092e-28
125	0.51467666	2.365363079463783e-33
126	0.51702866	2.5320837559915544e-32
127	0.51415021	1.3870655056277196e-33
128	0.52244414	5.4332969630612584e-30
129	0.51959598	3.2791478427873655e-31
130	0.5199014	4.438741419197998e-31
131	0.52027839	6.4465594273660175e-31
132	0.52281487	7.80923086479368e-30
133	0.51630488	1.2237882864009206e-32
134	0.52121575	1.6259825356834233e-30
135	0.52320508	1.1432372341969612e-29
136	0.52220695	4.306505609270165e-30
137	0.52078264	1.0609117568677453e-30
138	0.52358808	1.6607729405127122e-29
139	0.51802391	6.856804185919196e-32
140	0.51927568	2.385972458632452e-31
141	0.52158419	2.336561839810848e-30
142	0.51766171	4.7739901054959527e-32
143	0.52082159	1.1024797074697421e-30
144	0.51862346	1.246999725449775e-31
145	0.5167203	1.8580730315173567e-32
146	0.51667962	1.78368139430081e-32
147	0.52144961	2.0468783547875252e-30
148	0.52109354	1.4415453199451981e-30
149	0.51987361	4.318194273583087e-31
150	0.51995718	4.690906728168299e-31
151	0.51900353	1.8204433383517914e-31
152	0.52188543	3.14139360365438e-30
153	0.520481	7.87621732483396e-31
154	0.51980722	4.043239669638957e-31
155	0.52311839	1.0504816062997417e-29
156	0.51960602	3.3119711584552237e-31
157	0.52011033	5.458992348390664e-31
158	0.51848477	1.086027699203692e-31
159	0.51822478	8.379531340210584e-32
160	0.52347379	1.4857547995220748e-29
161	0.52267911	6.838290053676906e-30
162	0.51925147	2.3292683809208093e-31
163	0.51786508	5.850587509992957e-32
164	0.51595341	8.590613773091354e-33
165	0.5162446	1.1517663374937255e-32
166	0.52454074	4.191938241125537e-29
167	0.5198536	4.233418743489214e-31
168	0.51661917	1.678580313025385e-32
169	0.52122604	1.6425444543994218e-30
170	0.52029721	6.567674053497797e-31
171	0.51602926	9.272756236192114e-33
172	0.51802636	6.873604308774861e-32
173	0.51729107	3.2940239195982505e-32
174	0.51885248	1.5664195844074817e-31
175	0.52264067	6.585889295621021e-30
176	0.5195807	3.2298140896139816e-31
177	0.51911561	2.0350705227499437e-31
178	0.5192164	2.2494995307609734e-31
179	0.51344135	6.74860080119059e-34
180	0.5163151	1.2364361798749167e-32
181	0.51298021	4.218944679630405e-34
182	0.5165936	1.6360010895681697e-32
183	0.51706047	2.614172802726896e-32
184	0.51299137	4.267223398018822e-34
185	0.52013758	5.608225933008687e-31
186	0.5225517	6.0367055709475276e-30
187	0.51837223	9.707487695506844e-32
188	0.51970963	3.670403608123391e-31
189	0.52381292	2.0671752110759668e-29
190	0.52077057	1.048349953294182e-30
191	0.52385161	2.1464756518263398e-29
192	0.52147835	2.105577164066835e-30
193	0.51980081	4.017633609445619e-31
194	0.51830945	9.118228820661967e-32
195	0.51163652	1.0682570390424386e-34
196	0.52013286	5.582089297598364e-31
197	0.51770411	4.98082134281951e-32
198	0.51909879	2.0013229372245492e-31
199	0.52077108	1.0488777254140313e-30
200	0.52003146	5.0489767051861705e-31
201	0.51647316	1.449467927361051e-32
202	0.51477603	2.615752281159734e-33
203	0.51854436	1.1524870143858418e-31
204	0.51669926	1.8192192868379375e-32
205	0.51690847	2.244436974998382e-32
206	0.52177064	2.8064682069303294e-30
207	0.52248923	5.678574796843655e-30
208	0.52404711	2.5959088132881303e-29
209	0.51834776	9.473430912797489e-32
210	0.5219528	3.35618701695178e-30
211	0.52060106	8.868041316432729e-31
212	0.5180779	7.236680106098762e-32
213	0.51393222	1.1116593148026696e-33
214	0.5193823	2.6525013126963874e-31
215	0.52206587	3.750028164347952e-30
216	0.52235713	4.9894010351341125e-30
217	0.52024182	6.217537843011963e-31
218	0.51901404	1.839572741877454e-31
219	0.5184979	1.100335554728363e-31
220	0.52033562	6.821932487477988e-31
221	0.52040918	7.336536929130825e-31
222	0.51743512	3.805308731980152e-32
223	0.51524661	4.2101809658964274e-33
224	0.52341286	1.400081166370539e-29
225	0.52179638	2.8783356988942144e-30
226	0.52354514	1.5927322810804725e-29
227	0.51454994	2.080397635181815e-33
228	0.5241345	2.825992289140829e-29
229	0.52047346	7.817751064703946e-31
230	0.51725075	3.163591021139392e-32
231	0.52043016	7.490264751425331e-31
232	0.52226869	4.575196314112213e-30
233	0.51614543	1.0423499546723053e-32
234	0.51690594	2.238745515294243e-32
235	0.52277136	7.483976844925286e-30
236	0.51868356	1.3239349589315519e-31
237	0.52029366	6.544656248279342e-31
238	0.51761791	4.569307578305492e-32
239	0.51125488	7.222549173127406e-35
240	0.5185405	1.1480619845698826e-31
241	0.51828972	8.940502184177565e-32
242	0.52203866	3.6512403067431296e-30
243	0.52009734	5.389251156439719e-31
244	0.52114096	1.5104988488256653e-30
245	0.51925249	2.3316301007362994e-31
246	0.51617278	1.0714477777924659e-32
247	0.51879166	1.474400737240436e-31
248	0.52099384	1.3066226595679717e-30
249	0.51757012	4.355936903392701e-32
250	0.51713457	2.815818022900334e-32
251	0.5232989	1.2528231386282084e-29
252	0.51675449	1.9229804575690504e-32
253	0.51485653	2.8378169531954774e-33
254	0.51738065	3.603291520556592e-32
255	0.5224691	5.5677399937647094e-30
256	0.52011777	5.499340393899926e-31
257	0.52006749	5.232334082343827e-31
258	0.51582557	7.552145037159434e-33
259	0.52441943	3.72660772696821e-29
260	0.51650884	1.5024033299928643e-32
261	0.52201565	3.569725148165125e-30
262	0.51489593	2.9532514416464126e-33
263	0.51686257	2.1433858078369152e-32
264	0.51440977	1.8048641621236334e-33
265	0.51623273	1.1380897346865152e-32
266	0.51698648	2.4271794555097545e-32
267	0.52009666	5.385624877989154e-31
268	0.51641227	1.3633854050450242e-32
269	0.51716102	2.8914856009735465e-32
270	0.51524089	4.185916788032133e-33
271	0.5167075	1.8343384394128312e-32
272	0.52275384	7.356848038562013e-30
273	0.51745323	3.874942171824447e-32
274	0.51920536	2.2249557447918397e-31
275	0.52019947	5.962422414257953e-31
276	0.51299348	4.276413037055053e-34
277	0.51740206	3.681390156116684e-32
278	0.51840914	1.007147016935919e-31
279	0.52141675	1.981758220766504e-30
280	0.52367599	1.8092248247064086e-29
281	0.52208372	3.8162742687762815e-30
282	0.52030407	6.612382105359141e-31
283	0.51863366	1.2597359673909443e-31
284	0.51556868	5.828332621929099e-33
285	0.51816608	7.902689917751419e-32
286	0.51720621	3.025478005052555e-32
287	0.51887478	1.601572798127916e-31
288	0.52152037	2.1944275917968835e-30
289	0.5152255	4.121321860769658e-33
290	0.51916076	2.1284871208038353e-31
291	0.5207462	1.0234364619439747e-30
292	0.5199905	4.848288638973715e-31
293	0.51818763	8.074525318422637e-32
294	0.51726932	3.223012406509093e-32
295	0.52073531	1.0124949755386528e-30
296	0.51361976	8.091784391150537e-34
297	0.52161408	2.406245106652473e-30
298	0.51649405	1.4802309726895227e-32
299	0.52037748	7.110197794628599e-31
300	0.51930626	2.4595644348811565e-31
301	0.52258827	6.2566957758000374e-30
302	0.52458339	4.3689175827840396e-29
303	0.52720522	5.459773796934257e-28
304	0.51621259	1.1152534654581351e-32
305	0.51782794	5.6373670109676e-32
306	0.51938507	2.659807163339337e-31
307	0.52467382	4.769135745210771e-29
308	0.52451936	4.1059233304632763e-29
309	0.51539397	4.88594243181035e-33
310	0.51939558	2.687709868454904e-31
311	0.52023939	6.20261006527004e-31
312	0.51656402	1.5880846208275888e-32
313	0.52214449	4.050663202976815e-30
314	0.52154244	2.2425789084565588e-30
315	0.51717776	2.940417804151099e-32
316	0.5195025	2.9886681057895115e-31
317	0.51612202	1.0180698987714046e-32
318	0.52434557	3.468853067007066e-29
319	0.51968147	3.5693296777848583e-31
320	0.51883571	1.540490784455491e-31
321	0.51931106	2.471319255421973e-31
322	0.51712426	2.786860415147611e-32
323	0.51690155	2.2289039052386813e-32
324	0.51973554	3.7659164883512006e-31
325	0.51717185	2.9230489977246865e-32
326	0.51669661	1.8143833607644172e-32
327	0.51912964	2.063653231559615e-31
328	0.52309025	1.0220136052274859e-29
329	0.52091503	1.2089288371271304e-30
330	0.52315352	1.0871309846376372e-29
331	0.52015117	5.68416183445367e-31
332	0.51333257	6.041185613593923e-34
333	0.51710617	2.736766028551331e-32
334	0.51853037	1.1365294342899248e-31
335	0.52261063	6.39511623437002e-30
336	0.51549141	5.3910642093379415e-33
337	0.52032109	6.724617628861898e-31
338	0.52069254	9.70637940088405e-31
339	0.51858829	1.204059856509616e-31
340	0.52196602	3.400020788303342e-30
341	0.52381967	2.080797206811853e-29
342	0.52149307	2.136287206390295e-30
343	0.51907078	1.9463558581750449e-31
344	0.51648475	1.4664561120132554e-32
345	0.51550892	5.4871977588521765e-33
346	0.51705158	2.5909680241384665e-32
347	0.51622925	1.13411082821306e-32
348	0.51639103	1.33457134189324e-32
349	0.51920331	2.2204276862778526e-31
350	0.51566487	6.42232758484305e-33
351	0.52307346	1.0053949915334014e-29
352	0.51777119	5.326416771674638e-32
353	0.52032383	6.742862482160176e-31
354	0.52084878	1.1324542547751617e-30
355	0.51954637	3.121653091463807e-31
356	0.52183686	2.995081080644897e-30
357	0.52077521	1.0531613993487033e-30
358	0.52224253	4.4593698355877494e-30
359	0.51576653	7.115728856234594e-33
360	0.52174316	2.731712885189945e-30
361	0.52021527	6.056359121933193e-31
362	0.52148675	2.123047676704173e-30
363	0.5219239	3.262311835259928e-30
364	0.5190788	1.9619389678442272e-31
365	0.52235674	4.987494948024805e-30
366	0.52308366	1.0154585293888837e-29
367	0.52236052	5.005999900762841e-30
368	0.50934304	1.0080989837152886e-35
369	0.51504092	3.419785921289151e-33
370	0.5162118	1.1143670649174602e-32
371	0.52192985	3.2814229901234754e-30
372	0.51957126	3.1997056412595713e-31
373	0.51385765	1.030552566916603e-33
374	0.51785959	5.818570871785222e-32
375	0.51597858	8.811245618141497e-33
376	0.51962425	3.372408039727154e-31
377	0.52080143	1.0807662004069304e-30
378	0.52247888	5.621316656816868e-30
379	0.52030937	6.647130655730279e-31
380	0.51741333	3.723175284538543e-32
381	0.5223431	4.921284746932048e-30
382	0.51945319	2.8459146610497665e-31
383	0.51541167	4.974057738320206e-33
384	0.5198729	4.315157525047135e-31
385	0.51570972	6.719531185740084e-33
386	0.52580312	1.4203642590090573e-28
387	0.51963918	3.422721480070185e-31
388	0.51991135	4.482712034361642e-31
389	0.51381705	9.889006430581993e-34
390	0.51508302	3.5685167661896115e-33
391	0.52092792	1.2243950036884013e-30
392	0.51818714	8.070577126160114e-32
393	0.52025835	6.320037094152602e-31
394	0.51813515	7.662404699431235e-32
395	0.52256814	6.134632880582348e-30
396	0.51698065	2.4130244828760106e-32
397	0.51699285	2.4427400681085916e-32
398	0.52010286	5.41877809999641e-31
399	0.52316268	1.0968945185729454e-29
400	0.51835274	9.520604980761061e-32
401	0.5195738	3.2077792685404043e-31
402	0.51969922	3.6327115225615803e-31
403	0.51872625	1.3814366352497948e-31
404	0.52386313	2.1706671050442245e-29
405	0.52035911	6.9822308245485756e-31
406	0.52207718	3.791868465602295e-30
407	0.51922301	2.264323494142133e-31
408	0.51916301	2.1332525158152997e-31
409	0.51907337	1.951374789260733e-31
410	0.51560729	6.0598836179177484e-33
411	0.52249637	5.718412581852909e-30
412	0.52021859	6.076284257180847e-31
413	0.51953352	3.082101700539708e-31
414	0.5156094	6.072798430138448e-33
415	0.52236444	5.025262400597695e-30
416	0.52063593	9.178738185996108e-31
417	0.51927218	2.377690643691316e-31
418	0.5160562	9.527801446389027e-33
419	0.51707666	2.6569650287940554e-32
420	0.52106285	1.3985983986075848e-30
421	0.52003944	5.089027564834055e-31
422	0.52065251	9.330246119742641e-31
423	0.5198158	4.0777686962492695e-31
424	0.52054624	8.400621441978685e-31
425	0.51685401	2.1250480815726346e-32
426	0.52237504	5.077720005830366e-30
427	0.52047064	7.795995556557429e-31
428	0.51391869	1.0964851732058676e-33
429	0.52390103	2.2521861282329928e-29
430	0.51543028	5.0684105219400046e-33
431	0.51644977	1.415778321339589e-32
432	0.51705407	2.597446691735547e-32
433	0.512807	3.5357419008846273e-34
434	0.51577602	7.184144387210322e-33
435	0.51945474	2.8502968566286906e-31
436	0.51945737	2.857747828357561e-31
437	0.52256317	6.104862766395406e-30
438	0.52147694	2.1026586720482665e-30
439	0.51777533	5.348511790508591e-32
440	0.51705161	2.591045984523306e-32
441	0.52296922	9.080717822970377e-30
442	0.51768815	4.901940040229855e-32
443	0.5186964	1.340974680640381e-31
444	0.5174185	3.7425014872314767e-32
445	0.51864108	1.2690822587361638e-31
446	0.52163015	2.4445605154260297e-30
447	0.5232432	1.1865626846184512e-29
448	0.52004958	5.140375842317278e-31
449	0.51911274	2.0292723378360962e-31
450	0.5222314	4.4109798288372564e-30
451	0.51998164	4.805933884613851e-31
452	0.51502654	3.370412178611589e-33
453	0.51664388	1.7207755895855514e-32
454	0.51556471	5.805029292127577e-33
455	0.51837188	9.704099675461489e-32
456	0.5158711	7.906814778560446e-33
457	0.52262142	6.46299817274756e-30
458	0.51786491	5.849593475360591e-32
459	0.51984865	4.212704201834181e-31
460	0.51939203	2.678252631629559e-31
461	0.52431219	3.358261472359273e-29
462	0.51973222	3.7535409847953966e-31
463	0.51760983	4.5325149237426837e-32
464	0.52007937	5.2942330875569355e-31
465	0.52351797	1.5511204371869813e-29
466	0.5177577	5.255049812195904e-32
467	0.52143016	2.008080563641976e-30
468	0.52149096	2.1318579339117998e-30
469	0.51776047	5.269626004415076e-32
470	0.52595418	1.642855594684053e-28
471	0.51648117	1.4611876262858133e-32
472	0.51494525	3.10436210632029e-33
473	0.5256862	1.2689688361524447e-28
474	0.52120612	1.6106335115560725e-30
475	0.519742	3.7901130682405325e-31
476	0.52255232	6.040370305361107e-30
477	0.51854826	1.1569751459637122e-31
478	0.52115974	1.538705771191088e-30
479	0.52374873	1.9419891176566437e-29
480	0.51664491	1.722557187397718e-32
481	0.5174998	4.0598867590828085e-32
482	0.52505266	6.882213594930136e-29
483	0.51649303	1.4787139120040543e-32
484	0.51743722	3.813318989500258e-32
485	0.52107528	1.4158370337699832e-30
486	0.51844555	1.0443831330248931e-31
487	0.51782096	5.598167339115313e-32
488	0.52132662	1.8135375022422624e-30
489	0.5167646	1.942602645484426e-32
490	0.51945837	2.860585983001541e-31
491	0.52245697	5.501995151180637e-30
492	0.51885279	1.566902956309143e-31
493	0.52448774	3.981920507334892e-29
494	0.51825096	8.601336771288595e-32
495	0.51902574	1.8611035696504506e-31
496	0.51723954	3.1282499685982905e-32
497	0.51433614	1.6750172664856234e-33
498	0.51238624	2.3008652021178835e-34
499	0.51507602	3.5433480106011286e-33
500	0.52679841	3.6976828150111333e-28
501	0.52160349	2.3813229155131694e-30
502	0.52015213	5.689564503627656e-31
503	0.51448804	1.9539015438513062e-33
504	0.52029169	6.531917653196118e-31
505	0.51598042	8.827594053517203e-33
506	0.51896029	1.7438030808247499e-31
507	0.51534131	4.6328749510048405e-33
508	0.51602545	9.237239443516802e-33
509	0.5169345	2.3038370641884378e-32
510	0.52498232	6.429466145652725e-29
511	0.51570953	6.718243677030428e-33
512	0.51954744	3.1249691758766628e-31
513	0.51893089	1.6935366593924358e-31
514	0.51800278	6.713598216837455e-32
515	0.52254562	6.00088457491586e-30
516	0.52015078	5.681968459215099e-31
517	0.51617719	1.0762147501156774e-32
518	0.51881636	1.5111035239898469e-31
519	0.51853525	1.1420706243991932e-31
520	0.51446867	1.9159143457037263e-33
521	0.52554039	1.1024724577743482e-28
522	0.51745699	3.8895577712678224e-32
523	0.51911253	2.0288487267343886e-31
524	0.51751457	4.120359418752697e-32
525	0.52386703	2.178918237996205e-29
526	0.51881075	1.5026883465965865e-31
527	0.51864735	1.2770337986025727e-31
528	0.51607515	9.711377924413529e-33
529	0.51776008	5.267571328243482e-32
530	0.5259587	1.6500219255602126e-28
531	0.51579099	7.293400649216346e-33
532	0.51970471	3.65254120487493e-31
533	0.52034323	6.873458660062683e-31
534	0.52175013	2.7504840295409517e-30
535	0.5171748	2.931705898021694e-32
536	0.51398162	1.168860001736732e-33
537	0.51850966	1.113309760192225e-31
538	0.51938128	2.6498161075185035e-31
539	0.51523657	4.1676837568050595e-33
540	0.51975209	3.8282162038025697e-31
541	0.51776215	5.278486044189084e-32
542	0.52066836	9.477410059608502e-31
543	0.51788513	5.969012655754877e-32
544	0.523657	1.776077333743614e-29
545	0.51944059	2.810539640826021e-31
546	0.52442124	3.733157842421804e-29
547	0.5212333	1.6543304656583393e-30
548	0.52326126	1.207655490319566e-29
549	0.51941276	2.733949443012697e-31
550	0.52188009	3.1249654347341465e-30
551	0.51688976	2.2026855039515294e-32
552	0.5172488	3.157414941340985e-32
553	0.52091338	1.2069631639020937e-30
554	0.5159325	8.411514026751552e-33
555	0.52094276	1.2424449383070894e-30
556	0.52356485	1.6236123368478463e-29
557	0.51837287	9.713685978293279e-32
558	0.52231573	4.791054835923114e-30
559	0.51843896	1.0375434675792635e-31
560	0.51707345	2.648425510343538e-32
561	0.52213652	4.019125066382899e-30
562	0.52239233	5.164457266079105e-30
563	0.52146345	2.07493911046286e-30
564	0.51758082	4.4028308867385333e-32
565	0.51739521	3.6562213239307747e-32
566	0.5192919	2.42472926767997e-31
567	0.51529904	4.439218321759996e-33
568	0.51705576	2.601853047313382e-32
569	0.52001485	4.966616208720508e-31
570	0.52166678	2.5341815621590765e-30
571	0.5207441	1.0213174126096654e-30
572	0.52041021	7.344010254336556e-31
573	0.51795839	6.422377591605463e-32
574	0.51894212	1.712564481453729e-31
575	0.51482302	2.7431830520631522e-33
576	0.51504476	3.433091999358144e-33
577	0.51910777	2.0192704543502367e-31
578	0.52503484	6.76459908125733e-29
579	0.51951802	3.035057091536426e-31
580	0.52266073	6.716426276787416e-30
581	0.51518145	3.941871054805406e-33
582	0.52059775	8.839098461343959e-31
583	0.52219703	4.264823395988548e-30
584	0.51416563	1.4089431047909121e-33
585	0.51984746	4.207739406113852e-31
586	0.5189981	1.8106378442861756e-31
587	0.51544781	5.158917378236138e-33
588	0.52305437	9.868263512399377e-30
589	0.51604143	9.387118451585779e-33
590	0.52004822	5.13345905815827e-31
591	0.51801685	6.808620723868459e-32
592	0.5172182	3.06205569500118e-32
593	0.51943362	2.7911594960610993e-31
594	0.52174666	2.7411228613540264e-30
595	0.51688486	2.1918795225183512e-32
596	0.51862823	1.252939753233862e-31
597	0.51729123	3.294552034028476e-32
598	0.5184467	1.0455812936326062e-31
599	0.52171545	2.6583388848960177e-30
600	0.51912942	2.0632019652359944e-31
601	0.52460597	4.465604884921207e-29
602	0.51798243	6.578494797569411e-32
603	0.51675245	1.9190450812763125e-32
604	0.52011164	5.466075203064555e-31
605	0.52076386	1.0414306974037245e-30
606	0.51250254	2.5911680446259607e-34
607	0.52397326	2.4160738294755764e-29
608	0.51679548	2.0037798327587424e-32
609	0.51870976	1.3589363115964877e-31
610	0.51785411	5.786786540096858e-32
611	0.51905157	1.909529497932326e-31
612	0.52102799	1.351359145597734e-30
613	0.52215062	4.0750877381996716e-30
614	0.51733928	3.4570272999171854e-32
615	0.52453308	4.160916745161455e-29
616	0.5152562	4.251176357377136e-33
617	0.51876241	1.432083218357186e-31
618	0.52207633	3.788707886054614e-30
619	0.522509	5.789564318877067e-30
620	0.51832015	9.216080444180757e-32
621	0.51880374	1.4922386741671367e-31
622	0.52379013	2.0218355762056684e-29
623	0.5224196	5.3042668556728606e-30
624	0.52023095	6.151038771667763e-31
625	0.51449044	1.9586602033376057e-33
626	0.51826728	8.742553057989559e-32
627	0.52657487	2.983887782185142e-28
628	0.51963278	3.401062896441456e-31
629	0.51328102	5.7322459602056586e-34
630	0.51537636	4.799818162791536e-33
631	0.51804621	7.011239570690839e-32
632	0.51477264	2.6067904352216753e-33
633	0.5162298	1.13473875538986e-32
634	0.5231186	1.050696993537153e-29
635	0.51969674	3.623789030013175e-31
636	0.52035223	6.934896554064425e-31
637	0.52593306	1.6097786558128895e-28
638	0.52019154	5.915823812327556e-31
639	0.52008218	5.308980466529169e-31
640	0.52180176	2.8935868401195153e-30
641	0.51982837	4.128885677793947e-31
642	0.51821982	8.338154880572289e-32
643	0.5231532	1.086791468463307e-29
644	0.52090158	1.1929980503662074e-30
645	0.51944337	2.8183067751285955e-31
646	0.52326783	1.2154209988017299e-29
647	0.51462534	2.2455492558563978e-33
648	0.51593171	8.404820862172849e-33
649	0.52171704	2.6624955242068053e-30
650	0.51666209	1.7525458489510932e-32
651	0.52006525	5.2207438772082215e-31
652	0.51551212	5.5049500519253985e-33
653	0.51904297	1.8932685478609528e-31
654	0.52116292	1.5435336620818327e-30
655	0.51858018	1.1943689400303528e-31
656	0.51815744	7.834823287260926e-32
657	0.52121663	1.627392385826703e-30
658	0.52325955	1.2056424414233703e-29
659	0.51593555	8.437404571714885e-33
660	0.52203032	3.6214831824526434e-30
661	0.51996963	4.749108220133478e-31
662	0.51786399	5.844216910755264e-32
663	0.51918627	2.183142923052594e-31
664	0.51762916	4.621030779553036e-32
665	0.52111344	1.4700919341288867e-30
666	0.52544662	1.0070757501838906e-28
667	0.51729682	3.313056057905178e-32
668	0.52380484	2.050985821861609e-29
669	0.52340217	1.3855652200851795e-29
670	0.5183741	9.725609369208492e-32
671	0.51918391	2.1780284536907955e-31
672	0.51831495	9.168396481178992e-32
673	0.52036707	7.037396918353806e-31
674	0.51649576	1.4827777584744166e-32
675	0.51986355	4.27536433245256e-31
676	0.52104549	1.3748716742258762e-30
677	0.5189576	1.7391427939471742e-31
678	0.51507465	3.538442852982564e-33
679	0.52257033	6.147796715829577e-30
680	0.52063063	9.130825317715198e-31
681	0.51488963	2.934484364193656e-33
682	0.51572852	6.848149495019108e-33
683	0.518848	1.5594506341918603e-31
684	0.51674391	1.902657393850565e-32
685	0.51875197	1.4172738030444808e-31
686	0.52173146	2.7004894527908743e-30
687	0.52191404	3.2308855223456746e-30
688	0.5172974	3.3149818905741257e-32
689	0.51527415	4.328980607167177e-33
690	0.51925054	2.3271171239320333e-31
691	0.51299397	4.278549943058121e-34
692	0.52207242	3.77420295819758e-30
693	0.51612101	1.0170351315125865e-32
694	0.52407743	2.673543463852569e-29
695	0.51791082	6.12424510368812e-32
696	0.52236478	5.026936600173917e-30
697	0.52384996	2.143032765926436e-29
698	0.51751086	4.1050857710838984e-32
699	0.51412542	1.3526010331451609e-33
700	0.51914213	2.089434658301635e-31
701	0.5204918	7.960721123699206e-31
702	0.51762121	4.58441967751572e-32
703	0.52545599	1.016226650706933e-28
704	0.51809885	7.389665390845109e-32
705	0.51808894	7.316901353221725e-32
706	0.51968199	3.5711707491281955e-31
707	0.51874364	1.405566927302088e-31
708	0.51468937	2.3960071846388837e-33
709	0.51556656	5.815876957871719e-33
710	0.51656159	1.5842109684144943e-32
711	0.51985185	4.226083858738644e-31
712	0.51917716	2.1634659630344014e-31
713	0.51669057	1.803408887140626e-32
714	0.52056133	8.526782634728202e-31
715	0.51619961	1.1007781714451484e-32
716	0.5218535	3.044427298567937e-30
717	0.51723699	3.1202657927090514e-32
718	0.51888277	1.6143582628139256e-31
719	0.52159716	2.366548941584628e-30
720	0.52350969	1.5386557328011665e-29
721	0.51734348	3.4716027004448016e-32
722	0.52163087	2.4462913399993187e-30
723	0.51949561	2.968300927675623e-31
724	0.51840804	1.0060428723255682e-31
725	0.52078056	1.0587363696144223e-30
726	0.51702005	2.510309619042795e-32
727	0.5211116	1.4674290082115708e-30
728	0.51565395	6.35196955798186e-33
729	0.51678715	1.987090557437764e-32
730	0.51758225	4.409135989042617e-32
731	0.51868228	1.3222481574123227e-31
732	0.51652583	1.528282284728709e-32
733	0.52446493	3.8947879685686574e-29
734	0.5216164	2.4117394982575825e-30
735	0.52036611	7.030720780019102e-31
736	0.52121354	1.62244724746886e-30
737	0.52053038	8.270025073715778e-31
738	0.51849671	1.0990311058462862e-31
739	0.51956946	3.1939964242533435e-31
740	0.52414721	2.8611046060234914e-29
741	0.51942274	2.761173162965421e-31
742	0.51401335	1.2071372180616986e-33
743	0.51599869	8.991571521212689e-33
744	0.52040655	7.317488881824135e-31
745	0.51542661	5.049663560839806e-33
746	0.51300693	4.335456689518869e-34
747	0.51827293	8.791978287674481e-32
748	0.51688368	2.1892851629002643e-32
749	0.52204853	3.686771039300371e-30
750	0.51994511	4.635159690077033e-31
751	0.51869864	1.343969632514664e-31
752	0.52272968	7.185056115034426e-30
753	0.52363081	1.7313513671421598e-29
754	0.51835848	9.575268532425829e-32
755	0.52224968	4.490734313923463e-30
756	0.51483753	2.7837678825505846e-33
757	0.52127308	1.720420222589966e-30
758	0.51554738	5.704386550371366e-33
759	0.52006746	5.232178687277338e-31
760	0.52127601	1.7253907197734028e-30
761	0.51906426	1.9337781558872987e-31
762	0.52142344	1.9948467355321572e-30
763	0.52136521	1.8837485921038316e-30
764	0.51301975	4.392490459292255e-34
765	0.52187223	3.10094008515521e-30
766	0.51880659	1.4964783579277839e-31
767	0.51582685	7.561896108959282e-33
768	0.52087477	1.1618638348444986e-30
769	0.51934225	2.549075468375026e-31
770	0.51333398	6.049864814948168e-34
771	0.51837178	9.703131886000579e-32
772	0.5184071	1.0051002856638538e-31
773	0.51391019	1.0870579758028186e-33
774	0.51918196	2.1738115167530847e-31
775	0.51914208	2.08933081340133e-31
776	0.51539106	4.8716052336473077e-33
777	0.52055901	8.507264090597932e-31
778	0.51908882	1.9815827915875035e-31
779	0.51874382	1.4058188763627911e-31
780	0.51896555	1.7529517163454983e-31
781	0.52121853	1.6304405316077018e-30
782	0.52008112	5.303412600766477e-31
783	0.51867056	1.306902533307976e-31
784	0.51644712	1.412010937286809e-32
785	0.51523428	4.158050663304999e-33
786	0.51565681	6.37032211676669e-33
787	0.52018869	5.899165234380902e-31
788	0.52087697	1.1643879218235279e-30
789	0.52364308	1.7521641634132055e-29
790	0.52321384	1.153051995441763e-29
791	0.51318832	5.215762663549321e-34
792	0.51565045	6.32958177105738e-33
793	0.52290288	8.510769056070327e-30
794	0.51446471	1.9082392912833207e-33
795	0.51640255	1.3501232175341304e-32
796	0.52076171	1.0392232794297222e-30
797	0.51963222	3.399174274729454e-31
798	0.51844315	1.041887025710941e-31
799	0.5170458	2.575991153331315e-32
800	0.51351977	7.309210320785605e-34
801	0.51973178	3.751903899170762e-31
802	0.52221372	4.335184566823413e-30
803	0.52179372	2.8708247567591028e-30
804	0.52107871	1.4206310765905407e-30
805	0.52564362	1.2179171324246637e-28
806	0.51573945	6.92405005773279e-33
807	0.52226536	4.560287638623259e-30
808	0.5241572	2.889007134043725e-29
809	0.52656004	2.9417059194900534e-28
810	0.51692137	2.273681474463773e-32
811	0.52101585	1.3352837377576828e-30
812	0.52085508	1.1395143973550264e-30
813	0.52244739	5.4506179146294646e-30
814	0.5204505	7.6423634933530815e-31
815	0.51761379	4.5505099581988044e-32
816	0.52403936	2.5764274953092506e-29
817	0.51964211	3.4326828185921025e-31
818	0.51951751	3.0335213808659814e-31
819	0.51792667	6.222017478846738e-32
820	0.51907847	1.9612953239693473e-31
821	0.52044715	7.617102979187555e-31
822	0.51787849	5.929531559883778e-32
823	0.51752747	4.173909044100595e-32
824	0.51845692	1.0562896023846316e-31
825	0.51742392	3.7628694897032375e-32
826	0.5173367	3.4481040696392276e-32
827	0.52103023	1.3543462663534802e-30
828	0.52150097	2.152952240080717e-30
829	0.52311418	1.0461728635262566e-29
830	0.51832696	9.278901732924373e-32
831	0.5180574	7.090034363232163e-32
832	0.51909438	1.992567305718112e-31
833	0.51600847	9.080592212776418e-33
834	0.52445577	3.8603337224824867e-29
835	0.51821125	8.26714254308676e-32
836	0.5234817	1.4972530020237148e-29
837	0.52085657	1.1411905735043727e-30
838	0.51717933	2.945049104487533e-32
839	0.52477014	5.235600938631225e-29
840	0.51481973	2.734063115330253e-33
841	0.51534805	4.664522127298165e-33
842	0.51430516	1.6232052866066414e-33
843	0.52072097	9.982646060873418e-31
844	0.51978238	3.94490707931923e-31
845	0.51847891	1.0797019479931328e-31
846	0.52003413	5.062342127128512e-31
847	0.52395039	2.3629380078858344e-29
848	0.52274956	7.326119525489413e-30
849	0.5152037	4.031518526684547e-33
850	0.51703383	2.5452486202635944e-32
851	0.52082599	1.1072761956215932e-30
852	0.52254042	5.9704160834053405e-30
853	0.51900052	1.8150013679577604e-31
854	0.51441426	1.813099019307587e-33
855	0.51539209	4.8766751148844775e-33
856	0.52016007	5.734445515739487e-31
857	0.52513123	7.425525881560959e-29
858	0.51986313	4.2735854298432955e-31
859	0.51700581	2.47470603510282e-32
860	0.51496975	3.182265715495272e-33
861	0.51820136	8.185940635508345e-32
862	0.52016088	5.739043821585555e-31
863	0.51774063	5.166106544827156e-32
864	0.51613159	1.0279267576422997e-32
865	0.52229829	4.709868129584384e-30
866	0.52088548	1.1742030477985047e-30
867	0.51968564	3.584120288898595e-31
868	0.51845468	1.0539332707972598e-31
869	0.52250263	5.753569157160673e-30
870	0.51717231	2.924397210169481e-32
871	0.51839406	9.921147505036164e-32
872	0.51311588	4.844654065957907e-34
873	0.51929562	2.433705995066776e-31
874	0.52257907	6.2006124045865484e-30
875	0.52027911	6.451151762555791e-31
876	0.51946859	2.8897533029536418e-31
877	0.52117903	1.5682245999284924e-30
878	0.51412051	1.3458767598739198e-33
879	0.51842767	1.0259292380034764e-31
880	0.51950804	3.005145480792556e-31
881	0.51916721	2.1421763580230815e-31
882	0.52376118	1.965665194352627e-29
883	0.52176287	2.7851269687318987e-30
884	0.51721099	3.040007823527804e-32
885	0.52455805	4.262890547627701e-29
886	0.52059293	8.79712015022653e-31
887	0.51588587	8.025396360956393e-33
888	0.5213531	1.8614290467964945e-30
889	0.52113524	1.5020103027368355e-30
890	0.52300957	9.445792832280165e-30
891	0.51770159	4.968282888805215e-32
892	0.52118329	1.5748191417814427e-30
893	0.52194897	3.3435932300070746e-30
894	0.51983181	4.142985570480795e-31
895	0.51639934	1.3457717033171738e-32
896	0.52105315	1.3852911560029188e-30
897	0.51656457	1.588962681674101e-32
898	0.52598604	1.6940364992611515e-28
899	0.52250267	5.753794490061935e-30
900	0.51820238	8.194278489332927e-32
901	0.51888866	1.6238483632329433e-31
902	0.52013132	5.573587930409282e-31
903	0.52708549	4.868549518994035e-28
904	0.51716082	2.890905915861721e-32
905	0.52488744	5.865367121093531e-29
906	0.52082658	1.1079209385323958e-30
907	0.51726667	3.2144652778859124e-32
908	0.51741856	3.7427263612336074e-32
909	0.52103349	1.3587053409891253e-30
910	0.52353134	1.571460093599367e-29
911	0.51547008	5.2762216157088286e-33
912	0.51835104	9.504475147710802e-32
913	0.51063519	3.8208276915786027e-35
914	0.5176164600000001	4.562683109726405e-32
915	0.51855887	1.1692734300927993e-31
916	0.51928613	2.410870864283931e-31
917	0.51639119	1.334786113670763e-32
918	0.51854889	1.1577017826828562e-31
919	0.52215622	4.097528619799896e-30
920	0.52025679	6.310292389721655e-31
921	0.518947	1.7208992302888478e-31
922	0.52353652	1.579411521944933e-29
923	0.52359377	1.670003431780242e-29
924	0.5203017	6.596902170885943e-31
925	0.5211584	1.5366758811388206e-30
926	0.52332311	1.2827592929367614e-29
927	0.51888008	1.6100424626620592e-31
928	0.51659725	1.642012621537155e-32
929	0.5191467	2.098947813405166e-31
930	0.5251707	7.714355937474657e-29
931	0.52067541	9.543608095672756e-31
932	0.52268942	6.90760860025139e-30
933	0.52023829	6.195864371246493e-31
934	0.51885066	1.563584716548549e-31
935	0.51905364	1.9134641879503343e-31
936	0.51878877	1.4701647852545863e-31
937	0.51855295	1.1623954645973189e-31
938	0.51556762	5.8221014724496786e-33
939	0.51998461	4.820090606480937e-31
940	0.52070044	9.782374381166965e-31
941	0.52240565	5.232282796936585e-30
942	0.51762094	4.5831813658672996e-32
943	0.52202762	3.6119013985066045e-30
944	0.51431762	1.643849064972555e-33
945	0.52402318	2.5362231970581685e-29
946	0.51990872	4.471047665107394e-31
947	0.51914114	2.0873794853606326e-31
948	0.51638658	1.3286117714349183e-32
949	0.52423453	3.1143545730470314e-29
950	0.52055353	8.461336368150337e-31
951	0.51907891	1.962153562532431e-31
952	0.51319907	5.27319676726692e-34
953	0.52622403	2.1300015024263743e-28
954	0.51331307	5.922418333649001e-34
955	0.51645778	1.4272267381821417e-32
956	0.51880084	1.4879368856228977e-31
957	0.5176364	4.654625438234987e-32
958	0.5190293	1.86770447948563e-31
959	0.5211751	1.5621652818653836e-30
960	0.51801202	6.775851055906517e-32
961	0.51092702	5.157800696822132e-35
962	0.51762352	4.5950277490509473e-32
963	0.52432294	3.393488916544489e-29
964	0.51976098	3.8621036295835777e-31
965	0.51723981	3.129096542097957e-32
966	0.52172347	2.679371160353433e-30
967	0.51669893	1.8186163781883647e-32
968	0.51649003	1.4742609371489203e-32
969	0.51897758	1.7740553298721108e-31
970	0.52647958	2.722978332723113e-28
971	0.52027482	6.423837126708678e-31
972	0.51744613	3.847492538528727e-32
973	0.5187884	1.4696233418297408e-31
974	0.5203594	6.984233067735084e-31
975	0.5182727	8.789960865512416e-32
976	0.51716684	2.9084052259212665e-32
977	0.51902488	1.859512454219959e-31
978	0.51550409	5.46051081123007e-33
979	0.52151778	2.188844750825424e-30
980	0.51917251	2.1534904571400615e-31
981	0.52711091	4.988499253351432e-28
982	0.51866257	1.2965425791541665e-31
983	0.52418678	2.973223237359293e-29
984	0.51560308	6.034196883851407e-33
985	0.52048625	7.917183437303117e-31
986	0.51926624	2.363700672097458e-31
987	0.51777679	5.356325501664812e-32
988	0.51686646	2.1517711853579494e-32
989	0.51233033	2.173074922566623e-34
990	0.51816493	7.893623083400397e-32
991	0.51895532	1.7352025215792537e-31
992	0.52636271	2.433775950042135e-28
993	0.51213389	1.7776234273914906e-34
994	0.51715017	2.860204264414901e-32
995	0.52426124	3.1961863251678716e-29
996	0.5165763	1.6078048640780016e-32
997	0.51546754	5.26270941348792e-33
998	0.52083436	1.1164578388561756e-30
999	0.5146952	2.4101954287542952e-33
