Dataset	Random-mean	P-value
0	0.10221194	0.00036806224310164325
1	0.09872213	6.577709717690372e-05
2	0.10052764	0.0001636915440371022
3	0.09885063	7.02899912318884e-05
4	0.0998215	0.0001152049330611998
5	0.101442	0.0002553633837106737
6	0.10435436	0.0009750812956947825
7	0.10239905	0.00040176218302653973
8	0.10314329	0.0005665451295694902
9	0.10069219	0.0001774802273538406
10	0.10139384	0.00024952292454915074
11	0.10364528	0.0007112832463063204
12	0.10086767	0.00019338787290668836
13	0.09920465	8.429161903985782e-05
14	0.10069038	0.0001773227680772658
15	0.1023008	0.00038372185681306983
16	0.10053718	0.00016446253770627405
17	0.10055372	0.00016580737598510844
18	0.1021351	0.0003550060087784669
19	0.10087203	0.00019379972153650904
20	0.10496326	0.0012713878723324694
21	0.10102938	0.00020922851918973287
22	0.10236763	0.00039590827923669994
23	0.09973988	0.00011057244155049076
24	0.10256593	0.0004342368710061289
25	0.10247539	0.00041632480956103017
26	0.10120557	0.00022787509795264472
27	0.10425574	0.000933613876942061
28	0.10419644	0.0009094746853617993
29	0.0977147	3.8793390704869e-05
30	0.09731318	3.131076903084021e-05
31	0.10016241	0.00013661282142064747
32	0.10148345	0.00026049280993696377
33	0.10146134	0.0002577447682820877
34	0.09974853	0.00011105490862631566
35	0.09795351	4.4020865840639314e-05
36	0.10009546	0.0001321324060095299
37	0.10146111	0.00025771632548613106
38	0.09828336	5.235230527838655e-05
39	0.10320514	0.0005827604830832432
40	0.10114927	0.00022175307959931213
41	0.100062	0.00012994559166709302
42	0.10039767	0.00015352174477426992
43	0.10105317	0.00021165954244823143
44	0.10277236	0.00047780915507405987
45	0.09773401	3.919308700196349e-05
46	0.09769002	3.828818769896165e-05
47	0.10235416	0.0003934232227651378
48	0.10090784	0.0001972137707239292
49	0.10040944	0.0001544175602570024
50	0.10338512	0.0006324451982287384
51	0.10113451	0.00022017389844023198
52	0.10255038	0.0004311100695552438
53	0.10261777	0.0004448149411684906
54	0.10371778	0.0007348323273279819
55	0.101525	0.0002657317287128827
56	0.1009919	0.00020545184518469547
57	0.10247212	0.0004156910203432844
58	0.09954999	0.00010046754439339274
59	0.09888435	7.15220113115278e-05
60	0.10280903	0.0004859647452547922
61	0.1030963	0.0005545084059253853
62	0.10047999	0.00015989140830546182
63	0.1022458	0.0003739572968071325
64	0.10200825	0.0003343984931200769
65	0.09644631	1.9567680977621922e-05
66	0.10000158	0.0001260831620765572
67	0.10178284	0.0003005222624811398
68	0.10071706	0.00017965716638240767
69	0.09939847	9.303823040081208e-05
70	0.1000703	0.00013048483460466142
71	0.10069173	0.000177440197587021
72	0.10176069	0.00029737330957697384
73	0.10426936	0.000939241586312078
74	0.09994452	0.0001225353736068905
75	0.10370818	0.0007316729170904424
76	0.10299572	0.0005295427629495415
77	0.10143564	0.0002545847921664725
78	0.09936259	9.135678810426595e-05
79	0.10520322	0.001409550524888525
80	0.10198058	0.0003300550374361129
81	0.10328502	0.0006043443231722248
82	0.10416467	0.0008967819960085853
83	0.09953193	9.955341513034365e-05
84	0.1010006	0.00020632273433418766
85	0.10010631	0.00013284895450136106
86	0.10036229	0.00015085841639518718
87	0.10267779	0.0004573633174951867
88	0.10150084	0.0002626735355966961
89	0.10057578	0.00016761718847894255
90	0.10119306	0.0002265011780242736
91	0.10114586	0.00022138729728207683
92	0.10276819	0.0004768898776709151
93	0.09916007	8.239310812310706e-05
94	0.09979449	0.00011365198051464035
95	0.10089374	0.00019586279741824547
96	0.10213747	0.00035540212949855375
97	0.09874002	6.638848500694308e-05
98	0.10232941	0.0003888951984230801
99	0.10298504	0.0005269544135252529
100	0.10200593	0.00033403226473623223
101	0.10084737	0.0001914811581951295
102	0.09838174	5.511418933404724e-05
103	0.10133508	0.0002425671326755417
104	0.10225429	0.00037544923072609435
105	0.10049299	0.00016091982928559254
106	0.10116747	0.00022371499050748953
107	0.10155673	0.0002697990067588637
108	0.10146271	0.00025791424958227676
109	0.1012274	0.0002302913995898668
110	0.09943895999999999	9.49709032810457e-05
111	0.10137141	0.0002468458924059763
112	0.10024709	0.00014248549540311217
113	0.10203407	0.00033849987385491207
114	0.10222462	0.00037025956176138216
115	0.09906612	7.852397946023486e-05
116	0.099345	9.054302281716327e-05
117	0.1018176	0.000305527121446176
118	0.09727451	3.066766721243185e-05
119	0.1015417	0.0002678651606278209
120	0.09927515	8.737883052397773e-05
121	0.10048612999999999	0.00016037636406734663
122	0.09914649	8.182288297387387e-05
123	0.10046885	0.0001590150687117039
124	0.10090871	0.0001972974156036958
125	0.10079846	0.0001869597147697989
126	0.10324294	0.0005928828627811464
127	0.10142691	0.00025351970002493874
128	0.10086319	0.00019296554829555183
129	0.09899737	7.580249541651337e-05
130	0.10075739	0.00018324096384158474
131	0.10213929	0.0003557066048332474
132	0.10210291	0.0003496666310296053
133	0.09765245	3.7531131526606044e-05
134	0.0996445	0.00010538231426073709
135	0.09764235	3.733005446213024e-05
136	0.10151159	0.0002640301705710797
137	0.10271597	0.00046551718227383864
138	0.10279448	0.0004827132944974264
139	0.10225828	0.0003761523126738701
140	0.1002482	0.00014256403562771058
141	0.1019511	0.0003254857461688909
142	0.10336018	0.0006253320066762125
143	0.10204982	0.00034102481136006463
144	0.10507439	0.001333736207952979
145	0.09876694	6.731864469258589e-05
146	0.10001397	0.0001268662546969112
147	0.10015692	0.00013624008556019685
148	0.09827227	5.20493511229949e-05
149	0.10218095	0.00036274333034417466
150	0.09948401	9.716589976509759e-05
151	0.10029967	0.00014625113293748756
152	0.09860764	6.198915217645406e-05
153	0.1008565	0.00019233650727293005
154	0.09915671	8.225167183276029e-05
155	0.09993536	0.00012197470501519821
156	0.09971258	0.00010906271463086805
157	0.10130453	0.0002390232192174654
158	0.0984289	5.648670590260695e-05
159	0.10016627	0.00013687546731180978
160	0.10460289	0.0010872887841286492
161	0.10026093	0.00014346770004419846
162	0.10288736	0.0005038237554592535
163	0.10078478	0.00018571320565722714
164	0.0986463	6.32444532606595e-05
165	0.10181473	0.0003051109432226688
166	0.09979476	0.00011366740584047752
167	0.10128478	0.00023675813575241766
168	0.1034422	0.0006490101632127663
169	0.10342917	0.0006451935175936486
170	0.10335872	0.0006249179184824558
171	0.10253082	0.00042720686962245945
172	0.10233475	0.0003898680021926793
173	0.10138509	0.0002484753751506391
174	0.10335815	0.0006247563233648396
175	0.10054632	0.00016520441745226198
176	0.10068179	0.000176577283499088
177	0.1026398	0.0004493828394996569
178	0.10051325	0.00016253503724321326
179	0.09870678	6.52567767856291e-05
180	0.09874312	6.649497374359527e-05
181	0.10001958	0.00012722233693907478
182	0.09857452	6.0932585437143484e-05
183	0.09605872	1.5806403607600714e-05
184	0.09979858	0.00011388585796000631
185	0.10129848	0.00023832720091101952
186	0.10085406	0.00019210756260929743
187	0.10161318	0.0002771800272193532
188	0.09946532	9.624948859804223e-05
189	0.09959107	0.00010257654135386778
190	0.10233641	0.0003901708736937155
191	0.09946917	9.643759051846098e-05
192	0.0980013	4.514449629106817e-05
193	0.10127516	0.00023566216917478264
194	0.10401422	0.0008388800728111263
195	0.1013425	0.000243435310951169
196	0.1014742	0.0002593397965679634
197	0.1019158	0.0003200924927597422
198	0.10071926	0.00017985094575313757
199	0.10286557	0.0004987950487337689
200	0.1008966	0.00019613611757579664
201	0.09876977	6.741714418366717e-05
202	0.09867756	6.42770815269372e-05
203	0.10626864	0.0022071373579342795
204	0.09965498	0.00010594110442848713
205	0.10140348	0.0002506818334487258
206	0.10266598	0.0004548683199723989
207	0.10202203	0.00033658154045700166
208	0.09814218	4.86177418193689e-05
209	0.10144779	0.00025607414259305934
210	0.09987136	0.00011812451848834415
211	0.1017475	0.00029551290466928854
212	0.10006095	0.0001298775244501248
213	0.09962686	0.00010444804915133166
214	0.10123891	0.0002315750984468644
215	0.09966502000000001	0.00010647906292533894
216	0.10099396	0.00020565774226702547
217	0.10203536	0.0003387060169227129
218	0.09844073	5.683605883789968e-05
219	0.09668063	2.2241216418938864e-05
220	0.10111267	0.00021785663726740095
221	0.09942930999999999	9.45068673533726e-05
222	0.0989251	7.303822690998685e-05
223	0.09996642	0.00012388572941097133
224	0.10157957	0.0002727628741847801
225	0.10306104	0.0005456337202155158
226	0.10108224	0.0002146662280262879
227	0.10204985	0.00034102963758199134
228	0.09657128	2.0952836924944927e-05
229	0.10232543	0.0003881716299905255
230	0.09925122	8.631911302639065e-05
231	0.10046731	0.00015889428026280857
232	0.10215289	0.00035798956148905405
233	0.10443865	0.0010118723123957291
234	0.10078636	0.00018585677260022704
235	0.10185668	0.0003112474182960573
236	0.09875169	6.679020775166326e-05
237	0.10229645	0.00038294094987994387
238	0.09894371	7.374075884094204e-05
239	0.10127314	0.00023543264627242597
240	0.10436565	0.000979936070649018
241	0.10270034	0.00046216287347956386
242	0.10201214	0.0003350134027438304
243	0.09920972	8.451013988340797e-05
244	0.10290331	0.0005075347087708964
245	0.10262968	0.0004472790427606014
246	0.10259516	0.0004401720001146737
247	0.10134092	0.00024325019819267953
248	0.0997568	0.00011151804238113557
249	0.10301839	0.0005350763731921441
250	0.09937499	9.193460676815489e-05
251	0.10058587	0.00016845117362442223
252	0.0996977	0.00010824806419854245
253	0.10056057	0.00016636737005086108
254	0.10128222	0.00023646601819784905
255	0.10076683	0.00018408949991985824
256	0.10040444	0.0001540364087557524
257	0.10438502	0.0009883176239185315
258	0.10005933	0.00012977257255458098
259	0.09637206	1.878658771024087e-05
260	0.10199271	0.0003319525670303454
261	0.10085613	0.00019230177372158854
262	0.10059753	0.00016941980187572966
263	0.09780371	4.066865832464503e-05
264	0.09813669	4.847776107212931e-05
265	0.10361431	0.0007014396976004272
266	0.09901028	7.630662198001972e-05
267	0.10244161	0.0004098209884444183
268	0.1021426	0.0003562609755865651
269	0.10076519	0.0001839418193632147
270	0.10122441	0.00022995902543966964
271	0.10081728	0.0001886874691811504
272	0.10106879	0.0002132701404590992
273	0.10269239	0.00046046543719309267
274	0.10083372	0.00019020903468809451
275	0.09734813	3.190304395357978e-05
276	0.10167375	0.0002853105831031582
277	0.10112435	0.0002190930332231552
278	0.09895847	7.430250493240236e-05
279	0.10108846	0.00021531475979535644
280	0.10326747	0.0005995392626041972
281	0.10340189	0.0006372705732297735
282	0.10079832	0.00018694691824793798
283	0.1017644	0.0002978985715294628
284	0.09864522	6.320906003755727e-05
285	0.10017908	0.00013775052054032573
286	0.10253433	0.00042790484527913846
287	0.10027547	0.0001445064685708344
288	0.10078256	0.0001855116616529994
289	0.10072255	0.00018014110177200685
290	0.10233099	0.0003891827945266653
291	0.09922665	8.52437317730606e-05
292	0.10191154	0.0003194473382291762
293	0.10020365	0.00013944371117190945
294	0.09994604	0.00012262864569999695
295	0.10198263	0.00033037500818398186
296	0.10162897	0.00027927833934628734
297	0.09990366	0.00012005306396786747
298	0.10008983	0.00013176203404215102
299	0.10058747	0.0001685837800684929
300	0.10140664	0.00025106282522495855
301	0.10020371	0.00013944786990825438
302	0.10100536	0.00020680069139953787
303	0.10357927	0.000690455679109185
304	0.10037493	0.00015180487945636178
305	0.10230082	0.0003837254506342713
306	0.10147613	0.0002595799743344
307	0.10144019	0.000255141575751911
308	0.10011774	0.00013360777764036714
309	0.09982006	0.00011512163560983806
310	0.09951735	9.882118070587067e-05
311	0.09883027	6.955587992032745e-05
312	0.0991442	8.172709506438346e-05
313	0.10322293	0.0005875041593026508
314	0.09994168	0.00012236128177397614
315	0.10159856	0.00027525041347825987
316	0.10470951	0.0011390031728841826
317	0.10308137	0.0005507342995622002
318	0.09959875	0.00010297544422240686
319	0.09999973	0.00012596662820838387
320	0.09948107	9.702119966388955e-05
321	0.10026629	0.0001438498064518276
322	0.09948547	9.7237833550835e-05
323	0.09850478	5.876344372872823e-05
324	0.10090637	0.00019707251564493302
325	0.09918252	8.334405379856613e-05
326	0.099865	0.00011774824873679257
327	0.10137815	0.0002476474620085879
328	0.10099329	0.00020559075442089198
329	0.0975797	3.610550780453405e-05
330	0.10137986	0.0002478512166399192
331	0.10151223	0.0002641111450895923
332	0.1023999	0.00040192166860712606
333	0.10126184	0.00023415255656487465
334	0.09890015	7.210631492325253e-05
335	0.10260624	0.000442441569089837
336	0.10103827	0.0002101338656714684
337	0.09980708	0.00011437336830382443
338	0.10039406	0.00015324797200518645
339	0.10064133	0.0001731055304750109
340	0.1014244	0.00025321424732468117
341	0.10216864	0.00036065059649420045
342	0.09995285	0.0001230473538807961
343	0.10128116	0.00023634516259120247
344	0.10267363	0.0004564830124987222
345	0.1002363	0.00014172415429789214
346	0.09884597	7.012132186011826e-05
347	0.09989506	0.00011953669316341852
348	0.10478029999999999	0.0011745884617784836
349	0.09886073	7.065688435625413e-05
350	0.10095241	0.0002015421622950321
351	0.10002419	0.00012751565329685206
352	0.10572627	0.0017601143430589856
353	0.10067792	0.00017624239154136615
354	0.10190903	0.00031906778366604793
355	0.10055372	0.00016580737598510844
356	0.09962227	0.00010420623792409327
357	0.10368298	0.0007234395692395572
358	0.10271053	0.0004643471437906648
359	0.10016006	0.00013645315368083195
360	0.09815181	4.8864210521927526e-05
361	0.10185223	0.0003105910166097445
362	0.10094653	0.0002009660474583992
363	0.10013333	0.00013464938248453656
364	0.10003286	0.00012806902394882155
365	0.10420606	0.0009133508581657931
366	0.09954628	0.00010027911206383314
367	0.10138256	0.00024817325557317983
368	0.09844414	5.693714034887078e-05
369	0.10169225	0.0002878382486495027
370	0.10072272	0.00018015610662278626
371	0.09971006	0.00010892434284397279
372	0.09964338	0.00010532276148139368
373	0.10044303	0.00015700130912464383
374	0.09800059	4.51276050379884e-05
375	0.10300836	0.0005326214790763897
376	0.10168306	0.000286579995347183
377	0.10148013	0.00026007841819326063
378	0.10220939	0.00036762183252189305
379	0.1010177	0.00020804462614860302
380	0.09913164	8.120361299342969e-05
381	0.10063224	0.00017233445141652534
382	0.10194317	0.00032426679755399325
383	0.1005235	0.00016335802411823397
384	0.1032126	0.0005847453101139237
385	0.10237586	0.00039743384797596466
386	0.10058552	0.0001684221790846566
387	0.10243139	0.0004078721152313967
388	0.10075558	0.00018307868970645027
389	0.09980176	0.00011406801360694102
390	0.10212382	0.00035312634377969747
391	0.09992559	0.00012137937292100836
392	0.10050781	0.00016209984279717994
393	0.10083835	0.0001906396361037077
394	0.10049554	0.00016112228895866337
395	0.10057579	0.00016761801309344272
396	0.10200033	0.00033314981530003444
397	0.10339944	0.000636563478027436
398	0.10256016	0.00043307416726749774
399	0.10287044	0.0004999148602038316
400	0.09847745	5.793356003164502e-05
401	0.10280065	0.00048408959566892786
402	0.09984055	0.00011631226816587643
403	0.10456228	0.0010681707980743213
404	0.09991371	0.00012065916985804741
405	0.09881182	6.889692473593069e-05
406	0.10369595	0.000727666288375739
407	0.1005959	0.0001692840780882353
408	0.10188346	0.00031522521554194343
409	0.10135231	0.0002445876195189706
410	0.09811423	4.7909069823792695e-05
411	0.10134566	0.00024380593412706402
412	0.10277939	0.0004793626738851637
413	0.09904242	7.757551250966134e-05
414	0.10543636	0.001556965188154725
415	0.09990142	0.00011991836461817581
416	0.10286034	0.0004975950708214095
417	0.10191995	0.0003207221643479472
418	0.09919154	8.37290479979091e-05
419	0.10155065	0.0002690151436634843
420	0.10114311	0.00022109272539293852
421	0.09914465	8.174590962064875e-05
422	0.09791646	4.3168112799197816e-05
423	0.10153948	0.00026758062961576004
424	0.09966221	0.00010632823890743031
425	0.09827334	5.2078508363647766e-05
426	0.09911866	8.066596648064049e-05
427	0.09879041	6.813967646642178e-05
428	0.10056256	0.0001665303886486666
429	0.10240037	0.0004020098802161276
430	0.10153839	0.00026744103147468065
431	0.09893597999999999	7.34481748072724e-05
432	0.10372751	0.0007380474851223627
433	0.10455234	0.001063539088431998
434	0.10093595	0.00019993333830249887
435	0.0964027	1.9105234582557786e-05
436	0.09826885	5.1956260957813655e-05
437	0.10030175	0.00014640201223325503
438	0.10055962	0.00016628960020640914
439	0.10105668	0.00021202046201044414
440	0.09886497	7.08114476430151e-05
441	0.09788922	4.255119908068857e-05
442	0.10370032	0.0007290955764572209
443	0.1001476	0.00013560951637915617
444	0.10264369	0.00045019397380160645
445	0.10448246	0.0010314995882128688
446	0.10191334	0.0003197197896724927
447	0.09873315	6.615306872169186e-05
448	0.10140665	0.0002510640317591517
449	0.10106256	0.00021262637848140815
450	0.10125843	0.00023376755237302906
451	0.09900276	7.601258592452307e-05
452	0.09836404	5.460728395700303e-05
453	0.10177267	0.0002990725764833107
454	0.09753798	3.531137665181458e-05
455	0.10070522	0.00017861765746251732
456	0.09841773	5.615871659858008e-05
457	0.10114967	0.0002217960238824048
458	0.10184721	0.0003098520967899311
459	0.09900816	7.622361984536025e-05
460	0.10427014	0.0009395648302574156
461	0.10015031	0.00013579258367975528
462	0.10572625	0.001760099522080162
463	0.096782	2.350283937826213e-05
464	0.10183297	0.0003077650096114546
465	0.10082054	0.00018898827585178492
466	0.09871278	6.545969255780342e-05
467	0.10142634	0.00025345030387491385
468	0.101569	0.0002713874578314921
469	0.10269438	0.0004608897818186973
470	0.09770072	3.8506444299483374e-05
471	0.10326982999999999	0.0006001833314479883
472	0.10324558	0.000593595919531358
473	0.10202873	0.0003376477890438484
474	0.09999868	0.0001259005326636981
475	0.10097416	0.00020368675053746395
476	0.10199741	0.0003326905491682638
477	0.09944788	9.540175431131494e-05
478	0.10273921	0.000470546788417448
479	0.10031904	0.00014766189776246798
480	0.10238088	0.0003983670919972507
481	0.09964503	0.00010541050659352388
482	0.0997272	0.00010986877778699625
483	0.1000801	0.0001311242536499677
484	0.10100639	0.00020690425204876266
485	0.10071649	0.00017960699203048813
486	0.1005717	0.00016728106490258485
487	0.10011941	0.00013371898911984152
488	0.1001413	0.00013518483628708532
489	0.10039245	0.0001531260225652351
490	0.1005655	0.00016677150601226824
491	0.10200996	0.00033466866986564677
492	0.09901216	7.638029934382816e-05
493	0.10259365	0.000439863544848018
494	0.10248136	0.00041748424609824343
495	0.10340966	0.0006395179247578124
496	0.09974388	0.00011079530071227339
497	0.10092697	0.00019906072952722466
498	0.10088289	0.0001948291611934035
499	0.0978643	4.199418181343803e-05
500	0.09895261	7.407899698848547e-05
501	0.09968188	0.00010738826719448614
502	0.09755896	3.570862407092455e-05
503	0.10237487	0.00039725004384211704
504	0.10108316	0.00021476203628298878
505	0.10196047	0.000326931585248036
506	0.09909533	7.97080841367702e-05
507	0.10227669	0.0003794123723853022
508	0.10007463	0.00013076698921586676
509	0.10156109	0.0002703624404512604
510	0.09761902	3.6869499976200404e-05
511	0.10328174	0.0006034435611067623
512	0.10071029	0.0001790620887494145
513	0.09967021	0.00010675816356318358
514	0.09644932	1.9599990761722314e-05
515	0.0986427	6.312654896052331e-05
516	0.10243426	0.0004084185230520384
517	0.09770767	3.864884300502533e-05
518	0.09946801	9.638087904517872e-05
519	0.10172834	0.0002928299181614622
520	0.09977082	0.00011230736278439352
521	0.09653697	2.0563497629283537e-05
522	0.10131483	0.0002402125777137604
523	0.10433593	0.0009672042393623132
524	0.10116388	0.00022332670912647085
525	0.10103756	0.00021006142480634913
526	0.10022492	0.00014092534700826394
527	0.10023415	0.00014157291036277452
528	0.10327352	0.000601191665760756
529	0.10510572	0.0013518180451617572
530	0.09944348	9.518899608268424e-05
531	0.10244898	0.00041123179874418534
532	0.09818036	4.96019150345756e-05
533	0.10349942	0.0006660212056140755
534	0.10384676	0.0007785312737454765
535	0.10359286	0.0006946965765325242
536	0.10044967	0.00015751686603742915
537	0.10365307	0.000713779412317865
538	0.10035553	0.00015035452760889028
539	0.10284846	0.0004948793312733222
540	0.10155037	0.0002689790963224533
541	0.0999157	0.00012077952753399388
542	0.10255045	0.0004311240978325576
543	0.10195051	0.00032539490728265277
544	0.10275736	0.00047451012413455147
545	0.10214574	0.0003567876229917567
546	0.1015901	0.0002741395985139999
547	0.09782273	4.1080409074365093e-05
548	0.10146054	0.0002576458495387224
549	0.09918125	8.328998223416677e-05
550	0.09863791	6.296999424525851e-05
551	0.10051884999999999	0.0001629841829997545
552	0.10101594	0.0002078667792920168
553	0.10104907	0.00021123868820602533
554	0.10157015	0.0002715367843754507
555	0.10046817	0.00015896172287214208
556	0.10128796	0.00023712147342677467
557	0.10180399	0.0003035582566217969
558	0.102227	0.0003706733606880484
559	0.09763497	3.718377782032113e-05
560	0.10208998	0.0003475432041286206
561	0.09960759	0.00010343641570282087
562	0.09914578	8.179317316278182e-05
563	0.09929493	8.826406295311059e-05
564	0.10079041	0.00018622525443922334
565	0.10185551	0.0003110747101824339
566	0.09894621	7.383562132370482e-05
567	0.10189036	0.0003162578204852215
568	0.1007182	0.00017975755473913425
569	0.10104575	0.00021089847652513142
570	0.10015236	0.00013593122141547184
571	0.10177816	0.0002998543325120593
572	0.10130332	0.00023888386273101362
573	0.09980533	0.00011427283744525894
574	0.10311212	0.0005585338466129641
575	0.10096534	0.0002028145045318741
576	0.10367328	0.0007202934540719385
577	0.10012699	0.00013422486978116396
578	0.10199764	0.00033272670267309645
579	0.10366179	0.000716583261383068
580	0.09921754	8.48482407567431e-05
581	0.10179509	0.0003022772053098984
582	0.10034221	0.00014936630469735397
583	0.10305106	0.0005431460271273492
584	0.10311546	0.0005593872007889674
585	0.09879932	6.845384893564584e-05
586	0.09971083	0.00010896660547893122
587	0.10081259	0.00018825550515265012
588	0.10017687	0.00013759917880241888
589	0.10180584	0.0003038251818474725
590	0.10071907	0.00017983420248971383
591	0.10259057	0.00043923500501989683
592	0.10018607	0.00013823023462506307
593	0.10064988	0.00017383377171605437
594	0.10080761	0.00018779785168294017
595	0.1001676	0.00013696607492278488
596	0.09730792	3.122254349577261e-05
597	0.1017707	0.00029879252265493586
598	0.1006997	0.00017813496246539694
599	0.10068077	0.00017648895920761485
600	0.1005531	0.00016575677825419563
601	0.10186479	0.0003124470432111108
602	0.10033336	0.00014871310952052318
603	0.09980855	0.00011445787886779853
604	0.10122647	0.00023018797058579527
605	0.10044416	0.0001570889343668073
606	0.09954182	0.00010005302980211363
607	0.10096422	0.0002027039952691999
608	0.09809612	4.745514650317182e-05
609	0.10010259	0.00013260286809479738
610	0.10131236	0.00023992685612751242
611	0.10126057	0.00023400909822476882
612	0.09852396	5.935257886459543e-05
613	0.10262583	0.00044648110870493653
614	0.10113746	0.00022048867158995584
615	0.10115517	0.00022238730231973237
616	0.10018818	0.0001383753508379903
617	0.10130401	0.0002389633211091792
618	0.09973617	0.00011036611883169835
619	0.10163618	0.00028024142291401596
620	0.09868055	6.437668606976428e-05
621	0.10063837	0.0001728540854444504
622	0.10100904	0.00020717091906321118
623	0.10011008	0.00013309878876278185
624	0.10208879	0.0003473483856664313
625	0.1022356	0.00037217221728092517
626	0.10081847	0.00018879722050267714
627	0.10124688	0.0002324679275381913
628	0.10185954	0.00031166997278462357
629	0.09932173	8.947703045085482e-05
630	0.10282253	0.0004889998645042007
631	0.10193924	0.00032366429237830926
632	0.10054332	0.00016496056465624932
633	0.10352947	0.0006751204522513411
634	0.10103131	0.0002094247551966953
635	0.09740376	3.286784200769145e-05
636	0.10011245	0.00013325607357787293
637	0.10024728	0.00014249893632578878
638	0.10151953	0.00026503641420069925
639	0.10039219	0.0001531063374605781
640	0.10116331	0.0002232651183862427
641	0.09829633	5.2708742865553134e-05
642	0.10430553	0.0009543401834497658
643	0.10221729	0.00036898784996786485
644	0.10216566	0.00036014569324602734
645	0.10034284	0.0001494129064698453
646	0.10208736	0.00034711441160584103
647	0.09951716	9.881167229926673e-05
648	0.10173684	0.00029401734195574756
649	0.10193993	0.0003237699996238229
650	0.10154738	0.0002685944452475547
651	0.1013653	0.00024612135661798506
652	0.10254492	0.00043001717976929156
653	0.0995799	0.0001019989760843048
654	0.10439689	0.0009934867114987308
655	0.10149511	0.0002619530980585098
656	0.09960614	0.00010336067019332308
657	0.10118323	0.0002254270658942377
658	0.10422427	0.0009207302577901929
659	0.10043172	0.00015612681921669896
660	0.10166469	0.0002840803321258847
661	0.10282278	0.000489056237246105
662	0.1010925	0.00021573698053846795
663	0.09960707	0.00010340924575575059
664	0.09978337	0.00011301840297619828
665	0.1008506	0.00019178335187759475
666	0.09784638	4.159792587900955e-05
667	0.10220873	0.0003675079244212173
668	0.10137997	0.00024786432905979323
669	0.10147483	0.0002594181735821228
670	0.10328633	0.0006047044293264309
671	0.0986588	6.36554684452505e-05
672	0.10324294	0.0005928828627811464
673	0.10462668	0.0010986353374457742
674	0.10050594	0.00016195049883004588
675	0.10165973	0.0002834089304086239
676	0.1007972	0.00018684457579231346
677	0.10132458	0.0002413435551189306
678	0.10028469	0.00014516884070835587
679	0.0992672	8.702541236517876e-05
680	0.10059644	0.00016932903043146458
681	0.09943118	9.459662127537605e-05
682	0.09828553	5.241178056020142e-05
683	0.10321737	0.000586017734906511
684	0.1026945	0.0004609153821340693
685	0.10346678	0.0006562673365492547
686	0.10219554	0.000365238415896605
687	0.10168773	0.0002872187434275448
688	0.10200626	0.0003340843345962901
689	0.10316566	0.0005723606536079645
690	0.10045962	0.0001582924170520996
691	0.09989073	0.00011927750206785095
692	0.10229351	0.0003824140083442986
693	0.10267579	0.00045693989583873323
694	0.10305772	0.0005448049717858351
695	0.09872958	6.603104754107983e-05
696	0.10357192	0.0006881721042196302
697	0.10040926	0.00015440382336863055
698	0.10155583	0.00026968283915987287
699	0.10092861	0.00019921982406818665
700	0.09903067	7.71093186163764e-05
701	0.1003652	0.00015107581761093742
702	0.09829274	5.2609853428093925e-05
703	0.10088121	0.000194669574636579
704	0.10056167	0.00016645746221400376
705	0.09755019	3.5542052899963354e-05
706	0.10245157	0.00041172867168000197
707	0.09871853	6.565471536168287e-05
708	0.10131189	0.00023987252427722967
709	0.09963119	0.00010467664972834786
710	0.09929061	8.807000384052581e-05
711	0.10066666	0.0001752714065940772
712	0.10134012	0.0002431565207234033
713	0.10313147	0.0005634946156623713
714	0.09997482	0.0001244073973185986
715	0.099	7.590493822528599e-05
716	0.10151093	0.00026394669004611826
717	0.10068338	0.00017671504862327989
718	0.09983748	0.0001161331379088509
719	0.10132123999999999	0.00024095555989494386
720	0.10056824	0.00016699651732175232
721	0.09988324	0.0001188304096325476
722	0.09737547	3.23737829660973e-05
723	0.1001344	0.00013472115236828975
724	0.10079595	0.0001867304166682182
725	0.09837335999999999	5.4873642119025474e-05
726	0.10114012	0.00022077286415878277
727	0.1020917	0.000347824971629874
728	0.10353302	0.0006762030265640058
729	0.10305027	0.0005429495588331802
730	0.09957689	0.00010184386585602576
731	0.10185592	0.0003111352215852295
732	0.09944953	9.54816546851599e-05
733	0.1011404	0.0002208027992196284
734	0.1014714	0.00025899172360495745
735	0.10524933	0.0014376401708701705
736	0.10304727	0.0005422040813782088
737	0.10002448	0.00012753412622137773
738	0.10106059	0.0002124231944304776
739	0.10176697	0.00029826294302645487
740	0.10093769	0.00020010283469380118
741	0.10247701	0.0004166391320253972
742	0.09808207	4.710580634685443e-05
743	0.1006703	0.00017558474194310055
744	0.09800303	4.5185679032004726e-05
745	0.10068259	0.00017664658661984385
746	0.10075424	0.00018295864034715363
747	0.10203399	0.0003384870936660544
748	0.10062242	0.00017150508943969354
749	0.10062264	0.0001715236285521735
750	0.10063547	0.0001726080713926887
751	0.09925911	8.666716119019826e-05
752	0.10214092	0.0003559795019321419
753	0.10039893	0.00015361740846034068
754	0.10012941	0.000134386758310128
755	0.09927633	8.743140331997176e-05
756	0.10016769	0.0001369722083114178
757	0.09839657	5.5542340434788356e-05
758	0.10198924	0.00033140870247110645
759	0.10074188	0.0001818548135219798
760	0.09966685	0.00010657739522891597
761	0.10236845	0.0003960600335296489
762	0.10311345	0.000558873509512604
763	0.10114946	0.00022177347715760922
764	0.10003721	0.0001283475210049983
765	0.10064844	0.00017371091855142577
766	0.0980448	4.6190930815648487e-05
767	0.09998088	0.00012478503218807141
768	0.10140695	0.0002511002303209835
769	0.10104434	0.0002107541452149501
770	0.10018512	0.0001381649448885121
771	0.09933492	9.007979215543335e-05
772	0.10221047	0.00036780829900276353
773	0.09879021	6.813264006047567e-05
774	0.1015337	0.0002668411559632628
775	0.10111185	0.00021777008276476813
776	0.10069292	0.0001775437703346093
777	0.10361969	0.0007031405216862418
778	0.09857614	6.098386510635371e-05
779	0.09989002	0.00011923505265960024
780	0.09989578	0.00011957984352281639
781	0.10147864	0.00025989264276696374
782	0.10289571	0.0005057633044435413
783	0.1001634	0.0001366801385315613
784	0.10161158	0.00027696823410024374
785	0.10198074	0.00033008000029535723
786	0.1001327	0.00013460714234854012
787	0.10202285999999999	0.0003367134563064443
788	0.10153908	0.0002675293929854404
789	0.1006737	0.00017587789493456323
790	0.09993959	0.00012223331429535297
791	0.10202832	0.00033758245006402983
792	0.10344064	0.0006485521131179111
793	0.09831812	5.331276628135214e-05
794	0.10036086	0.00015075169176105831
795	0.09938919	9.260055395157915e-05
796	0.10001201	0.00012674207028062125
797	0.10328594	0.0006045972012200411
798	0.10040428	0.0001540242265842609
799	0.10363601	0.0007083234404685531
800	0.09954054	9.998823437587528e-05
801	0.10375639	0.0007476678546890136
802	0.0993442	9.050617619639931e-05
803	0.10041684	0.00015498329865737455
804	0.10349242	0.0006639180663104096
805	0.10278354	0.0004802819747610968
806	0.10224244	0.0003733683859614555
807	0.09963007	0.00010461747442906273
808	0.10131809	0.00024059017406710348
809	0.09877487	6.7594997521229e-05
810	0.099123	8.084535762796636e-05
811	0.10180309	0.0003034284807525919
812	0.10396842	0.0008219562817419205
813	0.10317703	0.0005753378326579179
814	0.10305159	0.000543277872197203
815	0.10066687	0.00017528946928980563
816	0.10113465	0.00022018882725893335
817	0.10142848	0.00025371093621694835
818	0.09734901	3.191809364113371e-05
819	0.10331801	0.0006134741729348427
820	0.10151823	0.00026487141752920524
821	0.09962617	0.00010441166455855775
822	0.10060951	0.00017042048437453504
823	0.09807704	4.698133558652519e-05
824	0.101046	0.0002109240768971498
825	0.10274078	0.0004708883949171863
826	0.10040535	0.00015410571215513573
827	0.10182341	0.0003063712610558294
828	0.09996693	0.0001239173430476001
829	0.10062152	0.00017142926729609996
830	0.10127991	0.00023620271887319673
831	0.10205304	0.0003415431916899528
832	0.10040291	0.00015391995396756033
833	0.09939572	9.290832716391251e-05
834	0.09884366	7.003785350256811e-05
835	0.10093315	0.00019966086944587128
836	0.1010841	0.00021485996891683782
837	0.10135282	0.00024464766556470634
838	0.09982286	0.00011528365521731332
839	0.10078739	0.00018595042003654777
840	0.10052695	0.00016363591280171968
841	0.10109005	0.00021548083788603032
842	0.10256245	0.00043353527231956303
843	0.10214764	0.00035710664946864677
844	0.09913061	8.116082543629367e-05
845	0.09943006	9.454285522492585e-05
846	0.09921414	8.470108317042289e-05
847	0.10628491	0.0022220331042916196
848	0.10005431	0.00012944786003126052
849	0.10344071	0.0006485726601848501
850	0.09950782	9.83453254490135e-05
851	0.10129672	0.0002381250812229986
852	0.09920698	8.439197722403279e-05
853	0.09973408	0.0001102500489589782
854	0.09939413	9.283329786977477e-05
855	0.10193561	0.0003231087136392313
856	0.09929005	8.804487764719849e-05
857	0.09961845	0.00010400539605047515
858	0.09907847	7.902256990592118e-05
859	0.09981497	0.00011482765857563342
860	0.10189149	0.00031642723056761506
861	0.10224362	0.0003735751067162085
862	0.10218938	0.00036418301683034795
863	0.10234614	0.00039195057715766114
864	0.09927414	8.733385556683298e-05
865	0.10096366	0.00020264876191323342
866	0.09966583	0.0001065225764644807
867	0.10138847	0.00024887953721155874
868	0.09961806	0.00010398491187596638
869	0.10421372	0.0009164482646929011
870	0.10108011	0.00021444456552825223
871	0.0992496	8.624781474381461e-05
872	0.10120672	0.00022800179048126942
873	0.09990993	0.0001204308629869131
874	0.09880852	6.877968908322386e-05
875	0.09947307	9.662849019404056e-05
876	0.10270453	0.00046305985155014495
877	0.09624292	1.7498504281989113e-05
878	0.10074101	0.0001817773539865653
879	0.09914701	8.184464876114309e-05
880	0.10159319	0.0002745448323764232
881	0.10099787	0.00020604908163319107
882	0.10263978	0.0004493786726800118
883	0.099496	9.775813895796128e-05
884	0.10326038	0.0005976082053084203
885	0.10265558	0.00045268175399604927
886	0.09942946	9.451406388965731e-05
887	0.10013834	0.000134985738227835
888	0.10124766	0.00023255547986846513
889	0.09778776	4.03263985253532e-05
890	0.09949655	9.778538771369123e-05
891	0.10096951	0.0002032264534644169
892	0.10204331999999999	0.00033998063967102435
893	0.10150632	0.0002633642828942937
894	0.10067568	0.00017604882605101008
895	0.10415732	0.0008938690864659638
896	0.09912286	8.083956491855581e-05
897	0.09937203	9.179636215359769e-05
898	0.10148181	0.00026028803286813027
899	0.10190974	0.00031917510474487363
900	0.10272326	0.0004670894453979062
901	0.10266201	0.00045403247665846286
902	0.1006583	0.00017455376352037543
903	0.10106523	0.0002129020520613134
904	0.10113281	0.00021999269595502694
905	0.10005026	0.00012918645057427163
906	0.10318719	0.0005780104072398408
907	0.09984822	0.00011676094473912394
908	0.09996915	0.00012405504422376403
909	0.09742706	3.3280141435874283e-05
910	0.10251289	0.00042365802882633893
911	0.09828204	5.231615814631791e-05
912	0.10010462	0.00013273710373775858
913	0.09842097	5.625366729933465e-05
914	0.10105199	0.00021153833768318463
915	0.09909867	7.984455326170819e-05
916	0.10054218	0.00016486798967168143
917	0.09965657	0.0001060261272950997
918	0.10272299	0.0004670311249385808
919	0.09940434	9.331609049211166e-05
920	0.10119513	0.00022672797761688154
921	0.09656925	2.092960655742165e-05
922	0.10070479	0.00017858001196916328
923	0.09814613	4.871869418346402e-05
924	0.10213412	0.0003548423330704849
925	0.09916452	8.258078187240074e-05
926	0.10245001	0.0004114293295548886
927	0.10027516	0.00014448424759718641
928	0.10163643	0.0002802748728552438
929	0.10408949	0.0008673991801660867
930	0.09960392	0.00010324480292043686
931	0.10110766	0.00021732831557582188
932	0.09914047	8.157130124036353e-05
933	0.09795524	4.406107302455122e-05
934	0.10241547	0.0004048535841354269
935	0.10006972	0.00013044708394718683
936	0.10024975	0.00014267377733058007
937	0.10299893	0.0005303230410998103
938	0.10127363	0.0002354883032869484
939	0.1041522	0.0008918451576561236
940	0.10076548	0.00018396792547627612
941	0.10165218	0.0002823897994852198
942	0.10212939	0.00035405334196796583
943	0.10013318	0.00013463932417347784
944	0.1014626	0.0002579006377262327
945	0.10267065	0.0004558533844326303
946	0.09915949	8.236867707488209e-05
947	0.10153758	0.00026733733775334534
948	0.09819169999999999	4.9897857393929245e-05
949	0.10095667	0.00020196052325234756
950	0.09942468	9.428498931578848e-05
951	0.10035492	0.00015030913660317091
952	0.1018575	0.0003113685152464985
953	0.10202371	0.0003368486011302625
954	0.10020044	0.00013922138950028213
955	0.10011674	0.0001335412257811924
956	0.09918498	8.344888549459137e-05
957	0.09978791	0.00011327667117544423
958	0.10014031	0.0001351182151975908
959	0.10229968	0.0003835206531674362
960	0.10137241	0.00024696466525965196
961	0.10019405	0.00013877982024685948
962	0.10018824	0.000138379479469015
963	0.09998559	0.00012507928862404797
964	0.10200773	0.00033431637470134794
965	0.10265761	0.0004531077806704085
966	0.10415667	0.0008936119059752445
967	0.09810717	4.77316235916991e-05
968	0.09961812	0.00010398806303887312
969	0.10219774	0.000365616038664008
970	0.10044928	0.00015748654071700424
971	0.10244231	0.00040995479159455247
972	0.10357516	0.0006891778722634041
973	0.10207303	0.00034477791260391545
974	0.10104652	0.00021097733504628157
975	0.10169672	0.0002884521354429614
976	0.09988021	0.00011864999374486902
977	0.09706788	2.7439205154728962e-05
978	0.09740223	3.284093922689168e-05
979	0.1014203	0.0002527160450345614
980	0.10060815	0.0001703066044487235
981	0.10320771	0.0005834435526401777
982	0.10348761	0.0006624765006111458
983	0.10542178	0.0015473442794855532
984	0.09902447	7.686439888660197e-05
985	0.1042269	0.0009218006032820321
986	0.10075824	0.0001833172167130174
987	0.09994516	0.00012257463788905887
988	0.10051071	0.0001623317028058765
989	0.10134293	0.00024348571267723617
990	0.10026659	0.00014387122138202375
991	0.09936478	9.145858757656552e-05
992	0.10059206	0.00016896474149346558
993	0.09946754	9.635791011163959e-05
994	0.09998635	0.00012512683090969774
995	0.10240693	0.00040324298393901777
996	0.09926974	8.713818084993232e-05
997	0.10108072	0.00021450802430243696
998	0.0981749	4.946002009083219e-05
999	0.10399683	0.0008324163914432277
