Dataset	Random-mean	P-value
0	0.10225472	0.0007765431356536185
1	0.10018794	0.00021663053008113122
2	0.09988024	0.0001775590013566125
3	0.10061782	0.00028492778216813547
4	0.09835918	6.424392145665489e-05
5	0.09770561999999999	4.080681953241027e-05
6	0.09762393	3.852879868860077e-05
7	0.09778443	4.31255842254375e-05
8	0.10015025	0.00021144267546341697
9	0.09771768	4.1153795120033444e-05
10	0.09846612	6.91290518550902e-05
11	0.10122406	0.00041618168760443547
12	0.10143914	0.00047504362474966647
13	0.0977998	4.359217657271555e-05
14	0.09717913	2.810195294078474e-05
15	0.09785799	4.540254844267367e-05
16	0.0976579	3.946098740463896e-05
17	0.10020559	0.0002191009639280611
18	0.10079525	0.0003186344689718826
19	0.09859903	7.569250741580136e-05
20	0.09765647	3.9421316932934704e-05
21	0.099416	0.00013096301274968876
22	0.09631655	1.5036379562662531e-05
23	0.09969826	0.00015768543728363293
24	0.10028483	0.000230522484667246
25	0.09973087	0.000161084878126162
26	0.09955155	0.00014321211079969406
27	0.0994048	0.0001299964841098615
28	0.10072345	0.00030456692607381484
29	0.09570499	9.548827770969485e-06
30	0.09798023	4.944118483326196e-05
31	0.10203828	0.0006826637686679031
32	0.10006966	0.00020073982561436444
33	0.10033915	0.00023867332206956802
34	0.10233804	0.0008157851186063811
35	0.09982173	0.00017092508484469965
36	0.09896782999999999	9.713959026201276e-05
37	0.10060708	0.00028299902807413875
38	0.09833913	6.336527574817909e-05
39	0.0977063	4.082630937331019e-05
40	0.09915565	0.0001101610698506048
41	0.09820196	5.76531285418988e-05
42	0.09829188	6.133955341256499e-05
43	0.10029492	0.00023201642036692975
44	0.09832303	6.266800037834254e-05
45	0.09821163	5.803923006135136e-05
46	0.09826781	6.0331404905569626e-05
47	0.09833021	6.297805448918865e-05
48	0.09796434	4.889752444613326e-05
49	0.09807236	5.2708318777190873e-05
50	0.09833258	6.308071755161891e-05
51	0.09988266	0.00017783854481437738
52	0.10045689	0.0002572805789031044
53	0.09848601	7.00756847943493e-05
54	0.09987137	0.00017653793253147301
55	0.10149535999999999	0.0004916662665982368
56	0.10169631	0.0005556336739321711
57	0.09869961	8.104775123088633e-05
58	0.09973574	0.00016159844955239219
59	0.09922826	0.00011562450798676454
60	0.09816044	5.60228822629958e-05
61	0.09887665	9.135700676777373e-05
62	0.09786389	4.5590046709660576e-05
63	0.09841089	6.656368162819595e-05
64	0.10053930999999999	0.0002711086120613168
65	0.09971012	0.00015891387602584055
66	0.09920981	0.00011421247411425184
67	0.09858246	7.484311368634994e-05
68	0.09824002	5.918701880285797e-05
69	0.09929919	0.00012120824505284014
70	0.09846094	6.888451678860464e-05
71	0.10048138	0.0002613185432173186
72	0.09777439	4.282336618524681e-05
73	0.09887989999999999	9.155739215574123e-05
74	0.09956755	0.00014472735139172535
75	0.09719522	2.84269136150923e-05
76	0.10051904	0.00026764445532391446
77	0.10025451	0.00022608756888382268
78	0.09950829	0.00013918994812024823
79	0.10042158	0.0002515617670323262
80	0.09998907	0.00019054891179012568
81	0.09825977	5.999817733249943e-05
82	0.09757436	3.720605437486679e-05
83	0.09914439	0.00010933602258959282
84	0.09815321	5.574351749481388e-05
85	0.09862145	7.6856338897731e-05
86	0.09766818	3.974729136595684e-05
87	0.09853821	7.261889971758195e-05
88	0.09612198	1.3026326950520782e-05
89	0.09840263	6.618786990698977e-05
90	0.09978252	0.00016661101547262
91	0.09928235	0.00011985994474634595
92	0.09928129	0.00011977555168929369
93	0.09988305	0.00017788363401921543
94	0.09955122	0.00014318101722946255
95	0.09803065	5.1204552859239976e-05
96	0.09935137	0.0001254776940724757
97	0.10173431	0.0005685721108826147
98	0.09935499	0.00012577910141630075
99	0.09840989	6.65180763305087e-05
100	0.09802765	5.109798097909081e-05
101	0.09832977	6.295901214636663e-05
102	0.09577596	1.0070026552086745e-05
103	0.09997341	0.0001886260913508112
104	0.09679422	2.1305449700868046e-05
105	0.09757572	3.7241761110691675e-05
106	0.10010919	0.0002059242276944513
107	0.09941385	0.0001307769486523358
108	0.09789795	4.668693073532275e-05
109	0.0984527	6.84972171703745e-05
110	0.09998633999999999	0.0001902123832646841
111	0.09961457	0.0001492683656495022
112	0.10033802	0.00023850103532007988
113	0.09910645	0.00010659889728961445
114	0.10111647	0.00038936956973128345
115	0.09907369	0.00010428776642010293
116	0.09954566	0.00014265809540670848
117	0.09985604	0.00017478626524863175
118	0.0973514	3.177298446075767e-05
119	0.09770999	4.093222497396468e-05
120	0.09809861	5.367612420546033e-05
121	0.09970718	0.00015860851659256687
122	0.09798815	4.971430077215184e-05
123	0.09862743	7.716961796304638e-05
124	0.09911181	0.00010698161431098176
125	0.09699073	2.4551126249879216e-05
126	0.09911372	0.00010711830689761469
127	0.09651828	1.7431990394963607e-05
128	0.10180302	0.0005926839132772744
129	0.09882753	8.837854595203055e-05
130	0.10031748	0.0002353897034606504
131	0.09663473	1.8976597005806884e-05
132	0.09918864	0.00011261236828006095
133	0.10164326	0.0005380304160625168
134	0.10038502	0.00024576662676817167
135	0.1002214	0.0002213363562004548
136	0.09970115	0.00015798394999885781
137	0.09770159	4.0691495168088614e-05
138	0.09920692	0.00011399277681523989
139	0.09988621	0.00017824936994534436
140	0.09774865	4.205773393590279e-05
141	0.09847285	6.944798901763004e-05
142	0.10047175	0.0002597236703522681
143	0.10101659	0.00036593567802246956
144	0.09652463	1.7513024940175203e-05
145	0.09937781	0.00012769494607340527
146	0.09872994	8.273185833264555e-05
147	0.09786498	4.5624766715319816e-05
148	0.09814319	5.535853540639201e-05
149	0.10152593	0.0005009317017712222
150	0.09938887	0.00012863337681022607
151	0.10092755	0.00034616638070394696
152	0.10123251	0.0004183591173786883
153	0.10032627	0.0002367164793825328
154	0.10087868	0.00033574629180638954
155	0.10018726	0.00021653587864129846
156	0.10049316	0.0002632820107558259
157	0.09853417	7.241898407093864e-05
158	0.09912575	0.000107983061520441
159	0.0990938	0.00010570078734854844
160	0.0980439	5.1677777495882244e-05
161	0.09933539	0.00012415531289687335
162	0.09871046	8.164644133245436e-05
163	0.10019994	0.00021830727310045086
164	0.09853013	7.22195905541755e-05
165	0.09916187	0.0001106193462458003
166	0.0995145	0.00013976069912642643
167	0.09836768	6.461989472118704e-05
168	0.09882223	8.806272959483044e-05
169	0.10106432	0.0003769640860384524
170	0.09722507	2.903928856542282e-05
171	0.09963083	0.00015086975895344678
172	0.09980949	0.00016956719732742436
173	0.09868619	8.031300758631801e-05
174	0.09956995	0.0001449559391250714
175	0.10041877	0.00025111183282602406
176	0.09793125	4.7783569344704594e-05
177	0.0998504	0.00017414595094463394
178	0.10136348	0.00045350198219531643
179	0.09905413	0.00010293055626602302
180	0.09829252	6.13665762662343e-05
181	0.09937551	0.0001275006076841057
182	0.09828968	6.124674850129013e-05
183	0.10052216	0.0002681749420720129
184	0.09926538	0.00011851559110551264
185	0.09886403	9.058282655361827e-05
186	0.10102615	0.0003681200705206423
187	0.09972292	0.00016024980986116256
188	0.09876396	8.466031027513156e-05
189	0.09814410999999999	5.539377747242948e-05
190	0.10019031	0.00021696072279044185
191	0.10048416	0.0002617806631170807
192	0.09782157	4.426128085356376e-05
193	0.09959561	0.0001474213276027201
194	0.09993274	0.00018371748105082687
195	0.1029916	0.0011939327056378728
196	0.10001155	0.0001933414471988796
197	0.10018996	0.00021691193034657349
198	0.10004544	0.00019762436682187382
199	0.09962683	0.00015047431474016034
200	0.09897662	9.771500238158703e-05
201	0.09967408	0.0001552086239408482
202	0.09829797	6.15971511674835e-05
203	0.09992655	0.00018298103192702223
204	0.09999186	0.00019089341631162645
205	0.0998731	0.00017673664553740007
206	0.10040215	0.0002484660957763052
207	0.09866932	7.93983328598119e-05
208	0.09843842	6.783091186109433e-05
209	0.09811951	5.445873147161716e-05
210	0.09839112	6.566754725607185e-05
211	0.09783312	4.462022684466257e-05
212	0.10027376	0.00022889386652757935
213	0.10047354	0.00026001942702938733
214	0.09836122	6.433396520203143e-05
215	0.10108485	0.00038180289181755285
216	0.10070302	0.0003006720213879367
217	0.09888971	9.216477574704549e-05
218	0.09773471	4.164854582650212e-05
219	0.10081298	0.00032220097218269743
220	0.09654675	1.7798126046014075e-05
221	0.0996276	0.00015055036161245257
222	0.10050644	0.0002655121251880858
223	0.10177801	0.0005837989665726672
224	0.09968754	0.0001565827946181446
225	0.09884107	8.919024689954588e-05
226	0.09827409	6.059290882894549e-05
227	0.10128123	0.0004311230118352277
228	0.09737071	3.221185805895122e-05
229	0.09829501	6.147181963424524e-05
230	0.09666121	1.934564268794587e-05
231	0.10014871	0.00021123321011109106
232	0.10026242	0.00022723675945433974
233	0.09789202	4.649417108905367e-05
234	0.10026474	0.00022757485803947687
235	0.09556898	8.62131088002466e-06
236	0.09782668	4.441974716573973e-05
237	0.09904062	0.00010200291754335683
238	0.0988256	8.826341709923715e-05
239	0.09735946	3.195547317655309e-05
240	0.09778563	4.316184135895503e-05
241	0.10048736	0.00026231355096272674
242	0.09855117	7.326375237560646e-05
243	0.09943189	0.00013234593340243065
244	0.09903827	0.00010184236937345032
245	0.09970806	0.00015869985857540543
246	0.10191694	0.0006347748541182343
247	0.10021766	0.0002208056230550794
248	0.09926661	0.00011861254969826749
249	0.10030429	0.00023341190764862224
250	0.09887482	9.124435726983486e-05
251	0.09863827	7.774059097588205e-05
252	0.09807087	5.265388464682973e-05
253	0.10061872	0.0002850899692510496
254	0.09952642	0.00014086244681025813
255	0.10060844	0.0002832425848882674
256	0.10038444	0.0002456757108746244
257	0.10023232	0.0002228928646017223
258	0.0979044	4.68974561766705e-05
259	0.09988281	0.00017785588554062226
260	0.09809742	5.363188737119716e-05
261	0.1000681	0.00020053777401878072
262	0.10076733	0.0003130932251119085
263	0.09867494	7.970194106902359e-05
264	0.09865446	7.860082756789331e-05
265	0.10045383	0.00025678018341774043
266	0.09992849	0.00018321154151390258
267	0.10072435	0.00030473959267398557
268	0.09848695	7.012072556939278e-05
269	0.09940172	0.0001297318729270714
270	0.09929813	0.00012112295460417886
271	0.1019133	0.000633387894226136
272	0.0981547	5.5800982104164074e-05
273	0.09926236	0.00011827784800332386
274	0.09770211	4.070635828390892e-05
275	0.09772965	4.1500956254196906e-05
276	0.10028388	0.00023038229400936563
277	0.10058452	0.0002789874487357595
278	0.09872665	8.254758615897225e-05
279	0.1018493	0.0006094589585933451
280	0.09832853	6.290537676639259e-05
281	0.10044416	0.00025520487769432947
282	0.09697709	2.4311395738049757e-05
283	0.09979757	0.00016825459578874986
284	0.09952867	0.00014107132920738582
285	0.09836703	6.45910702344222e-05
286	0.09926232	0.00011827470211650388
287	0.09707055	2.5999858007076283e-05
288	0.10023151	0.00022277705639643988
289	0.10020902	0.00021958412199786067
290	0.10091844	0.0003442012201707927
291	0.09790228	4.682816082361936e-05
292	0.10046269	0.00025823155819976786
293	0.09770912	4.0907229471269704e-05
294	0.09985185	0.00017431035914853034
295	0.09957806	0.00014573090046670015
296	0.10108876	0.0003827310317239684
297	0.09847126	6.937251261915215e-05
298	0.10051778	0.00026743050006405373
299	0.09754941	3.655674887428731e-05
300	0.10209090999999999	0.0007044647629134566
301	0.09882777	8.839287243559412e-05
302	0.10043299	0.00025339652600599497
303	0.09907857	0.00010462900553092122
304	0.09991647	0.0001817877274734195
305	0.09771412	4.105108017606287e-05
306	0.09862752	7.717434210132203e-05
307	0.09970643	0.00015853070747818025
308	0.09983905	0.000172864075261255
309	0.09819163	5.724337033665844e-05
310	0.09760815	3.810293728112148e-05
311	0.0997319	0.00016119336935641515
312	0.09646335	1.6745809047983305e-05
313	0.09851823	7.163528984356675e-05
314	0.09710736	2.6695100495373888e-05
315	0.09860928	7.62224999812137e-05
316	0.09938096	0.00012796155951159876
317	0.09898268	9.811358071778296e-05
318	0.09882785	8.839764841904952e-05
319	0.09803645	5.141119115242425e-05
320	0.09799822	5.006362944833227e-05
321	0.09855515	7.346287346149622e-05
322	0.09943202	0.00013235730411908307
323	0.09884166	8.922577652728869e-05
324	0.09903565	0.00010166365725394298
325	0.09727028	2.9990777419958154e-05
326	0.1009624	0.00035378160253375304
327	0.09761622	3.832016276531053e-05
328	0.10089505	0.00033920348013621887
329	0.09961245	0.0001490607604908384
330	0.10042706	0.0002524414008906703
331	0.09934568	0.00012500531465333981
332	0.09875667	8.424351837275012e-05
333	0.0988981	9.268726633476768e-05
334	0.09754228	3.637318720275749e-05
335	0.09706236	2.5847536878462936e-05
336	0.09531579	7.119662065090524e-06
337	0.09858528	7.498702834536481e-05
338	0.09774297	4.18905462827693e-05
339	0.09915855999999999	0.00011037524841798895
340	0.10038547	0.0002458371867647378
341	0.09739322	3.273075176436461e-05
342	0.09885228	8.986760727320558e-05
343	0.09903494	0.00010161527878088052
344	0.09825252	5.969919154656565e-05
345	0.10111198	0.0003882866159011972
346	0.09718827	2.828611126088975e-05
347	0.10023244	0.0002229100261922581
348	0.09890012	9.281348102527784e-05
349	0.09883239	8.866908646764435e-05
350	0.09926202	0.00011825111048738736
351	0.09885947	9.030462271067902e-05
352	0.09947031	0.0001357468966829279
353	0.09915795	0.00011033031926946428
354	0.09803085	5.1211665157574434e-05
355	0.09888518	9.188382922281344e-05
356	0.09974403	0.0001624762364121108
357	0.10048854	0.00026251031062255516
358	0.09949053	0.00013756978364192613
359	0.10088813	0.0003377379862834735
360	0.09887554	9.128866267465366e-05
361	0.10018504	0.00021622714055266536
362	0.09718666	2.8253588724720526e-05
363	0.0970873	2.631405196689966e-05
364	0.1000071	0.00019278561074647307
365	0.09986159	0.0001754185288791117
366	0.09995941	0.00018692259277466574
367	0.09930751	0.00012187966944051792
368	0.09901354	0.00010016729649603534
369	0.09802013	5.0831766597368736e-05
370	0.09716925	2.7904170555532394e-05
371	0.09793328	4.785120747580734e-05
372	0.10172646	0.0005658764614244795
373	0.09872232	8.230565668365809e-05
374	0.09745703	3.424531531480329e-05
375	0.09856791	7.410472826662694e-05
376	0.09959935	0.00014778395215411593
377	0.09860849	7.618152693745283e-05
378	0.09901504	0.00010026815060924251
379	0.09629269	1.4774805967472543e-05
380	0.10179099	0.0005883945464126395
381	0.09806187	5.232622209976481e-05
382	0.09849061	7.029635890357627e-05
383	0.09843873	6.784531093461345e-05
384	0.10170765	0.0005594656947987581
385	0.098155	5.581255896393017e-05
386	0.09794772	4.833497132267518e-05
387	0.09949239	0.00013773862408265983
388	0.09874859	8.378383209038888e-05
389	0.10112684	0.00039188156245761874
390	0.09854439	7.292572444221947e-05
391	0.09906197	0.00010347253064746372
392	0.09638249	1.578249859678133e-05
393	0.09789477	4.65834678595297e-05
394	0.09955545	0.00014358006363396027
395	0.09934159	0.0001246668050337935
396	0.09889882	9.273223509226263e-05
397	0.09770686	4.0842366481590646e-05
398	0.09910934	0.00010680508905776846
399	0.09905508	0.00010299608582400762
400	0.0995303	0.00014122283561278593
401	0.09890461	9.309461084241345e-05
402	0.10126863	0.00042778749619421967
403	0.09782781	4.445486240893081e-05
404	0.09695137	2.3865415760253925e-05
405	0.09787962	4.609354178558107e-05
406	0.09894574	9.570766187135653e-05
407	0.09948363	0.0001369451465441009
408	0.09998282	0.00018977929780197609
409	0.10238805	0.0008402168923672167
410	0.09840096	6.611213372884217e-05
411	0.0992849	0.00012006319616947947
412	0.09895768	9.64791412349077e-05
413	0.09836693	6.458663678138696e-05
414	0.09706124	2.5826772916559104e-05
415	0.09946801	0.0001355409972090607
416	0.10075192	0.0003100737029061853
417	0.09892569	9.442529668947745e-05
418	0.09745845	3.427976734715245e-05
419	0.10093595	0.0003479877061394472
420	0.09743543	3.372530542212611e-05
421	0.09925477	0.00011768233086968083
422	0.09934646	0.00012506997007658994
423	0.09622581	1.4064600949896038e-05
424	0.09936212	0.00012637475992287106
425	0.09722111	2.895733134157042e-05
426	0.09892225	9.420692191333728e-05
427	0.09902262	0.00010077927206631867
428	0.09899387	9.885361820230658e-05
429	0.10185669	0.0006121782770258551
430	0.09859143	7.530179559747033e-05
431	0.10040136	0.0002483409908456919
432	0.09968481	0.00015630315593475773
433	0.1006308	0.00028727529330497414
434	0.09890178	9.291732384493626e-05
435	0.09991889	0.00018207354408287518
436	0.09925398	0.00011762051006338705
437	0.09889393	9.242722823186892e-05
438	0.09946437	0.00013521574181768836
439	0.0989991	9.920130743047871e-05
440	0.09900105	9.933123905759113e-05
441	0.10060164	0.0002820267674075731
442	0.09910557	0.00010653618710451643
443	0.09972884	0.00016087125730732073
444	0.10075048	0.00030979294252730233
445	0.09792363	4.753048662766896e-05
446	0.09901161	0.00010003767214265689
447	0.1010155	0.0003656873940549226
448	0.09938389	0.0001282100245599836
449	0.1019399	0.0006435888773263632
450	0.09800873	5.043070959325048e-05
451	0.097644	3.907698443208476e-05
452	0.10157694	0.0005167566404366188
453	0.09796267	4.8840718275342605e-05
454	0.0982322	5.8868728401469606e-05
455	0.09857542	7.448497974175986e-05
456	0.09876931	8.496742887337356e-05
457	0.10093002	0.0003467010068225936
458	0.0992643	0.00011843051853357159
459	0.09714725	2.7468521691209284e-05
460	0.10001468	0.00019373331070769446
461	0.09644333	1.6502200407896426e-05
462	0.09690663	2.3108172377006288e-05
463	0.09947935	0.0001365590380019642
464	0.0988207	8.797175904380325e-05
465	0.09842838	6.736613246119462e-05
466	0.09951587	0.0001398869109091305
467	0.09939783	0.00012939839986483194
468	0.10048206	0.00026143150882172966
469	0.09786612	4.566110628558879e-05
470	0.10115042	0.00039765013771198726
471	0.10015564	0.00021217734576893751
472	0.09749104	3.507959915170859e-05
473	0.09912815	0.00010815636968274186
474	0.09765326	3.933240462864344e-05
475	0.10140032	0.00046387411647824277
476	0.09695795	2.397876277541722e-05
477	0.09969444	0.0001572916802113617
478	0.09790531	4.692723078116822e-05
479	0.09869693	8.090051421432367e-05
480	0.09696598	2.4117783466902238e-05
481	0.09735823	3.1927559974078765e-05
482	0.09989653	0.00017944874422687213
483	0.09821552	5.819524071119569e-05
484	0.09544321	7.840957756467613e-06
485	0.10023558	0.0002233595302012539
486	0.09742775	3.354223233484946e-05
487	0.09813233	5.494413237841644e-05
488	0.09829918	6.164845449482383e-05
489	0.10177972	0.0005844024709913122
490	0.09926309999999999	0.00011833606118429396
491	0.0994104	0.00013047890265723464
492	0.10044994	0.0002561453809696766
493	0.09988166	0.00017772298071081074
494	0.09972269	0.0001602257115672765
495	0.10068172	0.00029666109715083326
496	0.0987214	8.225434029402778e-05
497	0.09739696	3.2817732920450426e-05
498	0.09858954	7.520492912302996e-05
499	0.09872515	8.246370066836979e-05
500	0.09986142	0.0001753991302637392
501	0.09637346	1.567827066761551e-05
502	0.09936736	0.00012681422182352626
503	0.09852372	7.190429436652479e-05
504	0.09795805	4.868389256835445e-05
505	0.0983738	6.489188768996675e-05
506	0.0979563	4.8624614003648246e-05
507	0.10118501	0.0004062562943220751
508	0.09986021	0.00017526111620190795
509	0.10173427	0.0005685583447420871
510	0.10266585	0.000988783356971828
511	0.09875581	8.419447793993547e-05
512	0.09965032	0.00015281063790138652
513	0.09836224	6.43790319864164e-05
514	0.09978561	0.0001669472274747103
515	0.10127228	0.0004287512423330431
516	0.09788494	4.626502091332638e-05
517	0.10233696	0.0008152648644855477
518	0.09728459	3.029808622516881e-05
519	0.10046302	0.0002582857649038974
520	0.09977605	0.00016590910559398297
521	0.10050201	0.00026476622737499475
522	0.10206615	0.0006941288078625042
523	0.09902776	0.00010112726592402942
524	0.0988491	8.96749633539578e-05
525	0.09594778	1.1447097045306145e-05
526	0.09831291	6.223344809839904e-05
527	0.09931579	0.00012255135596900098
528	0.09830217	6.177540288166352e-05
529	0.09753235	3.6119001413134906e-05
530	0.09771269	4.100988980050223e-05
531	0.10020587	0.00021914036785135386
532	0.09927862	0.00011956322566865102
533	0.09718583	2.8236836378562286e-05
534	0.09763019	3.8698991928093775e-05
535	0.09896583	9.700911480404295e-05
536	0.10033686	0.0002383242963125366
537	0.09803276	5.127963492431022e-05
538	0.09820564	5.77997742881841e-05
539	0.09979007	0.00016743363319331615
540	0.09922062	0.00011503780445776062
541	0.09760291	3.796251700682925e-05
542	0.09846689	6.916547190522167e-05
543	0.10254019	0.0009187916270119388
544	0.09523809	6.7115312175858335e-06
545	0.09712996	2.7130700620348236e-05
546	0.09780037	4.360957227396947e-05
547	0.0991804	0.0001119953113756794
548	0.09938094	0.0001279598650693929
549	0.09799532	4.996278984257223e-05
550	0.09943745	0.00013283307564149077
551	0.0995424	0.0001423523295629876
552	0.09871847	8.209111076411501e-05
553	0.09801798	5.075589743752497e-05
554	0.09882728	8.836362487101286e-05
555	0.0995827	0.00014617603942957343
556	0.0987675	8.486340721373325e-05
557	0.09887183	9.106058460230287e-05
558	0.09890855	9.334196801625644e-05
559	0.09680869	2.1529739733843574e-05
560	0.0969038	2.3061052668556435e-05
561	0.09950916	0.0001392697755704758
562	0.09980363	0.00016892070582087378
563	0.09810668	5.3977032921495454e-05
564	0.09755341	3.666011465516704e-05
565	0.09960891	0.00014871470662359396
566	0.09907485	0.00010436878507256126
567	0.09806619	5.248325754416998e-05
568	0.09916029999999999	0.00011050350210176199
569	0.10036787	0.00024309166200788644
570	0.09897466	9.758641771198402e-05
571	0.10025636	0.00022635585174429721
572	0.10033931	0.000238697726115922
573	0.09972285	0.00016024247523574274
574	0.09943378	0.00013251133700998427
575	0.09932135	0.00012300435429948292
576	0.10035384	0.0002409237328187407
577	0.10027856	0.00022959870804662425
578	0.10102976	0.00036894810543536337
579	0.10068571	0.0002974085929922625
580	0.09781535	4.406911791562494e-05
581	0.0986384	7.774746268360761e-05
582	0.09725649	2.9697448246542654e-05
583	0.09748401	3.490557799226152e-05
584	0.10091658	0.00034380127962158627
585	0.09744766	3.4018805886855775e-05
586	0.09920762	0.00011404595397840083
587	0.09870439	8.131099130772931e-05
588	0.09852652	7.204186029650755e-05
589	0.10090519	0.00034136167469463007
590	0.09874687	8.368628544729365e-05
591	0.09901894	0.00010053082138948665
592	0.09998532	0.00019008679114632793
593	0.10198667	0.0006618974578702628
594	0.09896924	9.723167530773161e-05
595	0.1029578	0.0011709438860467785
596	0.0996857	0.00015639426836613665
597	0.09903753	0.00010179186331989845
598	0.10041974	0.00025126706257979535
599	0.09671247	2.007961000966982e-05
600	0.09946541	0.00013530859660169743
601	0.10042128	0.0002515136952219171
602	0.10002053	0.00019446771495686995
603	0.09838239	6.527548918489076e-05
604	0.09997316	0.00018859554382262366
605	0.09824525	5.940080207814925e-05
606	0.09999272	0.00019099972598037268
607	0.09873555	8.30469727400151e-05
608	0.09708708	2.6309901870327637e-05
609	0.09940728	0.00013020991828221833
610	0.10062424	0.00028608661584268843
611	0.09560495	8.85784066970142e-06
612	0.09872491	8.245028649026566e-05
613	0.09581308	1.0353377814866033e-05
614	0.09889399	9.24309648827088e-05
615	0.09929376	0.00012077193150628034
616	0.09927372	0.00011917448931642276
617	0.09735936	3.195320294240615e-05
618	0.09895576	9.63546881937558e-05
619	0.09775049	4.211202932483369e-05
620	0.09867112	7.94954543703915e-05
621	0.09896143	9.672265267658831e-05
622	0.09570133	9.522662043518192e-06
623	0.09647282	1.6862236370302185e-05
624	0.10023473	0.00022323776501919954
625	0.10083972	0.00032765083633577605
626	0.09598649	1.178133489316447e-05
627	0.10172811	0.000566442070201505
628	0.09895685	9.642532255621919e-05
629	0.09945633	0.000134499932019762
630	0.1008262	0.00032488460974607243
631	0.09955216	0.00014326960358328065
632	0.09961514	0.00014932423056879894
633	0.09857398	7.441192557460045e-05
634	0.09895923	9.657972216167998e-05
635	0.09916553	0.00011088984957795649
636	0.09753308	3.613763002768396e-05
637	0.10010599	0.0002054998970877091
638	0.10103685	0.00037057944214776936
639	0.09988099	0.00017764559238405344
640	0.10013194	0.00020896483026313877
641	0.09939235	0.00012892999717490755
642	0.09896992	9.727611465449744e-05
643	0.09935983	0.0001261831573781571
644	0.0974271	3.352678139579984e-05
645	0.09732111	3.109601863650301e-05
646	0.09855561	7.348592052036979e-05
647	0.09904132	0.00010205078669310969
648	0.09931571	0.00012254484953272545
649	0.10075785	0.0003112324094490619
650	0.09754933	3.655468439199131e-05
651	0.09537319	7.436342233095167e-06
652	0.10110219	0.0003859351222344566
653	0.0988729	9.112630908173932e-05
654	0.10181434	0.0005967467665928368
655	0.09739941	3.2874831887864405e-05
656	0.09879499	8.645635239691423e-05
657	0.1007878	0.0003171469398535974
658	0.10183415	0.0006039193802589789
659	0.09738043	3.2434951702847844e-05
660	0.09651993	1.7453012092577452e-05
661	0.09861634	7.658959314449093e-05
662	0.09538197	7.485957764885221e-06
663	0.09943265	0.00013241242143977925
664	0.09720059	2.8536163578843995e-05
665	0.10045751	0.0002573820778817731
666	0.09882679	8.833438647536809e-05
667	0.097947	4.831074038943997e-05
668	0.10057926	0.00027805983839683946
669	0.0987641	8.46683336016551e-05
670	0.1016599	0.0005434950736345306
671	0.09986282	0.0001755589438594036
672	0.10072442	0.0003047530261507463
673	0.09995983	0.0001869734860345311
674	0.09974056	0.00016210826928548784
675	0.09959812999999999	0.00014766557040240465
676	0.09789141999999999	4.647470980146173e-05
677	0.09667373	1.952250840268664e-05
678	0.09677072	2.094593768011817e-05
679	0.09971228	0.0001591385751989219
680	0.10155019	0.0005084005648145824
681	0.09853488	7.245407990777909e-05
682	0.09857849	7.464095432613463e-05
683	0.09927332	0.00011914280855738418
684	0.09953725	0.00014187055555161304
685	0.09962508	0.00015030161579534382
686	0.10020582	0.00021913333094715352
687	0.09836142	6.434279946550557e-05
688	0.09917768	0.0001117923258499652
689	0.09816199	5.608294663106962e-05
690	0.09958189	0.00014609823958705256
691	0.09999968	0.00019186214812406594
692	0.09783225	4.45930932172898e-05
693	0.09748945	3.504016801302943e-05
694	0.10000682	0.0001927506871770686
695	0.09904986	0.00010263650515590629
696	0.09753499	3.618641394333433e-05
697	0.10268992	0.0010027427207336453
698	0.10028922	0.00023117135649174304
699	0.09907777	0.00010457299236829659
700	0.09953245	0.0001414229104150589
701	0.09776637	4.258340170436354e-05
702	0.09853331	7.237649521654229e-05
703	0.09888228	9.170439991840587e-05
704	0.09838984	6.560992387360025e-05
705	0.09913951	0.00010898027225151069
706	0.09743461	3.370571326194589e-05
707	0.0991729	0.00011143645162209058
708	0.09818103	5.682577864406572e-05
709	0.09936716	0.00012679742198689223
710	0.09962603	0.00015039534341767093
711	0.10103041	0.0003690973829936887
712	0.09891373	9.366812091135967e-05
713	0.09528226	6.94070269471191e-06
714	0.10093234	0.00034720387112085414
715	0.10105687	0.00037522242313791753
716	0.09936622	0.00012671849092975597
717	0.09677372	2.0991508201708752e-05
718	0.09936313	0.00012645935321417863
719	0.09812412	5.4632807872372116e-05
720	0.09993356	0.00018381524908825877
721	0.09849833	7.066819005097026e-05
722	0.09852475	7.195486997817153e-05
723	0.09983156	0.00017202303032063274
724	0.09998179	0.00018965274696900643
725	0.10085971	0.00033178137233497076
726	0.09956271	0.000144267401231906
727	0.09940225	0.00012977737037882342
728	0.09802418	5.0974975792290194e-05
729	0.09671571	2.0126884643190513e-05
730	0.10195589	0.0006497945063440634
731	0.09883948	8.909456428391999e-05
732	0.09954015	0.00014214165600287667
733	0.09849289	7.040598072922675e-05
734	0.09770451	4.077502425472829e-05
735	0.09907768	0.00010456669266378486
736	0.09907143	0.0001041300906607977
737	0.09888632	9.195445451404239e-05
738	0.10048222	0.00026145809563617
739	0.09739621	3.280027254166427e-05
740	0.09832294	6.266412311837309e-05
741	0.09857724	7.457740940994488e-05
742	0.10026274	0.00022728336561562995
743	0.09763339	3.878626783788682e-05
744	0.10027532	0.0002291227163218545
745	0.0992796	0.00011964111668864562
746	0.09823112	5.882489810539441e-05
747	0.10025171	0.00022568208842895283
748	0.09822104	5.841730718313933e-05
749	0.09659434	1.842661394671098e-05
750	0.10030031	0.0002328181983849238
751	0.09845696	6.869718859562524e-05
752	0.099863	0.00017557950128210942
753	0.09664493	1.9117948670101693e-05
754	0.0981265	5.472288491523611e-05
755	0.10086645	0.00033318503997151904
756	0.09726222	2.9818998330752147e-05
757	0.10038368	0.0002455566275939413
758	0.09645638	1.6660608821016066e-05
759	0.09781101	4.3935506719042755e-05
760	0.09966305	0.0001540910335107184
761	0.10092093	0.0003447373077453217
762	0.09957142	0.00014509611744068749
763	0.09770452	4.077531059340323e-05
764	0.09946327	0.00013511759554409684
765	0.1028471	0.0010984927069604352
766	0.10069158	0.0002985115088521457
767	0.09825193	5.967492264698127e-05
768	0.09744806	3.4028446216166474e-05
769	0.10024686	0.00022498135772736904
770	0.0993226	0.00012310641518323694
771	0.09706853	2.596220983643251e-05
772	0.09684608	2.2119782743885116e-05
773	0.10018003	0.0002155319163927719
774	0.09963925	0.00015170537766833912
775	0.09810905	5.406570792582426e-05
776	0.0994617	0.00013497763063059377
777	0.1000252	0.00019505586530428552
778	0.09878216	8.57094066816142e-05
779	0.09907122	0.00010411545083586819
780	0.09954179	0.00014229518449948632
781	0.10129108	0.00043374748017301995
782	0.09761975	3.841555225535893e-05
783	0.09938884	0.0001286308225444035
784	0.09846283	6.897364378619797e-05
785	0.09960629	0.00014845907627819883
786	0.09979263	0.00016771342934325214
787	0.09919069	0.00011276638248539048
788	0.09971635	0.00015956278172340807
789	0.09801987	5.082258599590086e-05
790	0.09962801	0.00015059086890564208
791	0.09849887	7.069426866860219e-05
792	0.09748919	3.503372417088125e-05
793	0.10033238	0.00023764287445803548
794	0.09849316	7.041897299613707e-05
795	0.10104305	0.0003720115391131548
796	0.10095171	0.00035142913811010685
797	0.09957007	0.00014496737745712051
798	0.09838533	6.540727370409469e-05
799	0.1005991	0.00028157388317933264
800	0.10173497	0.0005687992971470569
801	0.09897901	9.787201403158022e-05
802	0.09934061	0.00012458582394099256
803	0.10065022	0.00029082147312336874
804	0.10115595	0.000399014458302646
805	0.09950351	0.00013875212648036355
806	0.09711401	2.6822577426980798e-05
807	0.09780797	4.3842146898549604e-05
808	0.09816506	5.620209345820418e-05
809	0.09732896	3.1270130458879394e-05
810	0.09887874	9.148582225351182e-05
811	0.09737423	3.229247977934825e-05
812	0.0998456	0.00017360274591232778
813	0.09934045	0.0001245726072612661
814	0.09948686	0.00013723721481816498
815	0.10147849	0.0004866220261931978
816	0.09772848	4.1466900722418864e-05
817	0.10191592	0.0006343859150598593
818	0.0994739	0.00013606886961692728
819	0.09899575	9.897846714414521e-05
820	0.10072407	0.0003046858643275927
821	0.09741448	3.32281357828602e-05
822	0.0985069	7.108314634717481e-05
823	0.09955631	0.00014366132201333557
824	0.09996224	0.00018726576901582776
825	0.09810636	5.396507051970615e-05
826	0.09958651	0.00014654251193099536
827	0.09895079	9.603324198084997e-05
828	0.09840152	6.613752112082136e-05
829	0.0984247	6.719653319977392e-05
830	0.10131717	0.0004407714527532783
831	0.09942947	0.00013213443159566248
832	0.09937999	0.00012787940348843452
833	0.09682847	2.1839985775035757e-05
834	0.09811258	5.419804170666727e-05
835	0.10109343	0.0003838423485986051
836	0.09935895	0.00012610960151476785
837	0.09814641	5.5481975913776494e-05
838	0.09856409	7.391201854972941e-05
839	0.09853146	7.228517490712031e-05
840	0.10073283	0.00030637101552550547
841	0.09669987	1.9896770284605114e-05
842	0.09966418	0.0001542051780562748
843	0.09712031	2.6943880388549724e-05
844	0.09975781	0.0001639452947279513
845	0.10033023	0.00023731650423643947
846	0.0976258	3.857956438765725e-05
847	0.09975726	0.00016388642097297997
848	0.10089307	0.0003387835543305559
849	0.09873007	8.273914760526229e-05
850	0.09790232	4.682946738142514e-05
851	0.09810965	5.40881792414646e-05
852	0.09889866	9.27222402495975e-05
853	0.09817627	5.6639199307167346e-05
854	0.09808379	5.312767285890305e-05
855	0.09769721	4.056650679580661e-05
856	0.09832189	6.261890524313886e-05
857	0.09875031	8.3881486487997e-05
858	0.09971644	0.00015957217426070016
859	0.10118712	0.0004067868785486632
860	0.09940361	0.00012989418756178354
861	0.09906229	0.00010349470932242044
862	0.10146425	0.00048240188671311236
863	0.10098112	0.00035793678191941365
864	0.09859915	7.569869193962007e-05
865	0.09871017	8.163038509528257e-05
866	0.0964867	1.7034280548442967e-05
867	0.09699244	2.4581339054777717e-05
868	0.09887103	9.10114741440911e-05
869	0.09889411	9.243843861364741e-05
870	0.09860431	7.596508024860792e-05
871	0.09774262	4.188026493753235e-05
872	0.10085808	0.0003314427439964543
873	0.09644699	1.654648173991958e-05
874	0.10019688	0.00021787854668446375
875	0.10038605	0.0002459281588707456
876	0.09989037	0.00017873192637488664
877	0.09512488	6.156822799657019e-06
878	0.09813821	5.516813800248489e-05
879	0.09661109	1.8652821736818222e-05
880	0.09819032	5.7191604892946464e-05
881	0.09987551	0.00017701381701016838
882	0.10092291	0.00034516415321815037
883	0.09821657	5.82374197709042e-05
884	0.09962248	0.00015004538001952975
885	0.09928179	0.00011981535273167193
886	0.09837511	6.495024943650492e-05
887	0.1004908	0.0002628875428551974
888	0.09926382	0.0001183927270410263
889	0.09721319	2.879407793263538e-05
890	0.09898988	9.858914008516856e-05
891	0.09716767	2.7872664744769348e-05
892	0.09955328	0.0001433752208628115
893	0.09970802	0.00015869570559028906
894	0.09948049	0.00013666177938820358
895	0.09810595	5.394974737378674e-05
896	0.09917856	0.00011185795952112574
897	0.09921307	0.00011446077943936637
898	0.09823067	5.880664463075679e-05
899	0.09973874	0.00016191558664925928
900	0.10138261	0.0004588605480801446
901	0.09988104	0.00017765136653488247
902	0.09917888	0.00011188183534743662
903	0.10138595	0.00045980218019886867
904	0.10036199999999999	0.00024218240034705213
905	0.09693283	2.3548789029736305e-05
906	0.09985719	0.00017491709803474186
907	0.0994201	0.00013131852628450394
908	0.09840839	6.64497239815381e-05
909	0.10106108	0.0003762057088376747
910	0.0970096	2.4886497727542058e-05
911	0.09831691	6.240486486992089e-05
912	0.09910601	0.00010656753783194132
913	0.09815512	5.581719034669353e-05
914	0.10100661	0.0003636682888903011
915	0.10147866	0.0004866726150066371
916	0.09858193999999999	7.481660485208196e-05
917	0.10042034	0.00025136312615940844
918	0.09921587	0.0001146744553539934
919	0.09754062	3.633057667466311e-05
920	0.09957947	0.00014586603341268956
921	0.10021045	0.00021978585139253003
922	0.09959206	0.00014707790254335875
923	0.0995765	0.0001455815294340656
924	0.09973372	0.0001613852408913928
925	0.09924882	0.00011721747327623962
926	0.10012226	0.00020766593789646419
927	0.09814151	5.529423528729948e-05
928	0.10273364	0.0010285670952781291
929	0.09918735	0.00011251555405152519
930	0.09765918999999999	3.9496806650419335e-05
931	0.09834712	6.371404331020745e-05
932	0.10150333	0.0004940663185649558
933	0.09764781	3.9181884580760423e-05
934	0.09842216	6.707970928269945e-05
935	0.10097862	0.0003573792341760845
936	0.09770977	4.092590289954758e-05
937	0.0948456	4.970205890515537e-06
938	0.10142722	0.0004715874486168492
939	0.09995029	0.00018582069716417175
940	0.09967524	0.00015532660199628513
941	0.09787247	4.586402830758395e-05
942	0.10043701	0.0002540459457159857
943	0.0976282	3.864481152953786e-05
944	0.10065481	0.0002916656157364399
945	0.1002646	0.00022755444212124961
946	0.09876353	8.463567170571643e-05
947	0.09819423	5.734624276358155e-05
948	0.09790016	4.67589628435e-05
949	0.10006142	0.00019967474371203678
950	0.09992692	0.00018302497398305575
951	0.09811048	5.411927919099957e-05
952	0.10015546	0.00021215277257180567
953	0.09986756	0.00017610104720145936
954	0.09988688	0.00017832700627946847
955	0.10014711	0.00021101579078285353
956	0.09980605	0.0001691874046032355
957	0.09801686	5.0716417550055526e-05
958	0.10006285	0.00019985919930234336
959	0.10028484	0.00023052396078532245
960	0.09787556	4.596308297520547e-05
961	0.09776836	4.264282439330652e-05
962	0.09810767	5.40140575594984e-05
963	0.10035005	0.00024034122662720974
964	0.09926666	0.00011861649269064482
965	0.09920519	0.00011386145384723712
966	0.09996426	0.0001875110848333776
967	0.098741	8.335418904380988e-05
968	0.1005173	0.000267349035600515
969	0.09883515	8.883448741918274e-05
970	0.09686219	2.237874101172332e-05
971	0.10054149	0.0002714836753588621
972	0.09938176	0.0001280293545927308
973	0.10079377	0.0003183384394933227
974	0.09934957999999999	0.00012532890803143248
975	0.10064969	0.00029072414926832016
976	0.101937	0.0006424693427757211
977	0.10008755	0.00020307069678433232
978	0.09963933999999999	0.0001517143330161186
979	0.09933597	0.00012420307791498173
980	0.09727061	2.9997830619262916e-05
981	0.09768402	4.0192317879050594e-05
982	0.09833444	6.31613998148277e-05
983	0.10021914	0.00022101550237980423
984	0.09869759	8.093675052579318e-05
985	0.09863603	7.76222765784286e-05
986	0.09696445	2.4091235924867275e-05
987	0.10069545	0.00029924074420577284
988	0.09821413	5.813944829720693e-05
989	0.1010423	0.0003718380261267939
990	0.09817139	5.6448520496964227e-05
991	0.09857448	7.443728390009616e-05
992	0.09808054	5.3008112468353855e-05
993	0.09932653	0.00012342781640089714
994	0.09952327	0.00014057050220819017
995	0.09963593	0.00015137537338006646
996	0.09819555	5.739853748693459e-05
997	0.09795842	4.869643454641603e-05
998	0.10107339	0.00037909470228515756
999	0.0979937	4.990654283775858e-05
