Dataset	Random-mean	P-value
0	0.0093622	0.31598138224487615
1	0.00881475	0.5104189666297887
2	0.00815879	0.8064260759189964
3	0.00824108	0.766558858801104
4	0.00781097	0.9793302551494358
5	0.00893629	0.4625184530899794
6	0.00789797	0.9356637537494858
7	0.00826375	0.7556790161723672
8	0.00857679	0.6112172509870006
9	0.00827793	0.748898181455084
10	0.00864901	0.5797026216428989
11	0.00862376	0.5906339034138348
12	0.00875255	0.5359029070550505
13	0.00762303	0.9263014238234297
14	0.00828063	0.7476092348839872
15	0.00890719	0.47375297166184316
16	0.00853663	0.6290648314488206
17	0.0086809	0.5660343252334554
18	0.00882471	0.5063980923809488
19	0.00826008	0.7574371025278053
20	0.00861873	0.592822813028512
21	0.00816333	0.8042123221995096
22	0.008045	0.8623744104666964
23	0.00791772	0.9257731979513534
24	0.00904916	0.4203827978136929
25	0.00892351	0.4674339286483903
26	0.00841265	0.6855110746167473
27	0.00811109	0.8297759154736635
28	0.0079953	0.8870476390831735
29	0.00764851	0.9390641474960721
30	0.00878702	0.5217012047770804
31	0.00817733	0.7973957508900531
32	0.00889133	0.4799387637919479
33	0.00727915	0.7572144424664046
34	0.00778296	0.9934084317628666
35	0.0079986	0.8854056957099654
36	0.00857549	0.6117914510157458
37	0.00830034	0.73822156471537
38	0.00921435	0.36296898313192605
39	0.00764409	0.9368489869347439
40	0.00854203	0.626652010476163
41	0.00846486	0.6615023361090094
42	0.00855234	0.6220564364168713
43	0.00845064	0.6680081724048414
44	0.00836872	0.7059632141080983
45	0.00879596	0.5180498716788611
46	0.00847366	0.65748898514479
47	0.00786547	0.9519603328890515
48	0.00866219	0.5740347677163937
49	0.00783112	0.9692063500766934
50	0.00762859	0.9290848756812708
51	0.00794242	0.9134200948187299
52	0.00890191	0.47580740725443815
53	0.00874044	0.5409381927764153
54	0.0082279	0.7729056782139774
55	0.00842084	0.6817230056556389
56	0.008329	0.7246410040989687
57	0.0087538	0.5353845133618564
58	0.0089227	0.46774644852388736
59	0.00787911	0.9451179339422945
60	0.00880462	0.5145255779099666
61	0.00861838	0.5929752615171342
62	0.00853354	0.6304472922739057
63	0.00870094	0.5575251619527517
64	0.00826475	0.7552001930148752
65	0.00857548	0.6117958688669869
66	0.00781299	0.9783151748275623
67	0.00811069	0.8299723911947795
68	0.00894504	0.4591697527415023
69	0.00861468	0.5945879606051279
70	0.00892722	0.46600399493222355
71	0.00842324	0.6806144661653364
72	0.00839104	0.6955441252083385
73	0.00825381	0.7604436086998531
74	0.0085756	0.611742855586779
75	0.00789073	0.9392920336919082
76	0.00770918	0.9695104267270314
77	0.00904635	0.42140357893296587
78	0.00858822	0.6061790545386654
79	0.00818726	0.7925701970548158
80	0.00887987	0.4844357930688231
81	0.00816461	0.8035884638034029
82	0.00873003	0.545285494341344
83	0.00811441	0.828145580094719
84	0.00796724	0.9010280767567838
85	0.0089362	0.4625529677066581
86	0.00854773	0.6241094837404679
87	0.00798554	0.8919066306418483
88	0.00779623	0.9867382378205234
89	0.00822923	0.772264518328488
90	0.00793035	0.9194541784828474
91	0.0096281	0.24200433565945387
92	0.00890593	0.4742427899286846
93	0.00766049	0.9450704638533605
94	0.00882208	0.5074582036378636
95	0.00859413	0.6035813312623961
96	0.00892049	0.46859971649839627
97	0.00900966	0.43486512150705403
98	0.00845294	0.6669541787306423
99	0.00871072	0.5533952807069822
100	0.00848102	0.6541399466846034
101	0.00841501	0.6844187002082712
102	0.00811261	0.8290294051873295
103	0.00766442	0.9470415155602623
104	0.00822998	0.7719030307190213
105	0.00898681	0.44337310616188963
106	0.00880372	0.5148912611672238
107	0.00850819	0.6418375029731231
108	0.00839143	0.6953625757888188
109	0.00880936	0.512601882634506
110	0.0086218	0.5914863948110906
111	0.00919109	0.37074171984279225
112	0.00773289	0.9814235069195549
113	0.00928845	0.3388957659112931
114	0.00877661	0.5259695934926992
115	0.00756403	0.8968271909348065
116	0.00834496	0.7171155260566466
117	0.00813432	0.8183842874656988
118	0.0083881	0.696913291226434
119	0.00790053	0.9343811427166699
120	0.00885007	0.4962361051220925
121	0.00856721	0.6154542680710724
122	0.00768392	0.9568261161010054
123	0.00819809	0.7873163565356756
124	0.0080699	0.8500618689618087
125	0.0082437	0.7652990540774723
126	0.00823805	0.7680165804842108
127	0.00834767	0.715840410723602
128	0.00785457	0.9574308111390877
129	0.00763059	0.9300863319800614
130	0.00791138	0.9289470122182164
131	0.00853322	0.6305905340178464
132	0.00848976	0.6501720187159662
133	0.00790659	0.9313456486499327
134	0.00870239	0.5569119096772094
135	0.00857355	0.6126487791149555
136	0.0090751	0.41102863412722324
137	0.00824636	0.7640206523871098
138	0.00978594	0.20436129491942107
139	0.00848394	0.6528131795672775
140	0.00822867	0.7725344614080117
141	0.00855903	0.6190823092056092
142	0.00903235	0.42651100851616164
143	0.008475710000000001	0.656555471906862
144	0.0091493	0.3849646186343427
145	0.00844498	0.6706047071462222
146	0.00905067	0.41983486633411415
147	0.00834924	0.7151020539863717
148	0.00775469	0.9923806389632498
149	0.00840548	0.6888338942862794
150	0.00849634	0.6471912646256754
151	0.00893207	0.46413835437296924
152	0.00737646	0.8042587966237577
153	0.00755285	0.8912568708530025
154	0.00812267	0.8240926191956268
155	0.00799196	0.8887099799951167
156	0.00865082	0.5789227019162031
157	0.00934528	0.3211461551379648
158	0.00854393	0.6258040051384278
159	0.00878522	0.5224379748925265
160	0.00736112	0.7967904712547144
161	0.00884901	0.49665866142113957
162	0.0082625	0.7562776774755893
163	0.00847047	0.6589426885747813
164	0.00836755	0.7065109243719047
165	0.00780666	0.981496204981131
166	0.00844614	0.6700722323370577
167	0.00856675	0.6156580410908112
168	0.00814934	0.8110389713774282
169	0.00830293	0.7369908446759232
170	0.0086588	0.57549006773889
171	0.00854424	0.6256656934244633
172	0.00872708	0.5465205933033305
173	0.00826035	0.7573077180033463
174	0.00793439	0.9174339497360182
175	0.00851398	0.6392283666231406
176	0.00817563	0.7982226626082674
177	0.0083361	0.7212898578035989
178	0.00780323	0.9832200176537951
179	0.00838274	0.6994120047176342
180	0.00782959	0.9699749095007353
181	0.00883665	0.5015999942002328
182	0.00785469	0.9573705742670702
183	0.0080193	0.8751177641643827
184	0.00802275	0.8734051165109342
185	0.00833618	0.7212521288230289
186	0.00864671	0.580694392345586
187	0.00835223	0.7136966238104805
188	0.00884109	0.4998219534505839
189	0.00817374	0.7991422603986963
190	0.00844406	0.6710271327802465
191	0.00818405	0.7941292577070554
192	0.00832164	0.7281204612565446
193	0.00774733	0.9886810858429118
194	0.00806957	0.8502248146153317
195	0.00916941	0.3780790438027746
196	0.00833873	0.7200498744557979
197	0.00855356	0.6215136059170967
198	0.00827033	0.7525300959051718
199	0.00893289	0.4638233391029304
200	0.00858533	0.6074511689440396
201	0.00832123	0.728314455824989
202	0.00778728	0.99123690109943
203	0.00876727	0.529814431970093
204	0.00898239	0.44502979332853165
205	0.00843411	0.675602396220987
206	0.00823294	0.7704768449720896
207	0.00758112	0.9053518801574914
208	0.00826178	0.756622573015386
209	0.00834231	0.7183631751607326
210	0.00811002	0.8303015119093486
211	0.00862413	0.5904730375609921
212	0.00812437	0.823259054313598
213	0.00796147	0.9039068520467781
214	0.00794747	0.9108969422788566
215	0.00826168	0.7566704790207588
216	0.00884559	0.49802331399520683
217	0.0075663300000000005	0.897973784328604
218	0.00794481	0.9122258584908971
219	0.00879193	0.5196941883402793
220	0.00874524	0.5389395402430109
221	0.00816198	0.8048704333703318
222	0.00822066	0.7763986181168246
223	0.0082011	0.7858578589064367
224	0.00818432	0.7939980898922033
225	0.00834791	0.7157275236246529
226	0.00786813	0.9506256700525819
227	0.00861759	0.5933194257452834
228	0.00844935	0.6685996130563845
229	0.00877711	0.5257641710934704
230	0.00932633	0.3269958628143338
231	0.00778931	0.9902165042536512
232	0.0084119	0.6858583657287713
233	0.00827664	0.7495142601981543
234	0.00863417	0.5861156633048092
235	0.00903798	0.4244527541548331
236	0.00819517	0.788731959896612
237	0.00783142	0.9690556554911618
238	0.00841826	0.6829154545020266
239	0.00806544	0.852264644511662
240	0.009193690000000001	0.3698677749005729
241	0.00797719	0.8960668974168482
242	0.00902892	0.4277678276962694
243	0.00891957	0.4689551776212799
244	0.00811468	0.8280130251209802
245	0.00803753	0.8660748639364406
246	0.00790334	0.9329734734587276
247	0.00851309	0.639629135560142
248	0.0081287	0.82113682085005
249	0.00813649	0.817322075051174
250	0.00837537	0.7028530682202259
251	0.00807533	0.8473815995870176
252	0.00925566	0.349418851497066
253	0.00830446	0.7362641344861607
254	0.00832935	0.7244756820939521
255	0.00811214	0.8292602175242317
256	0.00852466	0.6344274042380643
257	0.0089022	0.4756944419345783
258	0.00814376	0.8137658803690562
259	0.00912356	0.39388924301513595
260	0.00834611	0.7165743286345321
261	0.0083958	0.6933294910189998
262	0.00890044	0.47638025140526574
263	0.00848296	0.6532583419163198
264	0.00884461	0.4984147232896179
265	0.00906257	0.41553148269817863
266	0.00857366	0.6126001534908461
267	0.00767504	0.9523694611325813
268	0.00875762	0.5338018745552207
269	0.00886569	0.49003173855676696
270	0.00787605	0.9466526237474964
271	0.00866419	0.5731770042958823
272	0.00875974	0.5329245753008696
273	0.0077271	0.9785138381566274
274	0.0086404	0.5834193773517984
275	0.0080392	0.8652473286300102
276	0.00889938	0.4767935577362543
277	0.00891119	0.4721998429831674
278	0.00895106	0.4568737792083155
279	0.00833814	0.7203279815108486
280	0.00816109	0.805304375133896
281	0.00810003	0.8352123600462004
282	0.00770909	0.9694652175706364
283	0.00843332	0.6759661766298217
284	0.00886829	0.48900307954784283
285	0.00891441	0.4709516209587329
286	0.0084039	0.6895669326061494
287	0.00874037	0.5409673672481392
288	0.00855071	0.6227820153555568
289	0.0085372	0.6288099566033454
290	0.00917674	0.37558832065683734
291	0.00828748	0.7443423108631761
292	0.00782371	0.9729288428105497
293	0.0084016	0.6906345359926852
294	0.00805681	0.8565302341499205
295	0.00795451	0.9073810264336724
296	0.00809819	0.8361175697573178
297	0.00871575	0.551277091053743
298	0.00822512	0.774246348668919
299	0.00844982	0.6683841030167819
300	0.00782733	0.971110218167988
301	0.00803615	0.8667588066741154
302	0.00878849	0.5210999070443987
303	0.00745595	0.8432315979837082
304	0.0074899499999999996	0.8600255913769608
305	0.0078784	0.9454740041108349
306	0.00847273	0.6579126582456423
307	0.00891623	0.4702469126667639
308	0.00846389	0.6619453170539566
309	0.00838182	0.6998412177385572
310	0.007945840000000001	0.9117112487386756
311	0.00744948	0.8400436360122989
312	0.00867287	0.5694613935544044
313	0.00778069	0.9945495113480045
314	0.00862588	0.5897124597590085
315	0.00788463	0.9423499942990592
316	0.00745631	0.843409056911341
317	0.00759357	0.9115690348854162
318	0.00845704	0.665076955425943
319	0.00833579	0.7214360640273484
320	0.00899585	0.4399957971703399
321	0.00883931	0.5005343684614765
322	0.00797977	0.8947811382402462
323	0.00863673	0.5850070176231483
324	0.00812225	0.8242985894506872
325	0.00873559	0.5429614301588384
326	0.00861894	0.5927313525844087
327	0.00885444	0.4944960896475564
328	0.00821563	0.7788280200552642
329	0.00875659	0.534228373515022
330	0.00817951	0.7963356919434171
331	0.00775576	0.9929184971753853
332	0.00818047	0.7958689963672818
333	0.0088523	0.49534777059187385
334	0.00838545	0.6981482525570751
335	0.00871417	0.5519420160235653
336	0.00763208	0.9308324891854742
337	0.00810613	0.8322129651279412
338	0.00788337	0.9429817463302941
339	0.00853412	0.6301877021166429
340	0.00878809	0.5212634900304427
341	0.00833037	0.7239939600482066
342	0.00835414	0.7127993500102978
343	0.00837446	0.7032783740639474
344	0.00827622	0.7497148785893565
345	0.00820109	0.7858627031689418
346	0.00872321	0.5481429803478592
347	0.00848589	0.6519277661640097
348	0.00780793	0.9808579635299948
349	0.00871763	0.5504864294287455
350	0.00882916	0.504607031533695
351	0.0090208	0.4307517598725462
352	0.00841328	0.6852194015662452
353	0.0081864	0.792987808044817
354	0.00821573	0.7787797005979763
355	0.00810795	0.8313185359378836
356	0.0079393	0.9149793925573284
357	0.00770758	0.9687067231816207
358	0.00954837	0.26277614446819036
359	0.00835803	0.7109731512862258
360	0.00796527	0.902010806693434
361	0.00791186	0.9287066831355257
362	0.00773283	0.9813933535736752
363	0.00839568	0.6933852899567667
364	0.00825786	0.7585011889613971
365	0.00872183	0.5487220826466771
366	0.0084317	0.6767123939868537
367	0.00899796	0.4392096453866915
368	0.00826653	0.7543481212379328
369	0.00893356	0.4635660372475069
370	0.00794343	0.9129153934630699
371	0.00818817	0.792128371327322
372	0.00859281	0.6041610980681287
373	0.00919199	0.3704390550505211
374	0.00862741	0.5890478687337536
375	0.00886223	0.49140245484363154
376	0.00816328	0.8042366942089617
377	0.00864889	0.5797543464941034
378	0.00822377	0.7748976375843406
379	0.00720071	0.7199298490389924
380	0.00830704	0.7350392376568615
381	0.00851856	0.6371676547661445
382	0.00769482	0.9622983961315199
383	0.00845898	0.6641894408227146
384	0.00877632	0.5260887573336237
385	0.008799940000000001	0.5164286082650726
386	0.00815879	0.8064260759189964
387	0.00853398	0.6302503576190087
388	0.00924813	0.35186447256205555
389	0.00897611	0.4473897153696711
390	0.00865523	0.5770245275731904
391	0.0082631	0.7559903017150793
392	0.00890753	0.4736208462852779
393	0.00857786	0.6107448199563259
394	0.00806576	0.8521065591313148
395	0.00814677	0.8122946298622395
396	0.00800369	0.8828740921846072
397	0.00907638	0.41057028774944593
398	0.00848448	0.652567938985118
399	0.00907462	0.41120059253936714
400	0.00878577	0.5222127938167886
401	0.00768235	0.9560380689654874
402	0.0088987	0.47705880129672484
403	0.00840082	0.6909967331072631
404	0.00765463	0.942132070081688
405	0.00875458	0.5350611641627359
406	0.00853417	0.6301653257979507
407	0.00860234	0.5999810027794972
408	0.00769051	0.9601343589870025
409	0.0085414	0.6269333005581303
410	0.00795014	0.9095632814740442
411	0.00782574	0.9719089883477252
412	0.0082601	0.7574275182551589
413	0.00843021	0.6773990108745285
414	0.00893785	0.46192042871430194
415	0.00774421	0.9871128660573147
416	0.0090165	0.43233681349546804
417	0.00858308	0.6084423958435909
418	0.00880033	0.5162698827607022
419	0.00853045	0.6318310518055417
420	0.0078104	0.9796166948492031
421	0.00883267	0.5031966735242399
422	0.00817281	0.7995948635602333
423	0.00797771	0.8958077300156735
424	0.00937201	0.3130120980181052
425	0.00816595	0.8029354964710325
426	0.00866998	0.5706972226554581
427	0.00797668	0.8963210916342912
428	0.00814397	0.8136632135345396
429	0.00899306	0.4410365480105848
430	0.00818873	0.7918565118350454
431	0.007754	0.9920337976433657
432	0.00865424	0.5774503922342247
433	0.00854409	0.6257326167979508
434	0.00888724	0.48154109946678114
435	0.00837834	0.7014656316005485
436	0.008036	0.8668331543140791
437	0.0086002	0.6009185169606779
438	0.0078821	0.9436185486679372
439	0.00815658	0.8075042604235215
440	0.00832695	0.7256095770602908
441	0.00856337	0.6171562405684877
442	0.00872859	0.5458882165076251
443	0.00891267	0.4716258991583111
444	0.00814251	0.8143770588175088
445	0.00801678	0.8763691128863524
446	0.00893328	0.4636735566803065
447	0.00884063	0.5000060089678905
448	0.00799122	0.8890783497650416
449	0.00845922	0.6640796779902594
450	0.00898886	0.4426059343821446
451	0.0079253	0.9219801962982481
452	0.00897086	0.4493680444280159
453	0.00846254	0.6625620344390132
454	0.00874476	0.5391392383351559
455	0.00856766	0.6152549536732823
456	0.00868586	0.5639224532454212
457	0.007857040000000001	0.9561909851567949
458	0.00900625	0.43612877016441376
459	0.00842665	0.679040606159497
460	0.00850958	0.6412107237679803
461	0.00850386	0.6437916270601022
462	0.00897826	0.44658097803420127
463	0.0090965	0.4034057451184081
464	0.00813757	0.816793541571561
465	0.00819499	0.7888192460664553
466	0.00891886	0.4692296031262485
467	0.00857363	0.6126134148550497
468	0.0080439	0.8629191351967728
469	0.00849584	0.6474175673418389
470	0.00787519	0.9470839777853697
471	0.00811388	0.8284057948702654
472	0.00849419	0.6481645981462956
473	0.00808739	0.8414351081502305
474	0.00869471	0.56016377659673
475	0.00808333	0.8434360000582901
476	0.00865545	0.5769299111420294
477	0.00835589	0.7119775902412748
478	0.0077451	0.9875602059787751
479	0.00848033	0.6544536239176986
480	0.00861779	0.5932322868880142
481	0.00784608	0.9616931682826564
482	0.00868592	0.5638969297251804
483	0.00893768	0.4619855770122615
484	0.00852245	0.6354196057492322
485	0.00911323	0.3975059193226903
486	0.00833366	0.7224409180710034
487	0.00887027	0.48822049932393397
488	0.00860079	0.600659977169417
489	0.00917817	0.3751035961599706
490	0.0082183	0.7775381852555067
491	0.00919741	0.36861959600056915
492	0.00945144	0.28965052372863004
493	0.00822558	0.7740244643683583
494	0.00901386	0.43331163859461796
495	0.00869223	0.5612158265123909
496	0.00842686	0.6789437280009065
497	0.00895986	0.45352920812264974
498	0.00810426	0.8331321935254339
499	0.00844405	0.6710317249363449
500	0.00803644	0.8666150712561752
501	0.00840012	0.6913218422067987
502	0.00862633	0.5895169558323623
503	0.00825224	0.7611970044612169
504	0.00898026	0.4458294139358493
505	0.00899576	0.44002934770552293
506	0.00804281	0.863458972365352
507	0.00805484	0.8575045492704889
508	0.00852734	0.6332250749665336
509	0.00891133	0.4721455344796931
510	0.00847874	0.6551766782780322
511	0.00897376	0.44827463856117733
512	0.0083941	0.6941201314028536
513	0.00835299	0.7133395457428182
514	0.00811519	0.8277626569097523
515	0.00848972	0.6501901560408245
516	0.00813565	0.8177332142555842
517	0.00813771	0.8167250340841306
518	0.00824421	0.765053897179191
519	0.00811126	0.829692416523899
520	0.00759279	0.9111793629029754
521	0.00890648	0.4740289460558562
522	0.00886513	0.4902534485861082
523	0.00859386	0.6036998995226708
524	0.00822229	0.7756118257495103
525	0.00824175	0.7662366359450298
526	0.00835279	0.7134335075526095
527	0.00863755	0.5846521113483958
528	0.00773906	0.9845244102614237
529	0.00889645	0.4779370226090115
530	0.00824338	0.7654528900552626
531	0.00907923	0.40955084531967656
532	0.00853788	0.6285059534057698
533	0.00823966	0.767241912677694
534	0.00874301	0.5398676190643041
535	0.00790574	0.9317713599149682
536	0.00864345	0.5821014830235879
537	0.00780642	0.9816168188857394
538	0.00819622	0.7882228436162365
539	0.00906303	0.4153656596468124
540	0.00840676	0.6882402551981065
541	0.00793931	0.9149743942807004
542	0.0087334	0.543876252984536
543	0.00869244	0.5611267044975656
544	0.00788182	0.9437589509101654
545	0.00803313	0.8682558993087761
546	0.00944518	0.29144777981098596
547	0.00828296	0.7464974901549069
548	0.00869496	0.5600577763879135
549	0.00787303	0.9481674469468983
550	0.00842358	0.680457478947255
551	0.00847426	0.6572157062084945
552	0.00870654	0.5551585632045599
553	0.00924824	0.3518286682988073
554	0.0088901	0.4804203329841429
555	0.00874764	0.5379416078384018
556	0.00843993	0.6729247397054058
557	0.00834195	0.7185327253152185
558	0.00875555	0.5346591882235983
559	0.00919881	0.3681505327952078
560	0.00892232	0.4678931027905576
561	0.00789577	0.9367661315355804
562	0.00862859	0.588535545211839
563	0.00795134	0.9089639663685246
564	0.00820237	0.7852427052143218
565	0.00906319	0.415307991255186
566	0.00848635	0.6517189710656636
567	0.00884053	0.5000460258089855
568	0.00869616	0.5595491111687333
569	0.00785614	0.9566427314614985
570	0.00878374	0.5230441650795631
571	0.0081081	0.8312448290018271
572	0.00872248	0.5484492793406426
573	0.00801332	0.878087738937021
574	0.00806558	0.8521954814249827
575	0.00793536	0.9169489739002692
576	0.00830686	0.7351246736895214
577	0.00883757	0.5012312957016691
578	0.00864916	0.5796379686318557
579	0.0076411100000000004	0.9353557831921717
580	0.00826756	0.753855205324033
581	0.00878265	0.5234908474130684
582	0.0085703	0.6140862163709068
583	0.00876718	0.5298515502994862
584	0.00795345	0.9079102968441609
585	0.00925381	0.350018696181322
586	0.00876868	0.5292330845594143
587	0.00844452	0.670815906920736
588	0.00858128	0.6092358972053595
589	0.00813759	0.8167837547016814
590	0.00882482	0.5063537785878709
591	0.00892272	0.4677387305859213
592	0.00780814	0.98075242871496
593	0.00895489	0.45541642535568516
594	0.00821404	0.7795964144959268
595	0.00843515	0.6751236112620367
596	0.00876137	0.5322505457931044
597	0.00913159	0.3910916765804271
598	0.00861214	0.5956962188719273
599	0.00885565	0.4940148794630902
600	0.00797038	0.8994620100853918
601	0.00788394	0.9426959492650672
602	0.008073780000000001	0.8481465065878391
603	0.00784704	0.9612111482936561
604	0.00854555	0.6250813608089858
605	0.00905826	0.41708707666702416
606	0.0080429	0.8634143962290843
607	0.00840291	0.6900263904212318
608	0.00896187	0.45276722591053
609	0.00738615	0.8089856997462435
610	0.00799261	0.888386431833466
611	0.0085742	0.6123614706963882
612	0.00892502	0.4668516398938001
613	0.00888184	0.48366111677166834
614	0.0082653	0.754936880465357
615	0.00857808	0.6106477047378625
616	0.00829074	0.7427891558620576
617	0.00791036	0.9294577330717464
618	0.00822021	0.7766158713057777
619	0.00770684	0.9683350210221865
620	0.00878542	0.5223560850759854
621	0.00827047	0.7524631422406103
622	0.00786546	0.9519653506758472
623	0.00906111	0.41605805033022136
624	0.00810819	0.8312006055546657
625	0.00790369	0.9327981556191138
626	0.00851609	0.6382786511574591
627	0.00923331	0.35670943033639635
628	0.00800912	0.8801747061514319
629	0.0087323	0.5443360429523357
630	0.00793062	0.9193191467885086
631	0.00903068	0.4271226592848939
632	0.00768592	0.9578300589961863
633	0.00822127	0.7761041473579438
634	0.00760615	0.917856625567485
635	0.00741143	0.8213501337233678
636	0.00819446	0.7890762707797272
637	0.00854784	0.6240604614338201
638	0.00875085	0.5366083290421566
639	0.00836011	0.7099973562318269
640	0.0084345	0.6754228364253577
641	0.00784562	0.961924141181422
642	0.00834116	0.7189048424120916
643	0.00847958	0.6547946468411158
644	0.00819905	0.7868511063323887
645	0.00759902	0.9142923329266294
646	0.00830526	0.7358842494377151
647	0.00768431	0.9570218796249683
648	0.0081828	0.7947365921424043
649	0.008649800000000001	0.5793621539068459
650	0.00839368	0.6943155175647961
651	0.00871256	0.5526199722426541
652	0.00775205	0.9910536022919071
653	0.00853546	0.6295881344586636
654	0.0074987100000000004	0.8643631413696915
655	0.00849986	0.6455990201804103
656	0.00862864	0.5885138411470855
657	0.00868174	0.5656764018372751
658	0.00835136	0.7141054614460425
659	0.00871173	0.5529696376072141
660	0.00888271	0.4833192155591738
661	0.0080882	0.8410360378586478
662	0.00783692	0.9662931233199579
663	0.00821964	0.7768910838347028
664	0.00810844	0.8310777654587578
665	0.0088759	0.4859989899259958
666	0.00855285	0.6218294903701641
667	0.00826814	0.7535776852679728
668	0.00757123	0.9004172362802104
669	0.00848957	0.6502581728598742
670	0.00837776	0.7017365005701888
671	0.00828764	0.7442660579990572
672	0.00848065	0.6543081428059397
673	0.00741532	0.8232567713611038
674	0.00787376	0.947801263644471
675	0.00843253	0.6763300329242282
676	0.00880603	0.5139529464640398
677	0.00913804	0.3888533520681
678	0.00844729	0.6695445118887837
679	0.00857502	0.6119991053303833
680	0.0089294	0.4651649020319991
681	0.00917857	0.3749680783045194
682	0.00848567	0.652027634364742
683	0.00856978	0.6143163445949194
684	0.00851489	0.63881870082967
685	0.00926545	0.3462554434210472
686	0.00855246	0.6220030341041187
687	0.00805539	0.8572325103843055
688	0.00837574	0.7026801683285575
689	0.00865288	0.5780356603174939
690	0.00778347	0.9931520676417561
691	0.00857669	0.6112614117165901
692	0.00858755	0.606473867366284
693	0.00752087	0.8753537801786373
694	0.00756836	0.8989859552198618
695	0.00778596	0.9919004181957091
696	0.00792783	0.9207145861066438
697	0.00833732	0.7207145648083024
698	0.00862491	0.590133981231471
699	0.00948537	0.28003955139650877
700	0.00821338	0.7799154341680199
701	0.00870769	0.5546731751848621
702	0.00967262	0.2309231385297942
703	0.00891049	0.4724714372639637
704	0.00847983	0.6546809645034206
705	0.00839368	0.6943155175647961
706	0.00821203	0.7805680901298683
707	0.00840694	0.6881567901376473
708	0.00834098	0.7189896379396039
709	0.008496450000000001	0.6471414824169254
710	0.00819984	0.786468301403988
711	0.00836243	0.7089095318471181
712	0.00793163	0.9188140489487813
713	0.00797115	0.8990780343200818
714	0.00908949	0.40589337368041056
715	0.00843711	0.6742216441908081
716	0.00876919	0.5290228901302636
717	0.00817729	0.7974152050209831
718	0.00864387	0.581920111795144
719	0.00765507	0.9423526734084293
720	0.0087201	0.549448486311342
721	0.0082699	0.752735750976032
722	0.00811482	0.8279442948460927
723	0.00896565	0.45133621033359816
724	0.00816615	0.8028380504796601
725	0.00834726	0.7160332739298141
726	0.00834635	0.7164614010775494
727	0.0088341	0.5026226825118936
728	0.00870427	0.5561172874273141
729	0.0090028	0.43740939928931977
730	0.00782396	0.972803242539685
731	0.00838673	0.6975516426155464
732	0.00899587	0.4399883416957501
733	0.00850172	0.644758320453189
734	0.00848111	0.6540990367770778
735	0.00824302	0.765625966620416
736	0.0082321	0.7708814945045592
737	0.00861354	0.595085250995353
738	0.0075214900000000005	0.875661637268504
739	0.00824119	0.7665059537613758
740	0.008443580000000001	0.6712475701678817
741	0.00754411	0.8869059865337408
742	0.00846881	0.6596996731755704
743	0.00855048	0.6228844272642613
744	0.00840038	0.6912010807315934
745	0.00874935	0.5372311489801749
746	0.00789228	0.9385151521290773
747	0.00875046	0.536770227178915
748	0.00871676	0.5508522511137922
749	0.009206830000000001	0.36547065802137524
750	0.00803151	0.869059171117984
751	0.00866593	0.5724312464323222
752	0.00896889	0.4501116707917455
753	0.00873838	0.541797085477191
754	0.00844342	0.6713210556023945
755	0.00864594	0.5810265978710556
756	0.0084209	0.6816952837569065
757	0.00823514	0.7694173457356951
758	0.00836714	0.7067028931138264
759	0.00797262	0.8983450555393555
760	0.00875011	0.5369155413502751
761	0.00786612	0.9516341808534374
762	0.00874857	0.5375551592682747
763	0.00826077	0.7571064667440099
764	0.00809515	0.8376136100607017
765	0.00818419	0.7940612440369434
766	0.0091024	0.4013191348057238
767	0.00897794	0.4467012953617524
768	0.00789108	0.939116603731406
769	0.00858419	0.6079533002596691
770	0.00761777	0.9236689901100489
771	0.00803887	0.8654108418531143
772	0.00925078	0.3510025589567939
773	0.00822121	0.7761331102644713
774	0.00902893	0.42776416035996867
775	0.00796843	0.9004345216107728
776	0.00947919	0.2817737094999895
777	0.00907924	0.40954727098882904
778	0.00889872	0.47705099885948365
779	0.00800725	0.881104172967395
780	0.00825656	0.7591245158168696
781	0.00819261	0.7899736127842987
782	0.0091989	0.36812039148529685
783	0.00815894	0.8063529093191922
784	0.00790076	0.9342659164443321
785	0.00885221	0.49538360615687993
786	0.00876114	0.5323456280114465
787	0.00917923	0.37474454019505543
788	0.00816871	0.8015910138083494
789	0.00800678	0.8813378081553012
790	0.00870955	0.5538885536089003
791	0.00820928	0.7818980537582473
792	0.00877779	0.5254848626676843
793	0.00796414	0.9025745726458767
794	0.00838577	0.6979990825165587
795	0.0080904	0.8399523502307694
796	0.00783515	0.9671821137302377
797	0.00884677	0.497552242989186
798	0.00875362	0.5354591464306473
799	0.00831595	0.7308142830845357
800	0.00915186	0.3840838395394456
801	0.00848845	0.6507661241038551
802	0.00813683	0.8171556758854028
803	0.00934869	0.32010083931692657
804	0.00848579	0.6519731600247625
805	0.00821771	0.7778231521520346
806	0.00862912	0.5883055009932109
807	0.00850019	0.6454498305964125
808	0.00817075	0.8005976440984747
809	0.00879083	0.5201434779374416
810	0.00806698	0.8515039133345862
811	0.0086051	0.5987728533756369
812	0.00840416	0.6894462859382837
813	0.00872237	0.5484954413315859
814	0.00892452	0.4670444060372759
815	0.00820761	0.7827060168956994
816	0.0079911	0.8891380876690488
817	0.00796768	0.9008086045039381
818	0.00894634	0.4586733963985262
819	0.00818539	0.7934783341885778
820	0.00870861	0.5542850146729519
821	0.00840676	0.6882402551981065
822	0.00815372	0.8089001022957933
823	0.00894101	0.46071037367356116
824	0.00808579	0.842223515119725
825	0.008485	0.6523318169772655
826	0.00776295	0.9965327748785036
827	0.00878835	0.5211571580742956
828	0.00820377	0.7845647388811751
829	0.00859627	0.6026419395898301
830	0.00892427	0.46714080570814953
831	0.00860255	0.5998890394965644
832	0.0088437	0.4987783216278543
833	0.00817543	0.7983199612860619
834	0.00805158	0.8591173453468299
835	0.008101820000000001	0.8343319584522528
836	0.00836389	0.7082252576304855
837	0.00856137	0.6180435027972311
838	0.00776971	0.9999309661039966
839	0.00771502	0.9724442020866172
840	0.007956	0.9066371217671676
841	0.00879863	0.5169619488287167
842	0.00829644	0.7400760415975265
843	0.00812573	0.8225923463239768
844	0.00870208	0.5570429910790169
845	0.00903787	0.42449291286325264
846	0.00911105	0.39827172562599344
847	0.0085325	0.630912878843431
848	0.00805424	0.8578013383221715
849	0.00817888	0.7966420006301695
850	0.00816027	0.8057042398867833
851	0.00823045	0.771676523784441
852	0.00815752	0.8070456211609475
853	0.00769844	0.9641162024081247
854	0.00814151	0.8148660831935837
855	0.00860184	0.6001999887220024
856	0.00794764	0.9108120200007598
857	0.00883036	0.5041246228458619
858	0.00917816	0.37510698449519164
859	0.00781643	0.9765866051261309
860	0.00792862	0.9203194366751322
861	0.009116	0.3965341389698729
862	0.00855283	0.6218383895359751
863	0.00882553	0.5060678024078495
864	0.00866464	0.5729840915826394
865	0.00907583	0.4107671961372864
866	0.00808591	0.8421643790840112
867	0.00805771	0.8560851884328229
868	0.00857324	0.6127858241668066
869	0.00767867	0.9541910968689229
870	0.00888245	0.48342137914507954
871	0.00878206	0.5237327114395713
872	0.00885616	0.49381213063437035
873	0.00796124	0.9040216304360242
874	0.00850018	0.6454543512827173
875	0.00904095	0.42336931114549625
876	0.00810352	0.8334960156211164
877	0.00858002	0.6097916226566948
878	0.00758986	0.9097157872078571
879	0.00808202	0.8440818250047808
880	0.0084105	0.6865068205008946
881	0.00791249	0.9283912611144783
882	0.00823866	0.7677230454147288
883	0.00854267	0.6263663112190718
884	0.00799065	0.8893621104293634
885	0.00815669	0.8074505864397643
886	0.00828803	0.7440802021774365
887	0.0086512	0.5787590246610026
888	0.00864392	0.5818985217463335
889	0.00740869	0.8200077893460856
890	0.00851739	0.6376938144707827
891	0.00810888	0.8308615769442529
892	0.00792106	0.924101661620037
893	0.00800563	0.8819095123532033
894	0.00863864	0.5841805012125563
895	0.00937166	0.31311771779816727
896	0.0083673	0.7066279762561649
897	0.00874484	0.5391059527377369
898	0.00840158	0.6906438222113324
899	0.00801101	0.8792354667150513
900	0.00900394	0.4369859949526872
901	0.00816831	0.801785829963405
902	0.00801096	0.8792603121306488
903	0.00893615	0.4625721431162757
904	0.008006600000000001	0.8814272882051244
905	0.00857829	0.6105550102566001
906	0.00951472	0.2719031061455339
907	0.00833175	0.7233423929377575
908	0.00853328	0.6305636751301273
909	0.0081721	0.799940444763513
910	0.00959896	0.24945753612018717
911	0.00815109	0.8101842297338028
912	0.00801664	0.8764386413777718
913	0.00873643	0.5426107432911249
914	0.00901094	0.4343913377963917
915	0.00794593	0.9116662845989397
916	0.00787805	0.9456495356832059
917	0.00781908	0.9752550782286411
918	0.00822721	0.7732383713171239
919	0.00834258	0.7182360216700426
920	0.00927394	0.3435269590168568
921	0.00885291	0.49510492169651066
922	0.00823781	0.7681320788412349
923	0.00834325	0.7179205264460277
924	0.0089411	0.4606759361335915
925	0.00869812	0.5587187750264875
926	0.0087739	0.5270836982796435
927	0.00846438	0.6617215283315525
928	0.00930755	0.3328611284048941
929	0.00881951	0.5084952577249224
930	0.0091924	0.370301225458217
931	0.00871659	0.5509237475184101
932	0.00867837	0.5671130146135217
933	0.00838612	0.6978359411816402
934	0.00867685	0.5677615556220926
935	0.00941545	0.3000857944783249
936	0.0078247	0.9724314697140628
937	0.00868765	0.5631612416912495
938	0.00862625	0.5895517098954322
939	0.008389250000000001	0.6963776148930302
940	0.00749416	0.86210966995875
941	0.00805979	0.8550568141600079
942	0.0085098	0.6411115447955609
943	0.00863075	0.5875982677829183
944	0.00772162	0.9757602181858582
945	0.00856881	0.6147457240281216
946	0.00778493	0.9924181665220462
947	0.00902472	0.429309731400478
948	0.00905984	0.4165164131388611
949	0.00812904	0.8209702343283918
950	0.00785258	0.9584297745489923
951	0.00847067	0.6588515092395821
952	0.00785379	0.9578223567341395
953	0.008179	0.796583653694686
954	0.00749883	0.8644225886432355
955	0.0084044	0.6893349268110687
956	0.00775833	0.9942103749442538
957	0.00903811	0.42440529673453575
958	0.00836644	0.7070306878596548
959	0.0084392	0.6732603698267741
960	0.00827067	0.7523674973882848
961	0.00822131	0.7760848389270508
962	0.00861783	0.5932148598220458
963	0.00773723	0.9836046668082468
964	0.00805826	0.8558132386339983
965	0.0095818	0.2539211124734533
966	0.00765471	0.9421721794468232
967	0.00845463	0.6661801422625429
968	0.00890823	0.47334888744844317
969	0.00889492	0.478534719113744
970	0.00808211	0.844037451983697
971	0.00849463	0.6479653551592228
972	0.00867664	0.5678511846655759
973	0.0082681	0.7535968235577705
974	0.00848142	0.6539581328503982
975	0.00798123	0.894053660675297
976	0.00783046	0.969537882038763
977	0.00780668	0.9814861538415236
978	0.00836585	0.7073070143185913
979	0.00830324	0.7368435836635152
980	0.00848442	0.652595186079539
981	0.00861518	0.594369910879036
982	0.00950859	0.27358891924573886
983	0.00850685	0.6424419785351103
984	0.00844276	0.6716242163267091
985	0.0081802	0.7960002471043394
986	0.0098759	0.1849176943996782
987	0.00876305	0.5315562938604736
988	0.00839028	0.6958979641045736
989	0.00914907	0.3850438117129047
990	0.00810693	0.8318197825308543
991	0.00802314	0.8732115501307224
992	0.0083335	0.722516419482406
993	0.00817293	0.7995364593553265
994	0.00874133	0.5405673289620874
995	0.0078003	0.9846926082195697
996	0.008531210000000001	0.6314905894443412
997	0.00789267	0.9383196879152873
998	0.008788550000000001	0.5210753718828436
999	0.00816477	0.8035104903175007
