Dataset	Random-mean	P-value
0	0.19512878	2.022407299989355e-55
1	0.19586636	5.571004621388615e-56
2	0.19308223	7.157651520727911e-54
3	0.19741933	3.666098551331872e-57
4	0.199382	1.1631023959557695e-58
5	0.19866794	4.087584672577561e-58
6	0.19925869	1.4452069762021888e-58
7	0.19978491	5.718913306456579e-59
8	0.20064001	1.2655563206043723e-59
9	0.20131411	3.8480126769188547e-60
10	0.19488282	3.1073714158001624e-55
11	0.19835252	7.117970642387872e-58
12	0.20236246	6.0258603218030516e-61
13	0.20263968	3.688686094410046e-61
14	0.20110827	5.535791750778038e-60
15	0.1973599	4.0690660649974053e-57
16	0.19322339	5.59973304719365e-54
17	0.20051001	1.5919406030982716e-59
18	0.19637534	2.285786891299215e-56
19	0.19327484	5.1203993467403506e-54
20	0.19618409	3.194925997183075e-56
21	0.19632299	2.505231998258084e-56
22	0.19588117	5.428521439483639e-56
23	0.20508733	4.7994120561626287e-63
24	0.19807126	1.1669107656965891e-57
25	0.19994077	4.345020903578094e-59
26	0.19522565	1.7075748772694827e-55
27	0.20024401	2.545355177793887e-59
28	0.19794272	1.4625553404479904e-57
29	0.1952857	1.5375035057352895e-55
30	0.19755884	2.86989040713625e-57
31	0.196409	2.1549392689598988e-56
32	0.19540317	1.252181987062596e-55
33	0.19476682	3.804762336182567e-55
34	0.2014335	3.1160402880767366e-60
35	0.1917176	7.6468353527245855e-53
36	0.20345021	8.773371390403818e-62
37	0.20261855	3.8293158126192505e-61
38	0.19565999	7.99259344603837e-56
39	0.19953512	8.881314133387694e-59
40	0.19619776	3.1193789150880216e-56
41	0.19617359	3.254192730961969e-56
42	0.19811873	1.0735258282367493e-57
43	0.1996203	7.643611536028802e-59
44	0.19434105	7.996362464516274e-55
45	0.1961776	3.2314299711475867e-56
46	0.1981823	9.600549357276242e-58
47	0.19980933	5.477980089242144e-59
48	0.19859309	4.6627614720575135e-58
49	0.1981267	1.0585957331314061e-57
50	0.19757186	2.8050434843284535e-57
51	0.19727593	4.7149587577453704e-57
52	0.19816536	9.89065844955374e-58
53	0.19616574	3.2992179201963733e-56
54	0.20233468	6.329558288944162e-61
55	0.19760621	2.6408996138716057e-57
56	0.19270865	1.3700143881899418e-53
57	0.1964322	2.0691350906648917e-56
58	0.20236769	5.970334780248051e-61
59	0.19746667	3.373831281074989e-57
60	0.19387956	1.787201217755317e-54
61	0.20256747	4.191802382731882e-61
62	0.19736692	4.019251575028e-57
63	0.20024796	2.527681755838012e-59
64	0.19225561	3.008251310545504e-53
65	0.20030563	2.2831818005044124e-59
66	0.20215297	8.730323857723685e-61
67	0.19975743	6.002718771940355e-59
68	0.19658243	1.5903840755015147e-56
69	0.19716827	5.695040947205334e-57
70	0.198093	1.123176203162251e-57
71	0.19761042	2.621453505929154e-57
72	0.20058902	1.3847394290736095e-59
73	0.19838468	6.72669506877461e-58
74	0.19387667	1.7962203668826124e-54
75	0.19448778	6.1910391939465785e-55
76	0.19219424	3.3462465470721807e-53
77	0.19802492	1.265893979745859e-57
78	0.19779016	1.9119776984269424e-57
79	0.20096112	7.17888359213674e-60
80	0.19650491	1.8217105695754438e-56
81	0.19400688	1.4316832733719042e-54
82	0.19617771	3.230807802522871e-56
83	0.20150624	2.7400941340735543e-60
84	0.19544541	1.16306989233945e-55
85	0.19512413	2.0388998155802573e-55
86	0.19911297	1.8679071859146263e-58
87	0.19996347	4.174560396570377e-59
88	0.19306807	7.336047859070076e-54
89	0.19813588	1.041655827015847e-57
90	0.19705934	6.893910107818398e-57
91	0.19725957	4.852243716781245e-57
92	0.20284626	2.5584638767410455e-61
93	0.19766685	2.3741984195036714e-57
94	0.19604909	4.0464981489189417e-56
95	0.19607159	3.890256558052431e-56
96	0.19672566	1.2373941374524627e-56
97	0.19703409	7.20601634696489e-57
98	0.19909481	1.9285874857968863e-58
99	0.19399598	1.4591322331180035e-54
100	0.1957815	6.46248511270834e-56
101	0.1963534	2.3753173556149667e-56
102	0.20055102	1.4807949590540056e-59
103	0.1954783	1.0980930891711673e-55
104	0.19878735	3.313107409338801e-58
105	0.20023252	2.597469662543982e-59
106	0.2006269	1.2951835436587766e-59
107	0.19405735	1.3111584623948458e-54
108	0.19793617	1.479480506573607e-57
109	0.19510832	2.0959856945467693e-55
110	0.19954642	8.706250981903785e-59
111	0.19952785	8.995797826003812e-59
112	0.19206308	4.201139385152752e-53
113	0.19852004	5.301967092166623e-58
114	0.19700447	7.590173451659359e-57
115	0.20040231	1.9251416082640573e-59
116	0.19953969	8.810094683733225e-59
117	0.19834066	7.267935052199412e-58
118	0.19163607	8.807120631853468e-53
119	0.20325161	1.2475528642113007e-61
120	0.19809527	1.1187051088001663e-57
121	0.19691472	8.883635390326409e-57
122	0.19786038	1.6901461354291136e-57
123	0.19558619	9.093437889172575e-56
124	0.19876684	3.434843247785936e-58
125	0.19813936	1.0353051819350629e-57
126	0.19549508	1.0663526730712515e-55
127	0.1964	2.189174168998105e-56
128	0.19797182	1.3896691359996293e-57
129	0.19960195	7.894790598586181e-59
130	0.2006252	1.2990757760217962e-59
131	0.19617748	3.232108837043163e-56
132	0.19582233	6.017047579852512e-56
133	0.1937972	2.0628599097610997e-54
134	0.19573629	6.994228136426756e-56
135	0.19812477	1.0621920335878531e-57
136	0.19978493	5.718711712682742e-59
137	0.19604638	4.065734594612502e-56
138	0.19847031	5.78649099157005e-58
139	0.20000365	3.8890517562611673e-59
140	0.19833366	7.357923822981226e-58
141	0.19935381	1.2223076984350224e-58
142	0.19740125	3.7842790716437563e-57
143	0.19697111	8.047383234959502e-57
144	0.1972067	5.323798359398489e-57
145	0.19758269	2.7522205021483205e-57
146	0.19596009	4.728418302286028e-56
147	0.20135205	3.598478831345662e-60
148	0.19639085	2.224536592459828e-56
149	0.19497808	2.6312628899133993e-55
150	0.19812821	1.05579053011572e-57
151	0.19983879	5.20077778129318e-59
152	0.19381428	2.002403305236266e-54
153	0.19353501	3.256188981020032e-54
154	0.19519256	1.8091920642818392e-55
155	0.1927568	1.2600812830343662e-53
156	0.19608802	3.779985513141982e-56
157	0.19655295	1.674678901395091e-56
158	0.19916917	1.6919411350666774e-58
159	0.19634802	2.39780106522735e-56
160	0.19275146	1.2718254369708074e-53
161	0.19766184	2.3951740840343902e-57
162	0.19773597	2.102858136436481e-57
163	0.1951651	1.8980901458550772e-55
164	0.19968324	6.841186928195803e-59
165	0.19417183	1.0740129826628985e-54
166	0.19905014	2.086360833940403e-58
167	0.19718303	5.549491902965107e-57
168	0.19809587	1.1175262953889496e-57
169	0.19822998	8.828827961786894e-58
170	0.19474551	3.948928405291163e-55
171	0.20096107	7.179517542111474e-60
172	0.19676759	1.1497265640819371e-56
173	0.19716211	5.75690704724638e-57
174	0.19452358	5.816265391324643e-55
175	0.19536277	1.3437849344336768e-55
176	0.1925404	1.834965330464752e-53
177	0.19875309	3.518947414407109e-58
178	0.19727998	4.681576619512708e-57
179	0.19402799	1.379980898384647e-54
180	0.19653357	1.7325105057366927e-56
181	0.20280323	2.761087586276058e-61
182	0.19905788	2.0581281500544066e-58
183	0.19776809	1.9875345192075446e-57
184	0.1959462	4.84474164524363e-56
185	0.19799667	1.3303072034298432e-57
186	0.19943642	1.0567905098366352e-58
187	0.19396266	1.5463422688335822e-54
188	0.19408528	1.2488723864302532e-54
189	0.20057274	1.4251049555140058e-59
190	0.20028099	2.3846141679353634e-59
191	0.19716547	5.723079144573995e-57
192	0.19506185	2.273186329917582e-55
193	0.19943824	1.0534079954685354e-58
194	0.19854052	5.114411393069186e-58
195	0.19529908	1.5019763153804154e-55
196	0.19697515	7.990581640516053e-57
197	0.19654727	1.6914258354035556e-56
198	0.19218066	3.4260198225703923e-53
199	0.20018096	2.844766901544852e-59
200	0.19574352	6.906345631598079e-56
201	0.20082434	9.140180843944358e-60
202	0.19907636	1.992253720386055e-58
203	0.19555661	9.576071217486961e-56
204	0.19552279	1.0159310180780672e-55
205	0.19532708000000001	1.4302605002954511e-55
206	0.19800907	1.3016401829820536e-57
207	0.19929532	1.3549280231993717e-58
208	0.20333078	1.0842143677708187e-61
209	0.20289862	2.331838119214668e-61
210	0.19115897	2.011898856481906e-52
211	0.19365577	2.638874163217756e-54
212	0.19949585	9.517498552749275e-59
213	0.19621614	3.020606862207068e-56
214	0.19489549	3.0393958305356165e-55
215	0.19642066	2.111380023488119e-56
216	0.19424784	9.40736704295142e-55
217	0.19487698	3.1392126726354342e-55
218	0.19994429	4.318139741004491e-59
219	0.19720641	5.326507255397392e-57
220	0.19899025	2.3183062739317303e-58
221	0.19499586	2.5508285480249744e-55
222	0.19916463	1.7055193702718548e-58
223	0.19925136	1.4639817155832268e-58
224	0.19321565	5.675621684531793e-54
225	0.1926246	1.5853542052028253e-53
226	0.19393846	1.6129278037540712e-54
227	0.19777706	1.9564723994183398e-57
228	0.19930499	1.3320499605019473e-58
229	0.19849477	5.542885236145988e-58
230	0.19513481	2.0012184988663566e-55
231	0.19887709	2.829173039722764e-58
232	0.19531275	1.466525759114185e-55
233	0.1975956	2.690549062083912e-57
234	0.1980052	1.3105201936736632e-57
235	0.20412512	2.6500811775350414e-62
236	0.19773641	2.101234067331365e-57
237	0.19211493	3.8398102549492233e-53
238	0.19629932	2.61124488564974e-56
239	0.19529407000000001	1.515182039212422e-55
240	0.19277556	1.2196747412363371e-53
241	0.19651359	1.7942215926711212e-56
242	0.19727157	4.7511618798966774e-57
243	0.20018943	2.802584408991772e-59
244	0.19803907	1.2348110899579568e-57
245	0.19808658	1.1359181905190078e-57
246	0.20179433	1.646472176888342e-60
247	0.20252815	4.494021069933195e-61
248	0.19604022	4.109800699713402e-56
249	0.1945549	5.507022115486433e-55
250	0.19527559	1.564903659791056e-55
251	0.1958405	5.8288104301859605e-56
252	0.19692698	8.694732408378539e-57
253	0.19777623	1.959326121680526e-57
254	0.19716094	5.768733228113171e-57
255	0.19489025	3.067326879644925e-55
256	0.19346412	3.6837358818232483e-54
257	0.1973816	3.9170412426223985e-57
258	0.19521808	1.730307006961131e-55
259	0.19879969	3.2419507212707596e-58
260	0.20157061	2.4453866834367568e-60
261	0.19567671	7.762294206178763e-56
262	0.1999092	4.593709293369187e-59
263	0.19668601	1.3264281465225544e-56
264	0.1950205	2.4434043721401885e-55
265	0.19647805	1.9094678580355807e-56
266	0.19193908	5.208985259528143e-53
267	0.19840623	6.476603288645371e-58
268	0.2014844	2.847942791718846e-60
269	0.19688968	9.28228595767318e-57
270	0.20004953	3.586818682533035e-59
271	0.19597613	4.597556084050586e-56
272	0.19753738	2.980057618276305e-57
273	0.19650788	1.8122577572774327e-56
274	0.20091246	7.823074170978939e-60
275	0.19906757	2.023319970944712e-58
276	0.19410693	1.2026317483887112e-54
277	0.20248117	4.883790551392986e-61
278	0.19876953	3.418625787317005e-58
279	0.19175499	7.167062781267779e-53
280	0.19058116	5.464234416320009e-52
281	0.19616624	3.2963316099228223e-56
282	0.19168564	8.082272055501397e-53
283	0.19428734	8.781359381943557e-55
284	0.19664807	1.417606678226931e-56
285	0.19480694	3.5474549668416336e-55
286	0.19799069	1.3443566644684924e-57
287	0.19567529	7.781592841705752e-56
288	0.19501835	2.452595089545817e-55
289	0.19517142	1.8772510690561545e-55
290	0.19682814	1.0339615914740959e-56
291	0.19780238	1.8713836789274846e-57
292	0.19559784	8.910092277830438e-56
293	0.20225179	7.329681186656313e-61
294	0.19595732	4.751391118400981e-56
295	0.19968832	6.7802166002470475e-59
296	0.19914411	1.76826133284986e-58
297	0.19749302	3.221357596236279e-57
298	0.19653725	1.7213777012253483e-56
299	0.20126237	4.2164032144410045e-60
300	0.19823474	8.755272714773868e-58
301	0.19619806	3.1177411336448384e-56
302	0.1910646	2.3687534450476786e-52
303	0.20242569	5.38779527744097e-61
304	0.19278039	1.209482709660529e-53
305	0.19912751	1.8207006586081466e-58
306	0.19795898	1.421370909922553e-57
307	0.19463167	4.816709956785346e-55
308	0.19728577	4.6342621271383837e-57
309	0.19502433	2.4271172055131025e-55
310	0.19581474	6.097464991406417e-56
311	0.19397097	1.5241166021830668e-54
312	0.1983442	7.22284587489294e-58
313	0.1995083	9.31102548445748e-59
314	0.19393399	1.6255365656027144e-54
315	0.19910318	1.9003788954568434e-58
316	0.19170154	7.862633731047463e-53
317	0.19771581	2.1786305284528314e-57
318	0.20077204	1.0024387882332346e-59
319	0.19665956	1.389351678360273e-56
320	0.1966567	1.3963316656474028e-56
321	0.19721007	5.292419849951181e-57
322	0.19532193	1.443189443398344e-55
323	0.19793256	1.4888922146558035e-57
324	0.19978666	5.701300690391913e-59
325	0.2048981	6.717407563343665e-63
326	0.19736294	4.047418716322819e-57
327	0.19633675	2.445591256999532e-56
328	0.19148924	1.1357786347642767e-52
329	0.1988242	3.1051133834057717e-58
330	0.20258236	4.082732903992694e-61
331	0.19772503	2.1436440493052615e-57
332	0.20186276	1.4587983222768032e-60
333	0.20383471	4.43643091929822e-62
334	0.19851972	5.3049515217328836e-58
335	0.20138156	3.4156226586261056e-60
336	0.20204397	1.0587310193022671e-60
337	0.19393058	1.6352214800581964e-54
338	0.19488455	3.0980010675043168e-55
339	0.19974202	6.167981936227427e-59
340	0.19413509	1.1450358916799159e-54
341	0.19341284	4.0275468317613334e-54
342	0.19862227	4.429493945109283e-58
343	0.19278331	1.2033623651485771e-53
344	0.20089277	8.099871765718614e-60
345	0.19613661	3.471805488212571e-56
346	0.19935273	1.2246348664973013e-58
347	0.19521036	1.7538008904064805e-55
348	0.19783648	1.762601752575481e-57
349	0.1980667	1.1762978071923613e-57
350	0.19810881	1.0924029992243874e-57
351	0.19188338	5.737098132275356e-53
352	0.19367001	2.5742575895497408e-54
353	0.19901019	2.2383538120560596e-58
354	0.19772812	2.1320446610782966e-57
355	0.19707846	6.66659035493139e-57
356	0.19894099	2.5282652712896893e-58
357	0.19889368	2.7477727544614997e-58
358	0.19816811	9.842974267161231e-58
359	0.19822991	8.829914249613349e-58
360	0.19518909	1.8201920405553013e-55
361	0.19693172	8.622778368751981e-57
362	0.19754754	2.9273833138711867e-57
363	0.19653362	1.7323587639299033e-56
364	0.19872363	3.706134324306735e-58
365	0.19579861	6.271947787593946e-56
366	0.19908337	1.967820368643533e-58
367	0.19952563	9.031050037330095e-59
368	0.20289364000000001	2.352500260391786e-61
369	0.19565538	8.057282732660235e-56
370	0.19969705	6.67670417190505e-59
371	0.19517075	1.8794494024655887e-55
372	0.20039937	1.9351540201343867e-59
373	0.20046303	1.7295447334667535e-59
374	0.19834768	7.178793297344478e-58
375	0.2039319	3.7338295645944126e-62
376	0.1947965	3.6126890704733165e-55
377	0.19901235	2.2298600418403584e-58
378	0.19658852	1.5735057811583345e-56
379	0.20062726	1.2943608022279523e-59
380	0.19301986	7.977389210581185e-54
381	0.19678144	1.1221542372626356e-56
382	0.19683223	1.0265755834651539e-56
383	0.20086523	8.503512433666957e-60
384	0.1953151	1.4605162157779697e-55
385	0.19722379	5.166566756719289e-57
386	0.20004898	3.5902990356051775e-59
387	0.19978508	5.717199985648158e-59
388	0.19501993	2.4458376247490264e-55
389	0.19909863	1.9156617964207057e-58
390	0.19522021	1.723880394876907e-55
391	0.19633376	2.45842919990628e-56
392	0.20179724	1.6380208424530205e-60
393	0.1964882	1.875820000643767e-56
394	0.19638279	2.2561587847284397e-56
395	0.1955632	9.46637897966247e-56
396	0.19403738	1.3575862929756375e-54
397	0.19288797	1.0032676677522449e-53
398	0.19476732	3.8014436238395556e-55
399	0.1974182	3.6733756127280556e-57
400	0.19602923	4.189606716646346e-56
401	0.19551015	1.0386286568258633e-55
402	0.19727873	4.69185448252918e-57
403	0.19757201	2.8043049924895095e-57
404	0.1971959	5.425616076404614e-57
405	0.20386653	4.192947310392172e-62
406	0.19755163	2.9064422806644497e-57
407	0.19640656	2.164167541297757e-56
408	0.19773908	2.0914057552985344e-57
409	0.19621562	3.0233578704150774e-56
410	0.19334966	4.4955121318962664e-54
411	0.19531795	1.4532610390788423e-55
412	0.19488837	3.0774103075199115e-55
413	0.19699992	7.650970636099509e-57
414	0.1919989	4.695755127842321e-53
415	0.19418107	1.0568543685145973e-54
416	0.19528445	1.5408651281516845e-55
417	0.19753437	2.995843927219665e-57
418	0.19723459	5.069605118512975e-57
419	0.20134666	3.632918760259474e-60
420	0.2051775	4.0888211939623916e-63
421	0.20355689	7.261403065942263e-62
422	0.19486284	3.217663986120192e-55
423	0.19961366	7.733566074116467e-59
424	0.19921812	1.552226001337776e-58
425	0.20322283	1.3128393546016087e-61
426	0.19719681	5.416962464189125e-57
427	0.19378803	2.0960667547063094e-54
428	0.19592431	5.033890633549739e-56
429	0.20169537	1.9613391080781583e-60
430	0.19637241	2.297545481854345e-56
431	0.19666111	1.3855833915714582e-56
432	0.20218797	8.206036457841814e-61
433	0.20182193	1.5680369898892342e-60
434	0.19685767	9.818030731936469e-57
435	0.19501007	2.4883137207165164e-55
436	0.20209809	9.620591307176529e-61
437	0.2024677	5.001650594919998e-61
438	0.1916207	9.04479322938792e-53
439	0.19844357	6.065056829352261e-58
440	0.19817819	9.670145281642552e-58
441	0.19664776	1.4183768971887154e-56
442	0.20039875	1.9372721142920198e-59
443	0.19780121	1.8752327792852136e-57
444	0.1968977	9.152695533870978e-57
445	0.19679681	1.0923284411603452e-56
446	0.19856168	4.9275872670347946e-58
447	0.19772004	2.1625089900498312e-57
448	0.1979877	1.3514368784344267e-57
449	0.19766175	2.3955525800617814e-57
450	0.19518201	1.84284341663812e-55
451	0.19820085	9.292609575735419e-58
452	0.20229217	6.824154530035893e-61
453	0.19755387	2.8950368397947496e-57
454	0.19477565	3.746577258215664e-55
455	0.19941762	1.0923720545671552e-58
456	0.19732547	4.3224587805191733e-57
457	0.197138	6.005572410879897e-57
458	0.19687805	9.473470924126217e-57
459	0.19614201	3.4391447157064367e-56
460	0.19365585	2.6385066619418245e-54
461	0.20141061	3.2446870588679345e-60
462	0.19740839	3.7371602448738127e-57
463	0.19618685	3.1795270637122786e-56
464	0.19434741	7.908176423708005e-55
465	0.19660165	1.5377225194469183e-56
466	0.19601744	4.276943842791241e-56
467	0.20110086	5.608729911628726e-60
468	0.19988857	4.763851286407306e-59
469	0.20181494	1.5875413220621554e-60
470	0.19864739	4.238042301417812e-58
471	0.19782821	1.7883891268727662e-57
472	0.19831465	7.607962951118233e-58
473	0.20175497	1.7651560965986636e-60
474	0.19820619	9.205805897416886e-58
475	0.19446524	6.439275831769067e-55
476	0.19715073	5.872969655989414e-57
477	0.20352261	7.716463207582732e-62
478	0.19485849	3.2421901829568824e-55
479	0.19383126	1.944054816109958e-54
480	0.19619834	3.1162133125420487e-56
481	0.19474546	3.949273000502603e-55
482	0.19207408	4.1217483768981175e-53
483	0.19771317	2.1887529863218577e-57
484	0.20063623	1.2740285653361544e-59
485	0.19768398	2.3038557732838484e-57
486	0.19625289	2.8323855436596286e-56
487	0.19849024	5.58721496281406e-58
488	0.1976573	2.4143418049823245e-57
489	0.19171439	7.689489953279329e-53
490	0.19681033	1.066747936915988e-56
491	0.20013196	3.1015488949948647e-59
492	0.19940559	1.1157658689862195e-58
493	0.19981383	5.4347014894016986e-59
494	0.19484896	3.296576857511624e-55
495	0.19546997	1.114198552355979e-55
496	0.19906199	2.043291844868766e-58
497	0.19319057	5.928651757442998e-54
498	0.19963756	7.414643725280319e-59
499	0.19604396	4.08298971469243e-56
500	0.19786832000000001	1.666739645233369e-57
501	0.19594904	4.820727557879374e-56
502	0.19613795	3.463671991252499e-56
503	0.2021739	8.412908715672562e-61
504	0.19416865	1.079982344750176e-54
505	0.19887202	2.854526754185597e-58
506	0.19400335	1.4405157715262862e-54
507	0.19670627	1.2801625999848973e-56
508	0.19891166	2.6621921122551577e-58
509	0.20053289	1.5289414450650052e-59
510	0.19659672	1.55106196860869e-56
511	0.19148842	1.1373927733863975e-52
512	0.19497074	2.665202275203677e-55
513	0.19864478	4.257543285147494e-58
514	0.19143078	1.256787021509794e-52
515	0.19244723	2.1571453883748033e-53
516	0.19700219	7.620578292269416e-57
517	0.19753398	2.997895432743134e-57
518	0.19480323	3.570500955184785e-55
519	0.19684252	1.0082254314338931e-56
520	0.19893869	2.5385198245378153e-58
521	0.19805232	1.2063967779684863e-57
522	0.19745884	3.4205136099845616e-57
523	0.19747393	3.3311160766231895e-57
524	0.1982109	9.129915632853714e-58
525	0.19721367	5.259103834807344e-57
526	0.19230034000000001	2.7835857585959517e-53
527	0.19269491	1.403105897678274e-53
528	0.19999281	3.964098572733056e-59
529	0.19497588	2.641389905490949e-55
530	0.19586788	5.556210721756798e-56
531	0.1992542	1.4566787233747925e-58
532	0.1943668	7.645269743774727e-55
533	0.19976251	5.949214152381416e-59
534	0.19719178	5.464968175868356e-57
535	0.20481472	7.789823652239576e-63
536	0.19788165	1.6281697132677436e-57
537	0.19570072	7.443127698962181e-56
538	0.19740773	3.741491072503968e-57
539	0.19493759	2.8240135295831614e-55
540	0.19872874	3.672967116254486e-58
541	0.1973307	4.2829760368203615e-57
542	0.20208319	9.877584259685417e-61
543	0.19625905	2.802002889863142e-56
544	0.19876615	3.439015487171781e-58
545	0.19828338	8.037855806338182e-58
546	0.19603592	4.14084354521691e-56
547	0.19799777	1.3277388709831653e-57
548	0.19230833	2.7452555736358694e-53
549	0.1936429	2.698666504470957e-54
550	0.19575472	6.772379399131644e-56
551	0.19924008	1.4933508964308158e-58
552	0.19542471	1.2059191676772484e-55
553	0.20046062	1.7369156122122253e-59
554	0.19596053	4.724779415393036e-56
555	0.20106026	6.025744241949636e-60
556	0.19717076	5.670222263569908e-57
557	0.19074012	4.15162304138582e-52
558	0.19537656	1.311788722723441e-55
559	0.19720269	5.361378202964312e-57
560	0.1976137	2.606402276648733e-57
561	0.19627145	2.741826631160013e-56
562	0.19607995	3.833752135807185e-56
563	0.19434516	7.939262731290932e-55
564	0.1985989	4.6153574057150805e-58
565	0.19631156	2.5558767439697583e-56
566	0.19369021	2.4852978346181486e-54
567	0.19407396	1.2737525776278687e-54
568	0.19502166	2.4384599538545193e-55
569	0.19425821	9.238830183875417e-55
570	0.1971196	6.202539808330826e-57
571	0.19992917	4.434795404200277e-59
572	0.20449291	1.3795237069385898e-62
573	0.20274138	3.0807371061065423e-61
574	0.19464798	4.6815711834253086e-55
575	0.19456256	5.4339233835292694e-55
576	0.19608487	3.800882281086422e-56
577	0.20409374	2.8018401572325442e-62
578	0.19732867	4.298258119870499e-57
579	0.19616491	3.304014769498862e-56
580	0.19991645	4.535369208149165e-59
581	0.19490062	3.0122972186628462e-55
582	0.19598429	4.532377410810181e-56
583	0.19970454	6.589153767223549e-59
584	0.20095733	7.227095902435764e-60
585	0.19869998	3.863577499453956e-58
586	0.19865933	4.1499625028553005e-58
587	0.19811029	1.0895657428143859e-57
588	0.1969308	8.636697459296746e-57
589	0.19765183	2.4376395819496642e-57
590	0.19921531	1.5599251083414196e-58
591	0.19751186	3.1165789662471815e-57
592	0.19752131	3.065311882886758e-57
593	0.19719282	5.45500781696752e-57
594	0.20193549	1.2827061766770736e-60
595	0.19140779	1.3078284776847986e-52
596	0.20226291	7.186847026405717e-61
597	0.19512042	2.052154648089452e-55
598	0.19590844	5.175617206229854e-56
599	0.19649663	1.8483247091088351e-56
600	0.19500634	2.5045736486098268e-55
601	0.19729748	4.540025696942266e-57
602	0.19372491	2.339588825014185e-54
603	0.1986469	4.24169658996919e-58
604	0.19185495	6.026932746965288e-53
605	0.19348572	3.5478403263392865e-54
606	0.19847959	5.6928339139339544e-58
607	0.1946194	4.9209365694029044e-55
608	0.19952849	8.98566057757578e-59
609	0.19863294	4.3471392663703786e-58
610	0.19835203	7.12410481490945e-58
611	0.19978907	5.6771342647385095e-59
612	0.20004381	3.6231797108606843e-59
613	0.19587223	5.514089393332111e-56
614	0.19880932	3.18748309643482e-58
615	0.19894194	2.5240417805997815e-58
616	0.19708985	6.534748100730069e-57
617	0.19350075	3.4562449242568634e-54
618	0.19207213	4.135712165873332e-53
619	0.19289292	9.946743331750375e-54
620	0.196572	1.6197117065821372e-56
621	0.19699698	7.690513426865032e-57
622	0.19852078	5.295072021002411e-58
623	0.19636027	2.3469126191741503e-56
624	0.19413725	1.1407335035722829e-54
625	0.1938109	2.014225091752302e-54
626	0.19487664	3.141076450480216e-55
627	0.19522205	1.7183479631176482e-55
628	0.1904969	6.320520587461963e-52
629	0.19668405	1.330991636623814e-56
630	0.19671315	1.2648209862224575e-56
631	0.19491088	2.9588217700162803e-55
632	0.20568937	1.6458851039568865e-63
633	0.19943428	1.0607816342854071e-58
634	0.20006881	3.466923213782695e-59
635	0.1977648	1.9990504904026401e-57
636	0.19247186	2.06685287894895e-53
637	0.19388793	1.7613343869415633e-54
638	0.19867558	4.033019047195173e-58
639	0.19983139	5.269061136152658e-59
640	0.20076508	1.0148326993265895e-59
641	0.19823235	8.792128027507813e-58
642	0.19598377	4.536503281091584e-56
643	0.19948757	9.657341836534882e-59
644	0.19691681	8.851145089661665e-57
645	0.19679703	1.0919073257556775e-56
646	0.20045089	1.766994886883787e-59
647	0.20286151	2.4902771890282948e-61
648	0.19759222	2.706560752000302e-57
649	0.20029881	2.310817407980649e-59
650	0.19503334	2.389228269448612e-55
651	0.19967995	6.880965537083762e-59
652	0.19563412	8.362444021278818e-56
653	0.20058842	1.3862066274428257e-59
654	0.19748562	3.2634686773610775e-57
655	0.20063169	1.2842791550420742e-59
656	0.19900244	2.269096037310646e-58
657	0.19742713	3.616258741537346e-57
658	0.20108454	5.772774792272988e-60
659	0.197534	2.9977901932034057e-57
660	0.19461119	4.9919306055466705e-55
661	0.19417596	1.0663094823296419e-54
662	0.2004628	1.730246827380045e-59
663	0.19475167	3.9067032143272586e-55
664	0.19993349	4.401147615574775e-59
665	0.20449621	1.3714644014003598e-62
666	0.1906054	5.240087683206057e-52
667	0.19635005	2.389292570955919e-56
668	0.19872671	3.6861074824677004e-58
669	0.19391717	1.673870069241126e-54
670	0.19403052	1.3739109351992464e-54
671	0.19729198	4.584046251513726e-57
672	0.1965293	1.7455183558234443e-56
673	0.19831252	7.636502461817979e-58
674	0.19630353	2.592066904992605e-56
675	0.20379765	4.737874682928891e-62
676	0.20025917	2.478189861506148e-59
677	0.19989754	4.689112764277122e-59
678	0.19739763	3.8083946828347364e-57
679	0.19738058	3.924058346313513e-57
680	0.20096851	7.085798115303188e-60
681	0.19639123	2.2230566967496027e-56
682	0.19976879	5.883728732746961e-59
683	0.19402919	1.3770985327235806e-54
684	0.19836657	6.944309545254895e-58
685	0.19105738	2.3985268246564713e-52
686	0.19795884	1.4217205195791e-57
687	0.1960979	3.7151841436990182e-56
688	0.1971026	6.390250599111888e-57
689	0.19924287	1.486032376839531e-58
690	0.19413139	1.152443412830805e-54
691	0.19312939	6.594160387265525e-54
692	0.19621037	3.0512730365158913e-56
693	0.19473344	4.032991209734138e-55
694	0.19822322	8.934350845553534e-58
695	0.20206833	1.0140718328969768e-60
696	0.19260168	1.6497315250894652e-53
697	0.19968173	6.859415376420029e-59
698	0.1960664	3.9257529751851873e-56
699	0.19920069	1.600602246973619e-58
700	0.19592644	5.015166143784853e-56
701	0.19839322	6.626453059227852e-58
702	0.2018042	1.6179827242044329e-60
703	0.19682595	1.0379382424920734e-56
704	0.20174068	1.8103287881509187e-60
705	0.19726404	4.8143420904756194e-57
706	0.19426322000000001	9.158489655398521e-55
707	0.19780808	1.8527442344070726e-57
708	0.19391719	1.6738117538207184e-54
709	0.19766218	2.3937447491785854e-57
710	0.19471802	4.1429906094735065e-55
711	0.19861338	4.499298936808338e-58
712	0.19566956	7.859954983604447e-56
713	0.19894929	2.4916026206894306e-58
714	0.20054113	1.506868216573222e-59
715	0.19881177	3.1737722946319806e-58
716	0.1997679	5.892965329715589e-59
717	0.20024255	2.5519188347072797e-59
718	0.20055192	1.4784447586037294e-59
719	0.20096247	7.161788066465531e-60
720	0.1957989	6.268767172940612e-56
721	0.19604042	4.108362517100142e-56
722	0.19189943	5.579664271264283e-53
723	0.20159778	2.3307041196176874e-60
724	0.19266927	1.4670067345495096e-53
725	0.19581402	6.105149043262468e-56
726	0.19481275	3.511662224848677e-55
727	0.20207861	9.957949177987003e-61
728	0.20010222	3.268561679064574e-59
729	0.19604876	4.0488357247854145e-56
730	0.1987855	3.3239087996536575e-58
731	0.19441462	7.033593722444454e-55
732	0.20012325	3.149559348370654e-59
733	0.19776315	2.004851049039601e-57
734	0.19805284	1.2052950689294444e-57
735	0.19939071	1.14539539329322e-58
736	0.19825209	8.492311203863408e-58
737	0.19624714	2.8610428356180996e-56
738	0.19548013	1.0945861839652852e-55
739	0.19870419	3.835069761413574e-58
740	0.19252931	1.870642130577605e-53
741	0.1980743	1.1606943471459662e-57
742	0.20219366	8.12382640461625e-61
743	0.19930713	1.3270393582632205e-58
744	0.19985934	5.01575394112573e-59
745	0.20430531	1.9247239090096437e-62
746	0.19652701	1.7525346030367458e-56
747	0.19698102	7.908763519117697e-57
748	0.19748263	3.2806394050515816e-57
749	0.20312996	1.5477092041878047e-61
750	0.19781553	1.828661467916596e-57
751	0.20086137	8.561669862268602e-60
752	0.19891662	2.639055820842706e-58
753	0.19533399	1.4130946796806568e-55
754	0.19980911	5.480104737427933e-59
755	0.1921276	3.7563410260907076e-53
756	0.19579207	6.344105739838379e-56
757	0.19944302	1.0445756651895172e-58
758	0.1991871	1.6393633008292305e-58
759	0.20413193	2.618247238782435e-62
760	0.1896369	2.787686095715916e-51
761	0.19671295	1.2652643609786225e-56
762	0.19814031000000001	1.0335782590252017e-57
763	0.20134889	3.6186301990983774e-60
764	0.19781329	1.8358693989987214e-57
765	0.19165175	8.571079846163655e-53
766	0.19758155	2.7577336962069765e-57
767	0.19841692	6.356012312680695e-58
768	0.20231144	6.59533971458881e-61
769	0.19725175	4.919268577789802e-57
770	0.19938572	1.155506606354206e-58
771	0.19456495	5.4113147734527464e-55
772	0.19638733	2.238291960902982e-56
773	0.19885688	2.9315967378835794e-58
774	0.19439198	7.316842663490986e-55
775	0.19593239	4.963228414229775e-56
776	0.19238239	2.4141287849013593e-53
777	0.20018082	2.845469435360379e-59
778	0.20438645	1.6665342383067954e-62
779	0.19935288	1.2243113842156314e-58
780	0.19897972	2.3616725829675897e-58
781	0.19757018	2.813327876735691e-57
782	0.19503636	2.3766611859414476e-55
783	0.19745322	3.454417180675727e-57
784	0.19555423	9.615998198446567e-56
785	0.19785086	1.7186435896772018e-57
786	0.19587589	5.478896545793626e-56
787	0.20143828	3.0898257058834857e-60
788	0.19631542	2.5386602782853415e-56
789	0.19738032	3.925849027201301e-57
790	0.19945321	1.0259930933204287e-58
791	0.1984446	6.054082704811321e-58
792	0.20156919	2.4515330694992574e-60
793	0.19478621	3.678158162834055e-55
794	0.19550333	1.0510849712688766e-55
795	0.1998354	5.231948515071001e-59
796	0.19310739	6.851291450555096e-54
797	0.1983078	7.700126592857982e-58
798	0.19639181	2.220799804254072e-56
799	0.19777512	1.9631490449879988e-57
800	0.19287924	1.01860425931551e-53
801	0.20023776	2.5735719977935116e-59
802	0.20080922	9.38747945484982e-60
803	0.19500434	2.5133357691993162e-55
804	0.19632101	2.5139327624793127e-56
805	0.19291274	9.609963951517878e-54
806	0.20424843	2.129194825001747e-62
807	0.19752456	3.0478757293128163e-57
808	0.19501723	2.4573964818834138e-55
809	0.18977721	2.188743521887188e-51
810	0.19389259	1.747095401822239e-54
811	0.20064626	1.25167127475853e-59
812	0.19977568	5.8127106089227e-59
813	0.19939995	1.1269052166033256e-58
814	0.19878875	3.304956697960531e-58
815	0.19737742	3.9458774172057395e-57
816	0.19631841	2.525403864044527e-56
817	0.19502308	2.432420905609065e-55
818	0.19890639	2.6869964752249977e-58
819	0.19608489	3.80074923988815e-56
820	0.18888514	1.0171864079455286e-50
821	0.19218899	3.3768643971506344e-53
822	0.19480243	3.575490005579182e-55
823	0.19671166	1.268127860448807e-56
824	0.2019898	1.1652105404662358e-60
825	0.19469418	4.318980902485307e-55
826	0.19888418	2.7940946571093376e-58
827	0.19617672	3.236411630280875e-56
828	0.19732218	4.34748199307595e-57
829	0.19656469	1.6405877361167324e-56
830	0.19676794	1.1490215253812168e-56
831	0.19848268	5.661985804074868e-58
832	0.19431924	8.306300118010684e-55
833	0.20049925	1.6224579656021867e-59
834	0.19594934	4.81819781152171e-56
835	0.19434629	7.923635271909313e-55
836	0.19569233	7.553138395300869e-56
837	0.19850088	5.483649953831196e-58
838	0.19995261	4.255261044039737e-59
839	0.20310707	1.611778072785977e-61
840	0.194465	6.44197178230204e-55
841	0.19649424	1.8560787897599086e-56
842	0.19624018000000001	2.8961183214353845e-56
843	0.19880875	3.190681431405259e-58
844	0.19495227	2.7525525310250994e-55
845	0.19348317	3.563619252033895e-54
846	0.19425358	9.31370268195268e-55
847	0.20120455	4.669922358570303e-60
848	0.20443758	1.5219219953154011e-62
849	0.19583473	5.887940090623418e-56
850	0.19896986	2.403013960556783e-58
851	0.20076099	1.022187195813134e-59
852	0.19416102	1.0944405384013419e-54
853	0.19360515	2.881966707570987e-54
854	0.18987624	1.8451349455511097e-51
855	0.19814495	1.0251848639094146e-57
856	0.19769967	2.2412546008916205e-57
857	0.19950093	9.43270417987685e-59
858	0.19727394	4.7314483502082814e-57
859	0.1979002	1.5759750702236978e-57
860	0.19865693	4.167518905440264e-58
861	0.19647272	1.9273778527602958e-56
862	0.20254696	4.346821116552564e-61
863	0.19941861	1.0904688404107724e-58
864	0.19822313	8.935764201134389e-58
865	0.20131178	3.863888844893341e-60
866	0.20117982	4.8784815859510455e-60
867	0.19943768	1.0544476155478829e-58
868	0.19503712	2.3735090199760095e-55
869	0.19706656	6.807174885863352e-57
870	0.19537061	1.3254997908182144e-55
871	0.19879024	3.2963040151614644e-58
872	0.19441328	7.050049297290217e-55
873	0.19556883	9.373660826006418e-56
874	0.19752943	3.021933603298373e-57
875	0.19910444	1.896168283960576e-58
876	0.19400115	1.446047949869869e-54
877	0.19613918	3.456222923267889e-56
878	0.19924413	1.4827389938992439e-58
879	0.19865788	4.16056064172183e-58
880	0.2004925	1.6418998350576122e-59
881	0.19733718	4.234556019036163e-57
882	0.20217783	8.354606745304608e-61
883	0.19828198	8.057660257423133e-58
884	0.19502391	2.4288979590710137e-55
885	0.19661732	1.4960793246412943e-56
886	0.20085171	8.708961668116163e-60
887	0.19318457	5.990836616717721e-54
888	0.19629643	2.624491791530768e-56
889	0.1950793	2.2049559404815982e-55
890	0.19836781	6.929187650430157e-58
891	0.19209681	3.962412415923022e-53
892	0.19657596	1.6085136870969118e-56
893	0.19566594	7.9098670119939075e-56
894	0.19748962	3.240638101508991e-57
895	0.19832582	7.46003325865415e-58
896	0.2005392	1.512009558524561e-59
897	0.19931275	1.3139701436739968e-58
898	0.19809797	1.1134102113201318e-57
899	0.19290987	9.658016335036663e-54
900	0.19707336	6.726482212904438e-57
901	0.20133691	3.6960561037777186e-60
902	0.19783111	1.7793037701499295e-57
903	0.19258645	1.693946464082275e-53
904	0.20033423	2.170840772955288e-59
905	0.1968741	9.539295548750945e-57
906	0.20062578	1.2977465263607364e-59
907	0.19715543	5.824754531946843e-57
908	0.19939394	1.138897632299865e-58
909	0.19729765	4.5386718101041857e-57
910	0.19658267	1.5897155108465084e-56
911	0.19511507	2.0714204407148847e-55
912	0.19948272	9.74020625771375e-59
913	0.19535304	1.366828839817122e-55
914	0.19062721	5.04626889893623e-52
915	0.19976255	5.9487947522641125e-59
916	0.19546932	1.1154651598318619e-55
917	0.19341655	4.0016317429991524e-54
918	0.19160001	9.374875687140348e-53
919	0.19331161	4.803150963118791e-54
920	0.20330869000000001	1.1275099878409137e-61
921	0.1989227	2.61096904614236e-58
922	0.19980137	5.555380006411236e-59
923	0.19899616	2.2943162552634268e-58
924	0.19945246	1.027349468672225e-58
925	0.20414	2.5810176455083647e-62
926	0.19955605	8.559783428468645e-59
927	0.19819587	9.374297951382618e-58
928	0.19979342	5.633773129877889e-59
929	0.19546024	1.1333097924685872e-55
930	0.18997619	1.552932303714033e-51
931	0.19961385	7.730977434717702e-59
932	0.19862656	4.396196567930646e-58
933	0.20183882	1.5218909555813928e-60
934	0.20056717	1.4391837131781178e-59
935	0.19181097	6.504359972227997e-53
936	0.19947867	9.80994627856063e-59
937	0.19247943	2.039867326562589e-53
938	0.19753267	3.004796665938861e-57
939	0.20070492	1.128546953776078e-59
940	0.20165388	2.1106304466553545e-60
941	0.20052519	1.5498599986622448e-59
942	0.19765819	2.410572220077262e-57
943	0.19866752000000001	4.0906056484612506e-58
944	0.19891692	2.6376629078818792e-58
945	0.1934669	3.665958269119167e-54
946	0.2026522	3.607806750220687e-61
947	0.19532492	1.435668980106301e-55
948	0.19398379	1.4904527580832218e-54
949	0.20093726	7.487849049339834e-60
950	0.19680568	1.075477738116102e-56
951	0.19909511	1.927569234463055e-58
952	0.19763707	2.5016319007402544e-57
953	0.19921736	1.5543045691797986e-58
954	0.19864451	4.259565737345785e-58
955	0.19772018	2.1619774588442343e-57
956	0.2006428	1.2593391227854198e-59
957	0.19997869	4.064027068886469e-59
958	0.19510781	2.0978535153575424e-55
959	0.1976017	2.6618913183606923e-57
960	0.19425744	9.251240178069692e-55
961	0.19873052	3.661483532441449e-58
962	0.1969604	8.199923124768541e-57
963	0.20319679	1.3748469902026381e-61
964	0.19263229	1.564321677544409e-53
965	0.19619712	3.122875721479292e-56
966	0.19794618	1.4536929298823453e-57
967	0.19837897	6.79456230337166e-58
968	0.19752269	3.0578960851842775e-57
969	0.19820822	9.173020391422886e-58
970	0.20235462	6.110063457294216e-61
971	0.1937559	2.2166863419967028e-54
972	0.19330398	4.8673262059122247e-54
973	0.19385483	1.8658649366774038e-54
974	0.20079104	9.693693234427405e-60
975	0.19752436	3.048945856851445e-57
976	0.20546972	2.4322968708930814e-63
977	0.19928658	1.3759433483752097e-58
978	0.197483	3.2785097162208695e-57
979	0.20117096	4.9554448528466603e-60
980	0.19774862	2.0566625306046093e-57
981	0.19404179	1.3471943206285676e-54
982	0.19674407	1.1981088767743162e-56
983	0.1973077	4.4593457476558045e-57
984	0.20345009	8.77523811077948e-62
985	0.19835611	7.073189084177492e-58
986	0.20053057	1.5352143125553294e-59
987	0.19689023	9.273340593380047e-57
988	0.19490655	2.981273250452746e-55
989	0.19760807	2.6322905171202935e-57
990	0.20007286	3.442251116565366e-59
991	0.19769647	2.2538827464034748e-57
992	0.20162478	2.2220630026248938e-60
993	0.19467651	4.454223702165661e-55
994	0.19835454	7.092738488061066e-58
995	0.19815063	1.0150028240611496e-57
996	0.19638125	2.2622516363812865e-56
997	0.19807807	1.1530311009538791e-57
998	0.19933651	1.2601226585188045e-58
999	0.19645305	1.994937906468436e-56
