Dataset	Random-mean	P-value
0	0.09760114	0.005581828004170234
1	0.09723588	0.004407214022432706
2	0.09748332	0.005175160539436005
3	0.09814611	0.007864693704970154
4	0.09777231	0.006224248238982343
5	0.09782543	0.006436774395238858
6	0.09832025	0.008753975199870359
7	0.09822192	0.008241348227234034
8	0.0985245	0.009911072430330582
9	0.09761968	0.005648390629700811
10	0.09744818	0.00505917891394649
11	0.09757549	0.005490909134630082
12	0.09674095	0.003173389833431186
13	0.09762808	0.005678784158460907
14	0.09714733	0.004158608494368404
15	0.09614715	0.0021131001343352106
16	0.09688965	0.0035060231459451106
17	0.09770361	0.005958790279541952
18	0.09917269	0.014539927139662328
19	0.09722052	0.004363144832345677
20	0.09758733	0.005532709253759721
21	0.09615966	0.0021315827848744414
22	0.09608565	0.002024363048111941
23	0.09697995	0.0037232437917475727
24	0.0956147	0.0014504145949544981
25	0.09611899	0.0020720337707369183
26	0.09707204	0.003957342304050388
27	0.09696545	0.0036875563464516775
28	0.09570421	0.0015463262336645742
29	0.09721108	0.004336259790589492
30	0.09627165	0.0023037854952056426
31	0.09759281	0.005552153248936357
32	0.09548783	0.0013238665482798975
33	0.09831009	0.008699714837863056
34	0.09753219	0.0053404652972997525
35	0.09744419	0.005046159772626347
36	0.09639415	0.00250671727828943
37	0.09898326	0.013021255788670643
38	0.09636452	0.002456182280481353
39	0.09598083	0.0018809850441407
40	0.09806665	0.007486571882101838
41	0.09750498	0.005247845653516083
42	0.09851371	0.009846685269179334
43	0.09767982	0.005869278018022504
44	0.09702361	0.0038326095666329023
45	0.0976802	0.005870698200851836
46	0.09647446	0.00264852314521112
47	0.09800347	0.007197676403223632
48	0.09695906	0.003671928495761259
49	0.0957096	0.0015522846599411884
50	0.09718889	0.004273655022371244
51	0.09715542	0.004180779905068122
52	0.09667468	0.003034656936579123
53	0.09691077	0.0035557658480880774
54	0.09625343	0.0022749258696217133
55	0.0984427	0.009432192315711994
56	0.09703803	0.0038693688755732066
57	0.09747216	0.005138067815160042
58	0.10003147	0.023560775387577115
59	0.09794391	0.0069345633356643135
60	0.09954402	0.017977290276877597
61	0.09750979	0.005264111688711834
62	0.09758335	0.005518626175978349
63	0.0962961	0.0023430416706821202
64	0.09808081	0.007552733112750401
65	0.09598605	0.001887897884209572
66	0.09619222	0.0021803870943411614
67	0.09685971	0.003436595018501047
68	0.09831909	0.00874776482016098
69	0.09835163	0.008923482807445024
70	0.09715822	0.004188478586929905
71	0.09735066	0.004749548433573398
72	0.09591412	0.001794670447741169
73	0.09704726	0.0038930661903669207
74	0.09858698	0.010291358609837337
75	0.0974946	0.005212898544072973
76	0.09538927	0.0012326950285873708
77	0.09649734	0.0026902483166293084
78	0.09668355	0.003052898590901565
79	0.09721857	0.004357578861825904
80	0.09651228	0.0027178178866161112
81	0.09700589	0.003787873811454811
82	0.09828153	0.008548798691352102
83	0.09885628	0.012083688496441087
84	0.09729976	0.004594864445721078
85	0.09824579	0.008363251095222679
86	0.09664173	0.00296776311747335
87	0.09643749	0.002582354721033602
88	0.09673982	0.003170976435609451
89	0.09710707	0.004049854921584138
90	0.09679973	0.0033012687450795866
91	0.09689277	0.003513331299963104
92	0.09877887	0.01154202100728913
93	0.0961393	0.0021015776894869713
94	0.09680655	0.0033164068571890377
95	0.09647643	0.0026520922628674288
96	0.09771693	0.006009445129361754
97	0.09755934	0.005434353806100366
98	0.09587347	0.0017438800567293445
99	0.09880582	0.011728097873060925
100	0.09799861	0.0071758748597361725
101	0.0972003	0.004305742709240497
102	0.09775819	0.00616883219582817
103	0.09756051	0.005438433214657104
104	0.09848095	0.0096534806189764
105	0.09716956	0.004219790318605082
106	0.09831325	0.008716558706725929
107	0.09793744	0.006906509539887545
108	0.09634342	0.00242076730264954
109	0.09873967	0.011276053643761372
110	0.09716051	0.004194784594165272
111	0.09704004	0.0038745181745681026
112	0.09615311	0.002121887156845556
113	0.09817714	0.008016952859094957
114	0.09725208	0.004454131283749445
115	0.09709115	0.004007569576154924
116	0.09966364	0.01922735448857269
117	0.09763211	0.0056934182636313845
118	0.09664353	0.002971382278278165
119	0.09677555	0.003248104480437723
120	0.09800821	0.0072189970495667305
121	0.09861089	0.010440298952509782
122	0.10069387	0.0335299737426255
123	0.09737141	0.004813952201791358
124	0.09738722	0.004863554050707516
125	0.09646559	0.0026325075351602287
126	0.09915295	0.01437467142239906
127	0.09576631	0.0016162732136353584
128	0.09736031	0.004779402149174331
129	0.09693637	0.0036169228985471705
130	0.09768881	0.005902959924539096
131	0.09595762	0.001850529498502439
132	0.09798944	0.007134900857519836
133	0.09702703	0.00384129889344181
134	0.09590606	0.0017844927273727427
135	0.09784163	0.006502879106875751
136	0.0980442	0.007382744234274531
137	0.09725412	0.004460071450122188
138	0.0964962	0.0026881551750381773
139	0.09647297	0.002645826585301113
140	0.09563021	0.0014666298070280441
141	0.09866322	0.010773003134226626
142	0.09772917	0.006056335521620882
143	0.09730826	0.004620373268156999
144	0.09775326	0.006149588868246412
145	0.09576808	0.00161830902235343
146	0.096678	0.0030414729963683853
147	0.09657836	0.0028428906624848324
148	0.09605	0.0019745075671015098
149	0.09818371	0.008049528339419618
150	0.09877496	0.011515243708652534
151	0.09728168	0.004541030587679205
152	0.09533564	0.001185563212032649
153	0.09630774	0.002361945515132293
154	0.0961672	0.002142794291888393
155	0.09571326	0.0015563427211109948
156	0.09675896	0.0032120820063359493
157	0.09769464	0.005924895870440889
158	0.09662255	0.002929448659030707
159	0.09845715	0.009515251147831041
160	0.09831684	0.008735730080388377
161	0.09634445	0.0024224851506222523
162	0.09752302	0.005309087594812005
163	0.09689078	0.0035086684055636204
164	0.09624209	0.0022571319254434744
165	0.09775114	0.006141330528685118
166	0.09700631	0.003788928610059172
167	0.09641748	0.0025471766899956196
168	0.09710881	0.00405450109780177
169	0.09830402	0.008667441502816479
170	0.09509623	0.000994834253093669
171	0.09587181	0.0017418344061792433
172	0.09767125	0.00583733152979339
173	0.09717097	0.004223698423857784
174	0.09731037	0.004626725351051451
175	0.09581232	0.0016699680402913648
176	0.09740927	0.004933507541170291
177	0.09738842	0.004867337764921813
178	0.09689531	0.003519291149025388
179	0.09702433	0.0038344374088064128
180	0.09725153	0.004452530999270725
181	0.09569359	0.0015346480203098898
182	0.09703923	0.0038724423334143042
183	0.09810738	0.007678299215365823
184	0.09755781	0.005429023375146467
185	0.09826617	0.00846860817449868
186	0.09678132	0.003260719355478355
187	0.09732812	0.004680475901593093
188	0.09763208	0.0056933091989796805
189	0.09660637	0.0028974796966491586
190	0.09652255	0.002736919547279079
191	0.09752248	0.0053072450515877735
192	0.09756451	0.005452400860781783
193	0.099279	0.015459119800595772
194	0.09821868	0.008224925206095073
195	0.09616305	0.002136616811001029
196	0.09633671	0.002409603615022682
197	0.09809832	0.007635273651928671
198	0.09712335	0.004093516132640154
199	0.09789116	0.00670880374093879
200	0.09766441	0.005811946880805179
201	0.09556757	0.00140215295703311
202	0.09610706	0.0020548584289837107
203	0.09676928	0.0032344470309265635
204	0.09727226	0.004513209816150302
205	0.099161	0.014441861265732
206	0.09662177	0.0029279001338455004
207	0.09794155	0.006924318549883047
208	0.0983927	0.009149773352793622
209	0.09816464	0.007955301848824245
210	0.09807778	0.007538531679525464
211	0.09582289	0.0016825337651694358
212	0.09720345	0.004314639780428984
213	0.09831877	0.008746052306934107
214	0.09584612	0.0017104569265733527
215	0.09834975	0.008913245279094607
216	0.09774783	0.0061284566377335205
217	0.0978604	0.006580236198620553
218	0.09840498	0.009218425135704419
219	0.09708558	0.0039928702065631025
220	0.09613944	0.002101782678192533
221	0.09668478	0.003055436058004853
222	0.09687763	0.003477997504487588
223	0.09636639	0.0024593437799699685
224	0.0971714	0.00422489091233833
225	0.09545932	0.0012968721409907804
226	0.09826138	0.00844373919946863
227	0.09766349	0.005808540197182794
228	0.09836012	0.008969846350404787
229	0.0969577	0.0036686101850002093
230	0.09833778	0.008848309099816685
231	0.09620516	0.0022000665590425753
232	0.09910743	0.013999913226340966
233	0.09757618	0.005493337254986382
234	0.09641398	0.002541068965439511
235	0.09695548	0.0036631994051575544
236	0.09562442	0.0014605570480425213
237	0.09754709	0.005391808102937517
238	0.09677511	0.003247144346518781
239	0.09666342	0.0030116437413569403
240	0.09587599	0.0017469897367060534
241	0.09660034	0.00288564734545001
242	0.09686178	0.0034413544691663995
243	0.096335	0.002406766188045022
244	0.09493199	0.0008809152662898621
245	0.09841751	0.009288949402581211
246	0.09789101	0.006708171329848542
247	0.09791605	0.006814489225103468
248	0.09602178	0.0019358469382792596
249	0.09677721	0.0032517291397506287
250	0.09499088	0.0009202894760035966
251	0.098286	0.008572262939282383
252	0.0965169	0.0027263956772938117
253	0.09998124	0.022922893802589068
254	0.09798105	0.007097596751371963
255	0.09804008	0.007363831186562502
256	0.09718265	0.004256198763222525
257	0.09611758	0.00206999696689508
258	0.09608386	0.0020218324169693435
259	0.09674303	0.003177836584083106
260	0.09619605	0.002186194924524698
261	0.09572929	0.001574231824233723
262	0.09757102	0.005475202655967881
263	0.09730489	0.004610244422944024
264	0.09641583	0.0025442956584560573
265	0.09648542	0.0026684357922614342
266	0.09563596	0.0014726836992958595
267	0.09766326	0.00580768880843076
268	0.09812492	0.007762215782764185
269	0.09813105	0.007791737298781496
270	0.09657529	0.0028369651220658348
271	0.09908558	0.013823117819511371
272	0.09514406	0.0010304961158556078
273	0.09793085	0.0068780405761792425
274	0.09848423	0.00967267082705027
275	0.09718755	0.004269900922101961
276	0.09523193	0.0010991216420555825
277	0.0962098	0.002207162858718542
278	0.09706025	0.003926641002770959
279	0.0977228	0.006031891507766336
280	0.09887259	0.01220065692065121
281	0.09618967	0.002176528131307198
282	0.0979458	0.006942777690482027
283	0.09646226	0.00262651786795246
284	0.09746174	0.005103652342553911
285	0.09706053	0.00392736760415083
286	0.09664233	0.0029689690559797214
287	0.09933864	0.01599693381228205
288	0.09813466	0.007809169889682544
289	0.09681623	0.0033380020882553246
290	0.09605869	0.001986554998160203
291	0.09741684	0.0049577329570057345
292	0.09559751	0.0014326366992253434
293	0.09609234999999999	0.002033861138916851
294	0.0976077	0.00560529825255813
295	0.09799394	0.007154981662578296
296	0.09737724	0.0048321894007303
297	0.09812149	0.007745741109085437
298	0.09824741	0.008371582673443723
299	0.09590042	0.0017774025201103677
300	0.09693387	0.003610908535633752
301	0.09749921	0.005228393257803502
302	0.09913178	0.014199292607251102
303	0.09987523	0.02162585158343489
304	0.09835962	0.0089671099037016
305	0.09666189	0.003008529077193782
306	0.09759419	0.005557059466787171
307	0.09821136	0.00818792943061418
308	0.09890075	0.012404978355527691
309	0.09770921	0.005980039414967531
310	0.0980744	0.007522718152544227
311	0.09693905	0.0036233804418565117
312	0.09735913	0.00477574252604849
313	0.09899998	0.01314939886532574
314	0.09758114	0.005510820192977048
315	0.09943456	0.016896546122800286
316	0.09550274	0.0013381901086173215
317	0.09790096	0.006750237911929907
318	0.09954207	0.017957517918821685
319	0.09720569	0.004320976753400707
320	0.09852804	0.009932278472866892
321	0.0978522	0.006546339897334468
322	0.09796729	0.00703679629207272
323	0.09882785	0.011882181840459891
324	0.0965388	0.0027673951112089402
325	0.09743197	0.005006475368833435
326	0.09777027	0.0062162142754140105
327	0.09714769	0.004159592829542091
328	0.09803988	0.007362914187811118
329	0.09685783	0.003432277633330309
330	0.09626682	0.002296102419997007
331	0.09853294	0.009961698355728282
332	0.09653277	0.002756050242713447
333	0.09924278	0.015140345437597612
334	0.09656065	0.002808863076863568
335	0.09642815	0.0025658797146951716
336	0.09637368	0.0024717042441762082
337	0.1004364	0.029291415561405493
338	0.09678885	0.0032772494209483798
339	0.09808102	0.007553718261313474
340	0.09593946	0.0018270179628823674
341	0.09792483	0.006852126483682847
342	0.0972932	0.004575265162720059
343	0.09736458	0.004792666301694325
344	0.09745588	0.005084389697103088
345	0.09740978	0.004935136257143918
346	0.09676395	0.0032228783958641125
347	0.09665678	0.0029981478510424484
348	0.09837683	0.009061729635658343
349	0.09732081	0.0046582714637127065
350	0.09546613	0.0013032734052847474
351	0.09576552	0.001615365339068774
352	0.0963917	0.002502502821057174
353	0.098378	0.009068194575069934
354	0.09833097	0.008811554913095664
355	0.09988142	0.02169978670598683
356	0.09806525	0.007480058915183808
357	0.09723019	0.0043908419511809104
358	0.09973884	0.020051659809106177
359	0.09609766	0.0020414178402603546
360	0.09693485	0.0036132650780068463
361	0.0961642	0.002138327000750105
362	0.09562816	0.0014644770303370662
363	0.09742704	0.004990545488604103
364	0.09754723	0.005392292630889879
365	0.09870687	0.011057718048179078
366	0.09647123	0.002642680768094478
367	0.0975034	0.0052425124923290035
368	0.09747882	0.005160174696203927
369	0.09753693	0.005356750283938141
370	0.09710361	0.004040630371725431
371	0.09740872	0.004931751629191473
372	0.0977702	0.006215938766423398
373	0.09626344	0.002290739864562258
374	0.09855771	0.010111613547981695
375	0.09737905	0.00483786411833899
376	0.09595979	0.0018533575413578484
377	0.09643479	0.0025775821988785314
378	0.09819165	0.008089055149659245
379	0.09618821	0.002174321513353132
380	0.09806408	0.007474619844952084
381	0.09784297	0.006508374355876003
382	0.09739896	0.004900686310724461
383	0.09688928	0.0035051573945884926
384	0.09728446	0.004549270686070079
385	0.09898925	0.013067035606801732
386	0.09686681	0.0034529447897556197
387	0.09823641	0.008315156288420259
388	0.09830126	0.008652802494712526
389	0.09769072	0.005910138388007244
390	0.09812927	0.007783154605579986
391	0.09978556	0.020579218223258013
392	0.09722343	0.004371462992960853
393	0.09704132	0.00387780058296337
394	0.09773663	0.006085076008685626
395	0.09914524	0.014310578795565295
396	0.09498659	0.0009173668278021271
397	0.09677007	0.003236164931927203
398	0.0981618	0.007941354237865999
399	0.09638976	0.0024991702717843934
400	0.09889517	0.012364251559367738
401	0.09814681	0.007868099649586518
402	0.09754816	0.005395512281841826
403	0.09841615	0.009281271444514577
404	0.09524308	0.0011081264872551291
405	0.09696046	0.003675347262526383
406	0.09843178	0.009369854865674607
407	0.09723808	0.004413559033356946
408	0.09736945	0.00480783504272346
409	0.09644922	0.002603182895896122
410	0.0975698	0.0054709229471383595
411	0.09822952	0.008279986892215433
412	0.09586771	0.0017367913741600143
413	0.09247462	0.00012602299618614418
414	0.09647912	0.0026569729499814664
415	0.09632448	0.0023893775757528267
416	0.09711194	0.0040628710909185834
417	0.09656264	0.0028126679284206885
418	0.09749384	0.005210348099863974
419	0.09922578	0.014992739560455135
420	0.09903909	0.01345351695560423
421	0.09616603	0.0021410510285351887
422	0.09765503	0.005777298054158959
423	0.09781776	0.0064056886651800956
424	0.09829846	0.008637973977754617
425	0.09626576	0.002294419431965886
426	0.09607569	0.002010318920949081
427	0.09689635	0.0035217340630763227
428	0.09561412	0.001449811449919564
429	0.09613284	0.002092138901398296
430	0.09838574	0.009111066760829904
431	0.09847445	0.00961555177719922
432	0.09859058	0.010313661778989945
433	0.09718158	0.004253211984177784
434	0.096626	0.0029363068988907397
435	0.09758027	0.0055077499918965295
436	0.09812096	0.00774319826452886
437	0.09723433	0.004402748653556544
438	0.096358	0.002445188447668448
439	0.0977548	0.00615559413815445
440	0.09770489	0.005963641200042206
441	0.09854168	0.010014367135951224
442	0.09693312	0.00360910600637013
443	0.09700548	0.0037868443852483134
444	0.09775695	0.00616398697721763
445	0.09750142	0.005235836096369059
446	0.09287612	0.00017593711759631556
447	0.09655902	0.0028057500526211558
448	0.09761276	0.005623462789263133
449	0.09622219	0.0022262150315496233
450	0.09781496	0.006394374346363175
451	0.09787679	0.006648462236487542
452	0.09688747	0.0035009250433971745
453	0.0966354	0.002955067746514847
454	0.09741076	0.004938267315731885
455	0.09698281	0.0037303199001302396
456	0.09648837	0.0026738188797940255
457	0.09836914	0.009019340460520171
458	0.097984	0.007110693147497015
459	0.09843039	0.00936194647328523
460	0.0962469	0.0022646637693890547
461	0.09808508	0.007572787190952193
462	0.09668763	0.003061322969636347
463	0.09687472	0.003471243408698117
464	0.09768687	0.005895676778739129
465	0.09785726	0.006567237738794803
466	0.09632285	0.002386693675919461
467	0.09641262	0.002538699304358337
468	0.09712768	0.004105200631543306
469	0.09952224	0.017757530718624962
470	0.09687742	0.0034775096942560335
471	0.09919796	0.014753928328351104
472	0.09842129	0.009310319471177149
473	0.10000547	0.023228692839116123
474	0.09758558	0.005526512943892556
475	0.09586058	0.0017280534738193282
476	0.09566851	0.0015073915790018053
477	0.09819124	0.008087009833828268
478	0.0978504	0.006538920358176848
479	0.0957362	0.0015820016265916295
480	0.09706788	0.003946484743360009
481	0.09813756	0.007823199284246221
482	0.09676362	0.0032221633834443653
483	0.09530016	0.001155305959435362
484	0.09661629	0.002917041855770898
485	0.09735593	0.004765830921214989
486	0.09732969	0.0046852573618934535
487	0.09681848	0.003343040001238496
488	0.09756824	0.005465454944416064
489	0.09691646	0.003569276834131312
490	0.09781452	0.006392598022500784
491	0.09749554	0.005216054605630073
492	0.09573106	0.0015762186991405119
493	0.09633538999999999	0.0024074130503889913
494	0.09487205	0.0008424518954843833
495	0.09626827	0.002298406457247135
496	0.096919	0.0035753232068590794
497	0.09575401	0.001602191230657589
498	0.09833416	0.008828754567206658
499	0.0966313	0.002946871376330471
500	0.09788438	0.0066802723869956865
501	0.09693241	0.003607400368281948
502	0.09792992	0.006874031477983238
503	0.09788659	0.006689560389803955
504	0.09602553	0.0019409438660417746
505	0.09551923	0.0013541984289116588
506	0.10012996	0.02485647832292132
507	0.09665522	0.002994985167199843
508	0.0986876	0.010931209657928806
509	0.09810008	0.007643614817896065
510	0.09779318	0.006306979007014309
511	0.09682881	0.0033662588653317095
512	0.09564661	0.0014839575993451566
513	0.09767559	0.005853490097855727
514	0.09622567	0.0022315933690584488
515	0.09638411	0.0024894878344025686
516	0.09754422	0.005381883963887604
517	0.09676982	0.0032356212022164143
518	0.09729575	0.004582874746832973
519	0.09649141	0.002679376608578196
520	0.09599771	0.0019034238088241387
521	0.09880411	0.01171621232730429
522	0.09686767	0.0034549299981544465
523	0.09684037	0.0033924169601440984
524	0.09648286	0.0026637724192891945
525	0.09773297	0.006070960088662967
526	0.09801459	0.007247784203847384
527	0.09740402	0.004916769667306146
528	0.09762324	0.005661253683080619
529	0.09663323	0.0029507270724702292
530	0.09695617	0.0036648803541074605
531	0.09759581	0.005562823945942096
532	0.09755907	0.005433412797643545
533	0.09788037	0.006663449177175985
534	0.09705867	0.003922543189276696
535	0.09653761	0.0027651528575899247
536	0.09721872	0.004358006784116194
537	0.09612371	0.0020788654313492463
538	0.09735154	0.004752263814237327
539	0.09556547	0.0014000374913802158
540	0.09622345	0.0022281609833892046
541	0.09683652	0.003383684596292878
542	0.09752215	0.005306119338107424
543	0.09727502	0.004521345042795227
544	0.09832149	0.008760618250524927
545	0.09773985	0.006097519441750617
546	0.09954835	0.01802126344716174
547	0.09541837	0.001258989605702665
548	0.09746224	0.00510529897208296
549	0.09613608	0.002096868021583946
550	0.09738332	0.004851275402657917
551	0.09934626	0.016066823548859435
552	0.09727591	0.0045239711979242645
553	0.09771552	0.006004064663990811
554	0.09831512	0.008726540199456252
555	0.09734449	0.004730549431316402
556	0.09695637	0.0036653677171570595
557	0.09802121	0.0072777634369564255
558	0.09496831	0.0009050096353541053
559	0.09675581	0.0032052836788552656
560	0.09671604	0.0031205758661227083
561	0.09552364	0.0013585095360195427
562	0.09654491	0.0027789341114301453
563	0.09732966	0.004685165954863743
564	0.09671184	0.003111750649341598
565	0.09598822	0.001890778492964077
566	0.09591767	0.0017991701414688602
567	0.09778678	0.006281503856367916
568	0.09635789	0.002445003356893252
569	0.09793717	0.006905341050689227
570	0.09689851	0.0035268127526021913
571	0.096491	0.002678626429306273
572	0.09725566	0.004464560460957538
573	0.09659149	0.0028683615437234532
574	0.09689751	0.0035244606772400397
575	0.09723646	0.004408885992759753
576	0.0969775	0.0037171918240494267
577	0.09635187	0.0024348934296315634
578	0.09779329	0.006307417675214437
579	0.09786106	0.006582971308226848
580	0.09785289	0.006549186066697647
581	0.09768481	0.005887952021568594
582	0.09807085	0.007506141394488698
583	0.09497987	0.0009128060267636175
584	0.09651517	0.0027231807464429647
585	0.09702478	0.0038355802134872807
586	0.09693122	0.0036045432715483524
587	0.09592338	0.0018064294966210377
588	0.09755462	0.005417924821888233
589	0.09783119	0.006460208508011456
590	0.0966418	0.002967903787199917
591	0.09706077	0.00392799050279993
592	0.09711863	0.004080813706794266
593	0.09772241	0.006030397835213841
594	0.09616875	0.0021451057531748736
595	0.0957075	0.0015499606783802827
596	0.09839584	0.009167283945137236
597	0.09647822	0.002655339090614774
598	0.09665416	0.0029928379060620344
599	0.09734576	0.004734454436895879
600	0.09706244	0.003932327331293606
601	0.09590886	0.0017880223650298742
602	0.09709727	0.0040237772043804024
603	0.09715806	0.004188038315044861
604	0.09617007	0.00214707603081942
605	0.09662066	0.0029256977550368873
606	0.09603443	0.001953090078124744
607	0.09761145	0.0056187550106366725
608	0.09784536	0.006518185983028845
609	0.09865425	0.0107153107948473
610	0.09449567	0.0006344693733985804
611	0.09573055	0.0015756459724256483
612	0.09683331	0.003376419541928523
613	0.09866009	0.010752840534819208
614	0.09951971	0.017732156772786303
615	0.09787016	0.006620787331919261
616	0.09851456	0.00985174387732674
617	0.09722203	0.00436745933094378
618	0.09828298	0.008556403818291966
619	0.09769671	0.00593270215415618
620	0.09620539	0.00220041782068998
621	0.09780336	0.0063476926092398776
622	0.09740552	0.00492154665297744
623	0.09725381	0.004459168314159924
624	0.09769109	0.005911529892350122
625	0.09623052	0.0022391089593911413
626	0.09574423	0.0015910752630946493
627	0.09522052	0.0010899771122687035
628	0.09796317	0.007018682970283311
629	0.0972378	0.0044127510256565606
630	0.09598351	0.0018845312472014464
631	0.09688538	0.0034960437658751098
632	0.09572902	0.001573928944989138
633	0.09749924	0.00522849422759768
634	0.096603	0.0028908614600476755
635	0.09510873	0.0010040419369045483
636	0.10082371	0.03586012447839728
637	0.09553846	0.0013730903986023965
638	0.09740092	0.004906910555976368
639	0.09799939	0.007179369863375005
640	0.09649484	0.002685660046220769
641	0.09655429	0.0027967344326130673
642	0.09465488	0.000715794817617876
643	0.09706256	0.00393263912756844
644	0.09757596	0.005492562966164608
645	0.09783792	0.00648768647800972
646	0.0974322	0.005007219672333818
647	0.09727024	0.004507264204448368
648	0.09585451	0.0017206465846000098
649	0.0968817	0.003487464074439337
650	0.09475335	0.0007708499413408895
651	0.09666181	0.003008366300037458
652	0.09760108	0.00558161374827207
653	0.09795394	0.006978256177661336
654	0.09712963	0.004110472609989614
655	0.09752246	0.005307176820370948
656	0.09647861	0.002656046983235927
657	0.09564787	0.001485296675754739
658	0.09820113	0.008136476537466927
659	0.09599429	0.0018988577480153473
660	0.09646889	0.002638455592259443
661	0.09772498	0.0060402469122327355
662	0.09615839	0.002129699691336469
663	0.094957	0.0008974417891191624
664	0.09568833	0.0015288941115714778
665	0.09755037	0.005403170264642251
666	0.09772698	0.006047921616496618
667	0.09545756	0.0012952225151098545
668	0.09933372	0.015951950694386464
669	0.09527137	0.0011312816562850055
670	0.09549141	0.0013272927383693972
671	0.09914435	0.014303196595214554
672	0.09852925	0.009939536156258593
673	0.09729358	0.004576398411772881
674	0.09757898	0.005503200474433355
675	0.09697533	0.0037118390006709847
676	0.09669524	0.0030770929231975154
677	0.09840895	0.009240717975041892
678	0.09693541	0.003614612303370753
679	0.09777345	0.0062287418890608105
680	0.0963233	0.002387434353147121
681	0.09812456	0.0077604851847109775
682	0.09712478	0.004097371633846219
683	0.09804404	0.007382008932173506
684	0.09645326	0.0026103920391810954
685	0.09686544	0.0034497844570601736
686	0.09815362	0.007901303840146643
687	0.0956087	0.0014441863588370999
688	0.09760798	0.005606302015534813
689	0.09714798	0.004160385920375084
690	0.0966752	0.003035723588542243
691	0.0976673	0.00582266006463213
692	0.09835375	0.008935039888390048
693	0.09706464	0.0039380471752238026
694	0.09747064	0.005133034447282711
695	0.0982232	0.008247844439511421
696	0.0972695	0.004505087890726441
697	0.09716073	0.004195390865974213
698	0.09835129	0.008921630559756706
699	0.09859359	0.010332342811035884
700	0.09519033	0.001066120638635042
701	0.09879854	0.011677571683632156
702	0.09621206	0.002210626859582965
703	0.09742878	0.004996162543107848
704	0.09773659	0.006084921576227845
705	0.09852914	0.009938876171134474
706	0.09827	0.008488540209496503
707	0.09839644	0.009170633329820389
708	0.09561132	0.0014469029750342778
709	0.09738212	0.0048475030196275136
710	0.09680972	0.0033234647560281246
711	0.09728952	0.004564303719985221
712	0.09721431	0.004345441805358694
713	0.09722079	0.004363916014390523
714	0.0977705	0.006217119596873392
715	0.09609712	0.002040648183806916
716	0.10015065	0.02513640238026951
717	0.09614149	0.0021047864055029624
718	0.09616364	0.0021374940555250912
719	0.09904273	0.013482136092155832
720	0.09945696	0.017112937085318213
721	0.09731755	0.004648399949166057
722	0.09839152	0.009143200683223846
723	0.0968815	0.00348699833788714
724	0.09836531	0.008998294870672758
725	0.09744776	0.005057807045382275
726	0.09580454	0.0016607744787352997
727	0.09808021	0.007549919039114977
728	0.09649967	0.0026945310511418967
729	0.09727053	0.004508117344637892
730	0.0978806	0.006664413065831719
731	0.09839972	0.009188962668900812
732	0.09732012	0.004656180507367992
733	0.09954223	0.017959139546381925
734	0.09659293	0.0028711676755578137
735	0.09533253	0.0011828819388220856
736	0.09835011	0.008915204842071584
737	0.09512712	0.0010177321841741628
738	0.0963817	0.0024853682848726623
739	0.09821765	0.008219710463370451
740	0.09863776	0.010609970425399384
741	0.09742346	0.004979006569422502
742	0.09579246	0.001646592155715844
743	0.09806457	0.007476897313112655
744	0.09690388	0.0035394679123135647
745	0.09590398	0.001781874870005936
746	0.09774308	0.0061100246062331795
747	0.09519594	0.0010705167486538087
748	0.09638892	0.0024977285758604768
749	0.09746538	0.005115650818422759
750	0.0976493	0.005756223992700361
751	0.09666981	0.0030246839579174934
752	0.09686071	0.0034388935192710213
753	0.09855463	0.010092863458528365
754	0.09633815	0.0024119954085725943
755	0.09652255	0.002736919547279079
756	0.09528782	0.0011449513071917219
757	0.09532418	0.0011757107927882363
758	0.09532465	0.0011761133657109974
759	0.09890806	0.012458512195705627
760	0.09806145	0.007462406541184105
761	0.09848625	0.009684506148915912
762	0.09978068	0.02052355167334833
763	0.09990829	0.022023293082013385
764	0.09798323	0.00710727266942331
765	0.09866711	0.01079810841794746
766	0.09754148	0.005372424787218432
767	0.0978341	0.0064720768592816886
768	0.09535293	0.001200572677308777
769	0.09724508	0.004433802981242753
770	0.09700154	0.0037769648407807313
771	0.09645106	0.002606464001314512
772	0.09624795	0.0022663110025164727
773	0.09794212	0.006926791676438271
774	0.09755288	0.005411879727888703
775	0.09729421	0.004578277781166637
776	0.096667	0.0030189431782527165
777	0.09727279	0.004514770983012009
778	0.09705289	0.003907585620101462
779	0.09666349	0.0030117863128757156
780	0.0974251	0.0049842895481993395
781	0.0959485	0.0018386873160378138
782	0.09546823	0.001305253255013229
783	0.09856078	0.010130333708859489
784	0.09625745	0.002281264654069471
785	0.0940903	0.0004646445130829682
786	0.09655793	0.002803670100347111
787	0.09784668	0.006523610674606787
788	0.09790911	0.006784871443344423
789	0.09640723	0.0025293277018818765
790	0.09707971	0.003977432274108956
791	0.09689044	0.00350787229524517
792	0.09909901	0.013931548612128654
793	0.09779351	0.006308295094236718
794	0.09622665	0.0022331101117208404
795	0.09630217	0.0023528821981692208
796	0.09598945	0.0018924130776653168
797	0.09575835	0.0016071470126777928
798	0.09756894	0.005467907923179074
799	0.09738154	0.004845680655457026
800	0.09707714	0.003970690371072869
801	0.09864947	0.010684679929795597
802	0.09580955	0.0016666893847331649
803	0.09939638	0.01653326291830705
804	0.09590314	0.0017808186623019615
805	0.09762126	0.005654096246096402
806	0.09755785	0.005429162672535279
807	0.0966218	0.002927959678650629
808	0.09779267	0.006304945541523172
809	0.0955059	0.0013412441762673819
810	0.09851263	0.009840261209352203
811	0.09841825	0.009293129502345154
812	0.09690482	0.0035416874108592207
813	0.09744378	0.005044823688625078
814	0.09693237	0.0036073042978767705
815	0.09759919	0.005574868495633911
816	0.09644285	0.0025918530800054223
817	0.0968016	0.003305413224470064
818	0.09959136	0.01846320586352276
819	0.09567152	0.0015106390053814846
820	0.09644778	0.0026006177164226273
821	0.09768583	0.00589177575710202
822	0.09863437	0.010588429451423312
823	0.09968369	0.01944417653627775
824	0.09850549	0.009797885179874562
825	0.09677554	0.0032480826563318164
826	0.09720662	0.0043236102140317475
827	0.09708646	0.003995189278458156
828	0.09767114	0.005836922505353575
829	0.09630372	0.0023554010938140716
830	0.09742595	0.004987029677118902
831	0.09628346	0.0023226712167175524
832	0.09720753	0.004326188453625531
833	0.09938833	0.01645755120324287
834	0.09674473	0.0031814751765347348
835	0.09518737	0.0010638078779428917
836	0.09715071	0.004167858660265636
837	0.09630893	0.0023638859944417447
838	0.09636744	0.00246112059015622
839	0.09718827	0.004271917677636387
840	0.09728036	0.004537122772420209
841	0.09687375	0.0034689947051164466
842	0.09736036	0.004779557274144364
843	0.09802641	0.007301390282859613
844	0.09715405	0.004177017742637366
845	0.09877594	0.01152194995695365
846	0.09713603	0.004127818839597695
847	0.09805311	0.0074237955152898685
848	0.0987952	0.01165445558740574
849	0.09606966	0.0020018599368755055
850	0.09850113	0.009772088773305956
851	0.09689496	0.0035184693623170832
852	0.0970572	0.003918734164755116
853	0.09652219	0.0027362478912539845
854	0.0967838	0.0032661550885392833
855	0.09789877	0.006740958681168832
856	0.0948433	0.0008245627684854818
857	0.09634906	0.0024301874909724323
858	0.09796431	0.007023690702168935
859	0.09621601	0.002216693198302698
860	0.0989658	0.01288862482361096
861	0.09901274	0.013247943377036359
862	0.09657145	0.002829569291867613
863	0.0955282	0.0013629806279058367
864	0.09735021	0.004748160430925173
865	0.09634196	0.002418334210594759
866	0.09505953	0.0009682515246478667
867	0.09714771	0.00415964752104491
868	0.09862963	0.010558375617763125
869	0.09821358	0.008199133650298413
870	0.09878779	0.011603316375783277
871	0.09724656	0.0044380939227355275
872	0.09718785	0.00427074113165382
873	0.09682069	0.00334799511052739
874	0.09850837	0.009814958368295504
875	0.0971325	0.0041182430891636415
876	0.09720061	0.004306617553325779
877	0.09654148	0.0027724509931524198
878	0.0969388	0.0036227776146878377
879	0.09796016	0.007005476250997561
880	0.0965003	0.002695690116338652
881	0.09963193	0.01888876589840341
882	0.09793367	0.006890210079073435
883	0.09992595	0.022238198315008912
884	0.09815203	0.007893540076644152
885	0.09721295	0.004341573541484496
886	0.09577569	0.0016270888422358445
887	0.09679997	0.00330180039122209
888	0.09733865	0.004712630163301459
889	0.09743851	0.005027678655159283
890	0.09782155	0.0064210321787122005
891	0.09611899	0.0020720337707369183
892	0.09628782	0.00232967928494291
893	0.09746307	0.005108033440335547
894	0.09687968	0.0034827627431412793
895	0.09719532	0.004291710894738567
896	0.09951744	0.017709417553019687
897	0.09847266	0.009605130183449467
898	0.097071	0.003954625366539073
899	0.09711084	0.004059927768996273
900	0.09847647	0.009627324599632515
901	0.0964013	0.002519053870247156
902	0.09707269	0.003959041253109627
903	0.09672945	0.003148906922692159
904	0.09802088	0.007276266365234861
905	0.09570529	0.0015475184349536078
906	0.09704859	0.0038964917394524595
907	0.09685242	0.0034198812796163193
908	0.09733625	0.004705283962865531
909	0.09707101	0.003954651482847685
910	0.09724932	0.004446106031769533
911	0.09665962	0.0030039134034441583
912	0.09742076	0.004970320043774031
913	0.09633786	0.0024115135527482384
914	0.09676853	0.003232816883388716
915	0.09676662	0.003228668830919002
916	0.09713889	0.004135591949691373
917	0.09623069	0.0022393728138903066
918	0.09759531	0.005561044208639971
919	0.09598601	0.001887844823395984
920	0.09838352	0.009098751565687341
921	0.09545875	0.0012963376743547095
922	0.09712247	0.004091145158001064
923	0.09694012	0.0036259615760289004
924	0.09597497	0.0018732524383228816
925	0.09647185	0.0026438012980587113
926	0.09856636	0.010164438537879475
927	0.09748802	0.005190854517928593
928	0.09891758	0.012528538240838506
929	0.09572054	0.001564443632526101
930	0.09755452	0.005417577237176801
931	0.09681325	0.0033313403257606
932	0.09852532	0.00991598096140686
933	0.09821794	0.008221178391720717
934	0.09697624	0.0037140828768957726
935	0.09712927	0.004109498858145106
936	0.09663453	0.002953326775025813
937	0.09739896	0.004900686310724461
938	0.09598519	0.0018867573794030814
939	0.09829944	0.008643161365504986
940	0.09466121	0.0007192207297693723
941	0.09792305	0.006844481047581045
942	0.09647442	0.0026484507214459534
943	0.09781867	0.006409369706536617
944	0.09723899	0.004416185987198222
945	0.09671368	0.003115614122136319
946	0.09692816	0.0035972059266190974
947	0.09922168	0.014957331338151872
948	0.09856885	0.010179690412680154
949	0.09796715	0.007036180100561451
950	0.09542709	0.0012669694952965323
951	0.09800883	0.007221790025929759
952	0.09815408	0.007903551239312604
953	0.09818234	0.008042725792315285
954	0.09787391	0.006636427770153291
955	0.09790158	0.0067528669990841676
956	0.0968595	0.003436112511553836
957	0.09734134	0.004720876403873784
958	0.09626858	0.0022988993200008427
959	0.09674926	0.0031911895561609577
960	0.0961722	0.0021502588516836146
961	0.09717778	0.004242620131954878
962	0.09755553	0.0054210887707753135
963	0.09769606	0.005930249905069425
964	0.09401979	0.00043985134839920857
965	0.09562065	0.0014566154387104146
966	0.09674331	0.0031784356198910923
967	0.09524023	0.0011058183143895226
968	0.09772438	0.006037946217326319
969	0.09485184	0.0008298393711472171
970	0.09689686	0.0035229325959125744
971	0.09668492	0.0030557249976407973
972	0.09753631	0.005354617626779072
973	0.09586855	0.0017378234827111622
974	0.09612921	0.002086852189544953
975	0.09656227	0.0028119601366885633
976	0.09652166	0.0027352593391489037
977	0.0976324	0.005694472652700581
978	0.0971653	0.00420800282539449
979	0.09617113	0.0021486594279674547
980	0.09744327	0.005043162178104041
981	0.09660246	0.00288980225838769
982	0.09664443	0.0029731933727111847
983	0.09725025	0.004448808723641698
984	0.09755067	0.005404210568132634
985	0.09809513	0.007620176142092009
986	0.09633523	0.0024071476516615994
987	0.09584087	0.001704109140631922
988	0.09809727	0.007630301286010847
989	0.0973372	0.004708190589844177
990	0.09644611	0.002597645723453465
991	0.09689992	0.0035301316124420152
992	0.09728575	0.004553098940701915
993	0.09839068	0.009138524409356329
994	0.09866647	0.010793974404320795
995	0.09699042	0.003749208037073145
996	0.09777433	0.006232212674613341
997	0.09706747	0.003945416117268687
998	0.09820928	0.008177444254575532
999	0.09556868	0.0014032723254565433
