Dataset	Random-mean	P-value
0	0.11762525	1.4259269840294744e-116
1	0.11595484	2.9149505292218795e-114
2	0.11545881	1.4211019752650442e-113
3	0.11505417	5.181864393978183e-113
4	0.11535763	1.9636578953065812e-113
5	0.11568611	6.874715127498624e-114
6	0.11506563	4.995346861036545e-113
7	0.1226051	2.1213922753757888e-123
8	0.11466855	1.7801383576646859e-112
9	0.1146728	1.7560788482869664e-112
10	0.11357668	5.8982403018751574e-111
11	0.11195974	1.069520333137428e-108
12	0.11215171	5.762626153426283e-109
13	0.11522681	2.9833169203952545e-113
14	0.1136648	4.44510835032971e-111
15	0.1122877	3.7191050125106355e-109
16	0.11475675	1.3422134618456584e-112
17	0.11009645	4.383433091396804e-106
18	0.1106907	6.41870569835453e-107
19	0.11577349	5.2007433074940274e-114
20	0.11974596	1.718637863697594e-119
21	0.11432135	5.413145580822011e-112
22	0.11689861	1.4387459076173536e-115
23	0.11322326	1.83504799431575e-110
24	0.11679317	2.0128447173328408e-115
25	0.11388599	2.1860168748627998e-111
26	0.11457997	2.3639625078818458e-112
27	0.11315704	2.2701335032449477e-110
28	0.11711819	7.151972406122852e-116
29	0.11386994	2.3015150423218043e-111
30	0.11371482	3.785866577264814e-111
31	0.11374876	3.3951968874803626e-111
32	0.11260606	1.3348730283281079e-109
33	0.11941645	4.8711303346364483e-119
34	0.11591985	3.2593763327328585e-114
35	0.11825087	1.9556582773544104e-117
36	0.11579751	4.816772736764894e-114
37	0.11593172	3.1381939214896048e-114
38	0.11807596	3.406999011933198e-117
39	0.11536376	1.925556317906477e-113
40	0.11354655	6.497253120673028e-111
41	0.12196307	1.5906261632281101e-122
42	0.11644551	6.094111865076663e-115
43	0.11971016	1.9245146464821016e-119
44	0.11671034	2.620558031029882e-115
45	0.11559236	9.274872216550264e-114
46	0.11453984	2.688174227330981e-112
47	0.11281093	6.906309143800145e-110
48	0.11630604	9.506738341536897e-115
49	0.11693692	1.2735328400355888e-115
50	0.11261632	1.2915286168490364e-109
51	0.1160657	2.0463716924884847e-114
52	0.11864335	5.6330299776277845e-118
53	0.11933182	6.366477349941792e-119
54	0.11436831	4.656925340818658e-112
55	0.11740166	2.902662070894377e-116
56	0.11801566	4.125811924365146e-117
57	0.11715177	6.427147512418081e-116
58	0.11294854	4.436969441020801e-110
59	0.11792148	5.5639670935615486e-117
60	0.11780443	8.069419659586662e-117
61	0.11060098	8.577353104726805e-107
62	0.11790792	5.8088018864650255e-117
63	0.11344011	9.144340878032134e-111
64	0.11332035	1.3433612853429465e-110
65	0.1137025	3.938546301969387e-111
66	0.11978074	1.5397567170593097e-119
67	0.11607379	1.9942235301840455e-114
68	0.11383302000000001	2.59091227607699e-111
69	0.11430812	5.647576911088961e-112
70	0.1189252	2.306250904945932e-118
71	0.11065005	7.319635015590631e-107
72	0.11407389	1.1965776525962078e-111
73	0.11592718	3.184001565169272e-114
74	0.11733637	3.5725044731483955e-116
75	0.111652	2.8837699422404403e-108
76	0.11197376	1.0222826367639118e-108
77	0.11378909	2.983074779636245e-111
78	0.11734749	3.4483643233985007e-116
79	0.11477653	1.2598630019128205e-112
80	0.11476959	1.2881641234750833e-112
81	0.11723467	4.937051369837161e-116
82	0.1170196	9.788144504550487e-116
83	0.11559364	9.237023983706628e-114
84	0.1197269	1.825342414951069e-119
85	0.11133487	8.020137036584982e-108
86	0.11330894	1.3935092182623225e-110
87	0.11704932	8.904647160932723e-116
88	0.11894337	2.1772786825851855e-118
89	0.12012797	5.142333399920831e-120
90	0.11672641	2.489782057108754e-115
91	0.11124104	1.0856093114713162e-107
92	0.11778761	8.512315769601375e-117
93	0.11524301	2.832720747895748e-113
94	0.11663011	3.3837916725631948e-115
95	0.1120926	6.971140829313097e-109
96	0.11686441	1.6042766192930914e-115
97	0.12108328	2.5299978662053418e-121
98	0.113329	1.3065508232777213e-110
99	0.11163829	3.0141062538841405e-108
100	0.11334028	1.2600604261014665e-110
101	0.11435007	4.93720925424e-112
102	0.12309586	4.559400507373702e-124
103	0.11134533	7.753985526405572e-108
104	0.11377527	3.118329771137997e-111
105	0.120725	7.82136128451048e-121
106	0.11661234	3.580915340201663e-115
107	0.11798436	4.556893382471359e-117
108	0.11476154	1.3217897636562075e-112
109	0.11794591	5.148636913522035e-117
110	0.11010222	4.3023715389212653e-106
111	0.11591089	3.353942309271544e-114
112	0.11182892	1.6303234563998542e-108
113	0.11629045	9.991320860619956e-115
114	0.11944805	4.407808503477936e-119
115	0.11402898	1.381917915095396e-111
116	0.11580718	4.6703242763477825e-114
117	0.11263538	1.214711314906146e-109
118	0.1137817	3.0546530040408398e-111
119	0.11287288	5.658887933904268e-110
120	0.1105097	1.1520541575429686e-106
121	0.11225304	4.158195781753946e-109
122	0.11302402	3.481059259217253e-110
123	0.1155319	1.1251130323426925e-113
124	0.11632393	8.979576144389996e-115
125	0.11953672	3.3299819181789753e-119
126	0.11520915	3.156628123669704e-113
127	0.11593748	3.081024701850242e-114
128	0.11481539	1.1125096073243208e-112
129	0.1212273	1.6077730491430858e-121
130	0.11953297	3.36970276666399e-119
131	0.11436932	4.641879058023307e-112
132	0.11766733	1.2474399790955558e-116
133	0.11092027	3.057715490387512e-107
134	0.11447394	3.3199339358570995e-112
135	0.114825	1.0788116522722595e-112
136	0.11564506	7.837850190927426e-114
137	0.11916423	1.0819872770699789e-118
138	0.11629319	9.904397971062555e-115
139	0.11662418	3.4483356443207926e-115
140	0.11220835	4.8017810772432365e-109
141	0.11514443	3.8824659161075124e-113
142	0.11598868	2.6165319480476148e-114
143	0.11863883	5.714314213948284e-118
144	0.11306489	3.052543508914784e-110
145	0.11130209	8.914891757467867e-108
146	0.12087905	4.813565560353155e-121
147	0.11287015	5.708780656243866e-110
148	0.11447633	3.2946137888077495e-112
149	0.11679799	1.982180658159968e-115
150	0.11687816	1.5355497537601418e-115
151	0.11038533	1.7221741232625191e-106
152	0.11323948	1.741871275385629e-110
153	0.11262148	1.2702648467437898e-109
154	0.11567207	7.190010959257803e-114
155	0.1137783	3.0881596302692684e-111
156	0.12247706	3.169446803455681e-123
157	0.11834715	1.440911772285523e-117
158	0.11731375	3.839001659037691e-116
159	0.11134845	7.676322848289683e-108
160	0.11233686	3.174698524467014e-109
161	0.11403309	1.3638242610607063e-111
162	0.11430404	5.7219029386687145e-112
163	0.11490407	8.376221948617253e-113
164	0.11188398	1.3652428911385663e-108
165	0.11521744	3.074051645043386e-113
166	0.11587684	3.739047661270534e-114
167	0.11421785	7.542376417965281e-112
168	0.11005152	5.069223070973254e-106
169	0.11579343	4.879933180980679e-114
170	0.11089476	3.320287978031397e-107
171	0.11180594	1.7556589337145652e-108
172	0.1134998	7.549437947501417e-111
173	0.11620683	1.3045083888649102e-114
174	0.11777336	8.906524994198514e-117
175	0.11999568	7.80850210729324e-120
176	0.1159733	2.748169723702448e-114
177	0.11629782	9.759233773329379e-115
178	0.11536615	1.910902315299017e-113
179	0.11647433	5.559202287413328e-115
180	0.11391826	1.9710544621679593e-111
181	0.10985714	9.508559144630086e-106
182	0.11726224	4.522484058079666e-116
183	0.11594119	3.0447552263212627e-114
184	0.11261404	1.301037353443012e-109
185	0.11451409	2.919281243173723e-112
186	0.11724678	4.7504656803957234e-116
187	0.11406515	1.2305850343595433e-111
188	0.11541794	1.6193834413657035e-113
189	0.11755733	1.7695057366113316e-116
190	0.12001206	7.414852061728206e-120
191	0.12255991	2.4442890950537073e-123
192	0.11891118	2.4109692013481093e-118
193	0.11731423	3.833144981614377e-116
194	0.11770038	1.1230767719303589e-116
195	0.11638418	7.410105195239131e-115
196	0.11394411	1.814219482711412e-111
197	0.11333861	1.2668374628023782e-110
198	0.11720796	5.374928094730408e-116
199	0.11190648	1.2697577345046883e-108
200	0.11181853	1.685842625121281e-108
201	0.12043398	1.957877047403229e-120
202	0.11573228	5.932219535389359e-114
203	0.11398749	1.5785809675828215e-111
204	0.11438047	4.478972395553885e-112
205	0.11807254	3.44418849563537e-117
206	0.11123524	1.1061205516018677e-107
207	0.12122851	1.601661889893826e-121
208	0.11144404	5.639318675539749e-108
209	0.11041595	1.559858181662582e-106
210	0.11286177	5.864697526643491e-110
211	0.11727234	4.3794906499158697e-116
212	0.11556607	1.00875047975144e-113
213	0.11260841	1.324818423722261e-109
214	0.11151301	4.514539298962936e-108
215	0.11409251	1.127230573937975e-111
216	0.11786171	6.727048981774898e-117
217	0.12188179	2.0532850021837524e-122
218	0.11817831	2.4620063864091508e-117
219	0.1161481	1.5732933730355383e-114
220	0.11445648	3.5109132191500396e-112
221	0.11429077	5.970481649862944e-112
222	0.11525266	2.746654386358606e-113
223	0.11479798	1.176264258385687e-112
224	0.11453607	2.7208298550389354e-112
225	0.12008889	5.817592041635675e-120
226	0.11372439	3.671366418602095e-111
227	0.11221274	4.7343767450986225e-109
228	0.11754997	1.8113921771733377e-116
229	0.11647268	5.588517719082577e-115
230	0.11455824	2.534335912469176e-112
231	0.11481719	1.1061186149860227e-112
232	0.1163312	8.773805410869115e-115
233	0.11660225	3.6979179108348184e-115
234	0.11733018	3.6435353454790517e-116
235	0.11705646	8.704566592761343e-116
236	0.11613497	1.640594597451464e-114
237	0.11615633	1.5325243598740715e-114
238	0.11084361	3.9167092916531164e-107
239	0.11341916	9.780700487922767e-111
240	0.11256493	1.5237466575417545e-109
241	0.11014849	3.7042913209489646e-106
242	0.11609327	1.87404684205752e-114
243	0.11273761	8.742895859462169e-110
244	0.11604605	2.1787899881339107e-114
245	0.11389398	2.1307006254939948e-111
246	0.11586768	3.849999778484881e-114
247	0.11155994	3.88045120903675e-108
248	0.11287456	5.628401849710714e-110
249	0.1118352	1.5976571948112868e-108
250	0.11420821	7.779069259759264e-112
251	0.1155245	1.1520319230958557e-113
252	0.11225984	4.0681402623955984e-109
253	0.11125559	1.0358137670428816e-107
254	0.11358871	5.674806180109151e-111
255	0.11618368	1.404483946467062e-114
256	0.11525532	2.7233939083305657e-113
257	0.1135273	6.911459016557396e-111
258	0.11916205	1.089479005371364e-118
259	0.11620778	1.3005614370685634e-114
260	0.1160956	1.860166651692163e-114
261	0.112057	7.818197119384526e-109
262	0.11471737	1.5225508700287535e-112
263	0.11864042	5.685587885894188e-118
264	0.11610849	1.7852171018850023e-114
265	0.11405560000000001	1.2688509571290346e-111
266	0.11208663	7.106493035976794e-109
267	0.1121719	5.399842143990443e-109
268	0.11614381	1.5949733303601156e-114
269	0.11559694	9.140157908450561e-114
270	0.11316553	2.2090400310384268e-110
271	0.11981366	1.3876395897900783e-119
272	0.11252129	1.7534717687688094e-109
273	0.11778888	8.478041857538776e-117
274	0.11532976	2.1466255498355876e-113
275	0.11671022	2.621559999617786e-115
276	0.11923716	8.589737965199054e-119
277	0.11449316	3.1217018713531444e-112
278	0.11715965	6.267995676718415e-116
279	0.113891	2.151165996037781e-111
280	0.11531793	2.22935929763153e-113
281	0.12195103	1.651928775941584e-122
282	0.11811122	3.0462398438148087e-117
283	0.11610535	1.803191595584404e-114
284	0.11233945	3.1483379186631683e-109
285	0.11823762	2.039630974270081e-117
286	0.11432859	5.28900412704288e-112
287	0.11704889	8.916842729264865e-116
288	0.11276449	8.018789756859033e-110
289	0.11404534	1.3112897014581231e-111
290	0.11683789	1.7456476519502418e-115
291	0.11885128	2.914706450410245e-118
292	0.11140464	6.403607629621867e-108
293	0.11318267	2.0906695332203932e-110
294	0.11703808	9.22898716856556e-116
295	0.11517999	3.465130204564305e-113
296	0.11512955	4.0716952179064273e-113
297	0.11318952	2.0451574582819985e-110
298	0.12077554	6.669742272903061e-121
299	0.11314697	2.34479243964617e-110
300	0.11010269	4.2958350506726972e-106
301	0.11595561	2.9077954878082474e-114
302	0.11624395	1.1588523506970554e-114
303	0.11417806	8.568408558133697e-112
304	0.11463996	1.950790118115483e-112
305	0.11433248	5.223484644910506e-112
306	0.11714579	6.550618910649563e-116
307	0.11448592	3.194943986858031e-112
308	0.11335539	1.2003681367748288e-110
309	0.11064558	7.426124706562537e-107
310	0.11451824	2.8807335638279442e-112
311	0.11289657	5.2438539429464275e-110
312	0.11780218	8.127302353075236e-117
313	0.11052622	1.0921537196658103e-106
314	0.11381869	2.7128090658927104e-111
315	0.11719407	5.617788375420418e-116
316	0.11971797	1.87759229217605e-119
317	0.11565673	7.551068332541954e-114
318	0.11153944	4.145664517887012e-108
319	0.11406757	1.221073125901778e-111
320	0.11430531	5.698662808874675e-112
321	0.11870423	4.644557444057993e-118
322	0.11799332	4.429080749228016e-117
323	0.11783985	7.210726858264127e-117
324	0.11433159	5.238402937995162e-112
325	0.11329987	1.4347057899639192e-110
326	0.11316155	2.2374722363225375e-110
327	0.11330009	1.4336922552453207e-110
328	0.1203113	2.8831760235750834e-120
329	0.11574886	5.626297015339954e-114
330	0.11083225	4.0630907031591114e-107
331	0.11299483	3.823493862255773e-110
332	0.11818333	2.4230948205106336e-117
333	0.11187443	1.4079127913759683e-108
334	0.11767221	1.2282445116438298e-116
335	0.11465948	1.8325931347542324e-112
336	0.11942237	4.7807663297942773e-119
337	0.11178525	1.8767329777463134e-108
338	0.11280384	7.065585919121546e-110
339	0.11172531	2.2767500187071407e-108
340	0.11950262	3.709128809266726e-119
341	0.11262727	1.2468217391501743e-109
342	0.11622294	1.2391693149878245e-114
343	0.11664032	3.275482953547391e-115
344	0.11055394	9.98561972201364e-107
345	0.10838832	1.1112624791842893e-103
346	0.11172879	2.2513510903676933e-108
347	0.11364618	4.7188556359302866e-111
348	0.11927187	7.696228663012305e-119
349	0.11658893	3.858254892829367e-115
350	0.11862706	5.931528061992131e-118
351	0.11388645	2.1827935734982283e-111
352	0.11366897	4.3860134737223554e-111
353	0.11727485	4.3446622711598327e-116
354	0.11282413	6.619280933039502e-110
355	0.11792812	5.447871783392258e-117
356	0.11786138	6.734103557996668e-117
357	0.11218624	5.15614053385504e-109
358	0.11770242	1.1158204044809947e-116
359	0.11157726	3.669654332387167e-108
360	0.11532593	2.1730688709656518e-113
361	0.11299956	3.765799326768761e-110
362	0.11839004	1.257633149366115e-117
363	0.11506423	5.0177673991264444e-113
364	0.11630467	9.548362265317675e-115
365	0.114253	6.73876007321068e-112
366	0.10751642	1.8881285157558194e-102
367	0.11609867	1.8420351237720106e-114
368	0.1126	1.361154842546879e-109
369	0.11982369	1.344353646035768e-119
370	0.11248956	1.9419792998676437e-109
371	0.1125639	1.528805021141683e-109
372	0.11354268	6.5784800974734236e-111
373	0.10863989	4.911849994533525e-104
374	0.11117399	1.3478846044980156e-107
375	0.11636626	7.845811126143022e-115
376	0.11783283	7.373319382691048e-117
377	0.11511136	4.315601411772728e-113
378	0.11580302	4.732771671451882e-114
379	0.11403104	1.3728192462840727e-111
380	0.11349697	7.618347819001013e-111
381	0.1146357	1.9775827658279141e-112
382	0.11252496	1.732885210637166e-109
383	0.11918566	1.0110312739560803e-118
384	0.11238381	2.729378016843092e-109
385	0.11650503	5.040981397829446e-115
386	0.11487	9.341113399874979e-113
387	0.1170505	8.871265944009184e-116
388	0.11920527	9.501896100360177e-119
389	0.11626885	1.070383045933743e-114
390	0.11262039	1.2747272303871877e-109
391	0.11573596	5.8629122565817135e-114
392	0.11585019	4.071085094238842e-114
393	0.1153253	2.177449671039614e-113
394	0.11279348	7.304956700243109e-110
395	0.10997378000000001	6.518995252682356e-106
396	0.11492951	7.721367738046946e-113
397	0.11061624	8.164638102706174e-107
398	0.1155428	1.0866044593942925e-113
399	0.11346987	8.310948594713363e-111
400	0.11406675	1.2242878989769656e-111
401	0.11386225	2.3589979392178956e-111
402	0.11025471	2.627271017324053e-106
403	0.11292936	4.719172876498442e-110
404	0.11743892	2.5783452987779225e-116
405	0.1141382	9.736320124957254e-112
406	0.11298594	3.934334691322427e-110
407	0.11544775	1.4722281491210226e-113
408	0.11434324	5.046453212884867e-112
409	0.11366897	4.3860134737223554e-111
410	0.11818799	2.3875248020627023e-117
411	0.11210278	6.746262471482398e-109
412	0.11541735	1.62243987373504e-113
413	0.1165231	4.758857596164016e-115
414	0.11329	1.4809220179287081e-110
415	0.11391543	1.9890281088919447e-111
416	0.111845	1.547984785928025e-108
417	0.11575106	5.58690875425221e-114
418	0.11028074	2.4151677581883886e-106
419	0.11046469	1.3324703332583808e-106
420	0.11313205	2.4599503609217377e-110
421	0.11655818	4.255479047691075e-115
422	0.11591533	3.3067431639001736e-114
423	0.11932315	6.543529024712562e-119
424	0.11209599	6.895434050682439e-109
425	0.11211143	6.560896040895511e-109
426	0.1155944	9.214624768819656e-114
427	0.11622834	1.2180091590125058e-114
428	0.11802832	3.963269566941767e-117
429	0.11827145	1.832039350891319e-117
430	0.11592371	3.2194638101620236e-114
431	0.11050654	1.1638812728221015e-106
432	0.11631016	9.382653754864692e-115
433	0.11682901	1.7957184409097457e-115
434	0.1158131	4.58287589100455e-114
435	0.11614027	1.6130880561465743e-114
436	0.11862177	6.03182758810028e-118
437	0.11683605	1.7559066068448696e-115
438	0.1183658	1.3581418449122396e-117
439	0.11397003	1.669497341818515e-111
440	0.11160889	3.3138204685310855e-108
441	0.11066423	6.99182956248523e-107
442	0.12191894	1.8271176698897745e-122
443	0.11255563	1.5700331433386383e-109
444	0.11654234	4.475814475691641e-115
445	0.11406318	1.2383829235653654e-111
446	0.11896001	2.065508773225905e-118
447	0.10975509	1.3230471232694994e-105
448	0.11477219	1.2774876255170995e-112
449	0.11350199	7.496540341725635e-111
450	0.11642934	6.416485021839782e-115
451	0.11207095	7.474647851446542e-109
452	0.11795242	5.04329597604894e-117
453	0.11650047	5.114782852693067e-115
454	0.11910099	1.321786847900212e-118
455	0.11736118	3.301446527929976e-116
456	0.11044717	1.4101119684566708e-106
457	0.11001024	5.793557752448448e-106
458	0.11760544	1.5185905523164227e-116
459	0.11351087	7.285825495301814e-111
460	0.11353342	6.776986073001301e-111
461	0.10843656	9.501934462243459e-104
462	0.1118473	1.5365526855792213e-108
463	0.1167433	2.359366539335128e-115
464	0.11798536	4.542447502393794e-117
465	0.11447283	3.331759636246496e-112
466	0.11045635	1.3688814200724734e-106
467	0.11266585	1.1012914644227276e-109
468	0.11525895	2.691968971295878e-113
469	0.11287114	5.690637021273711e-110
470	0.1111391	1.5085541848642876e-107
471	0.11713358	6.810144879306939e-116
472	0.12013549	5.0216926919533294e-120
473	0.11356232	6.176505634434672e-111
474	0.11500229	6.117360091246725e-113
475	0.11354181	6.596879881624366e-111
476	0.11418273	8.441094286971194e-112
477	0.11959829	2.7409293724831045e-119
478	0.11200069	9.37324121931703e-109
479	0.1164754	5.54027398586929e-115
480	0.1178352	7.318020828666367e-117
481	0.11845375	1.0275482315851947e-117
482	0.11493488	7.589826240280558e-113
483	0.11808389	3.322306218684957e-117
484	0.11784901	7.003952754610541e-117
485	0.11089416	3.326728032596747e-107
486	0.11605397	2.1244167716941053e-114
487	0.11021094	3.0267859267724453e-106
488	0.11109909	1.716527587408646e-107
489	0.11522247	3.0250053678109696e-113
490	0.11654514	4.436051966189164e-115
491	0.11389629	2.1149706818700076e-111
492	0.11432388	5.369436659566426e-112
493	0.11549093	1.2824756921033838e-113
494	0.11360754	5.3419576810593615e-111
495	0.11369753	4.001869229936833e-111
496	0.12029854	3.0016295500045972e-120
497	0.1184928	9.078697362211706e-118
498	0.11738528	3.057866625971574e-116
499	0.11880072	3.4210499542559036e-118
500	0.1196761	2.1432572190834832e-119
501	0.11311714	2.5806852735277077e-110
502	0.1162832	1.0225017980048658e-114
503	0.11255013	1.5980662815810595e-109
504	0.11124565	1.0695782361277033e-107
505	0.11463953	1.9534779745882949e-112
506	0.11496957	6.792463872016891e-113
507	0.11581734	4.521252842539644e-114
508	0.11508278	4.7286967084849316e-113
509	0.11490484	8.355608369949988e-113
510	0.1151504	3.80904249814274e-113
511	0.11395722	1.7395165555941786e-111
512	0.11582281	4.4429766728155476e-114
513	0.11396128	1.717012282271052e-111
514	0.11452846	2.7879619373187778e-112
515	0.11582683	4.386316070957612e-114
516	0.11412533	1.0146449452536652e-111
517	0.11515303	3.777139330709459e-113
518	0.11559728	9.130235714952441e-114
519	0.11312929	2.4818652701250027e-110
520	0.11640339	6.969889739727604e-115
521	0.12066146	9.555695607930504e-121
522	0.11753239	1.9155017046445376e-116
523	0.11284538	6.182072636636066e-110
524	0.11590539	3.413345680489603e-114
525	0.11451703	2.8919198572707e-112
526	0.12100106	3.277644970985608e-121
527	0.11419384	8.145768786290152e-112
528	0.11894986	2.1329831668228287e-118
529	0.11505724	5.1312256377691124e-113
530	0.11537809	1.8393482689313755e-113
531	0.11513937	3.94580542816448e-113
532	0.11356139	6.1949734524860304e-111
533	0.11610799	1.788067232730865e-114
534	0.11359911	5.4884842564712426e-111
535	0.11268976	1.0197618605076982e-109
536	0.11783887	7.233207630617115e-117
537	0.11226521	3.9984042060806025e-109
538	0.11396414	1.701334649819023e-111
539	0.11566324	7.395677569985512e-114
540	0.11420187	7.938774235407771e-112
541	0.11591707	3.288428018935987e-114
542	0.11354288	6.574257527433753e-111
543	0.109566	2.4404790107871735e-105
544	0.11290543	5.096582080485302e-110
545	0.1193323	6.356816461692458e-119
546	0.1189738	1.977246365105507e-118
547	0.11924593	8.354623496656139e-119
548	0.11648794	5.323190697551418e-115
549	0.11599431	2.5699386955254134e-114
550	0.11572317	6.10734064577998e-114
551	0.11491185	8.170263944260045e-113
552	0.11408548	1.152927016167197e-111
553	0.11378382	3.0339450359154164e-111
554	0.10967511	1.714080526544618e-105
555	0.11888102	2.6526532528691776e-118
556	0.1135273	6.911459016557396e-111
557	0.11477401	1.2700668109430588e-112
558	0.10815928	2.3376759247042626e-103
559	0.11329631	1.4512066611123784e-110
560	0.11209871	6.83528529701237e-109
561	0.11496443	6.905092747285386e-113
562	0.11596143	2.8542799790029416e-114
563	0.11590132	3.45798103497055e-114
564	0.11707062	8.320979187175515e-116
565	0.11603153	2.282117288032067e-114
566	0.11542065	1.6054184261991242e-113
567	0.11237844	2.776968197549958e-109
568	0.11556903	9.992561061847381e-114
569	0.10952919	2.7494733924242707e-105
570	0.11622822	1.2184754329726877e-114
571	0.11357932	5.848465180871326e-111
572	0.12344026	1.5520050708943788e-124
573	0.11454402	2.652425521635017e-112
574	0.1126306	1.2335355375829042e-109
575	0.11481551	1.1120823938350774e-112
576	0.11568269	6.950219439757288e-114
577	0.11304221	3.2833692253268087e-110
578	0.11139313	6.645853040183568e-108
579	0.11420885	7.76312737078249e-112
580	0.11449659	3.0875918780299635e-112
581	0.11534142	2.0680879396841445e-113
582	0.11711495	7.226095926812961e-116
583	0.11619759	1.3435285740553623e-114
584	0.1178373	7.269369041254995e-117
585	0.11404231	1.3240923730352083e-111
586	0.11751006	2.0564199308091274e-116
587	0.11633405	8.694432377807404e-115
588	0.11561963	8.50109625317326e-114
589	0.11658122	3.954222731183132e-115
590	0.11272478	9.111236037207119e-110
591	0.11622452	1.2329402178391183e-114
592	0.11486592	9.463881399955346e-113
593	0.11227009	3.936069432007157e-109
594	0.11357855	5.862939343634035e-111
595	0.11164424	2.956832845295887e-108
596	0.11674156	2.3724797563852986e-115
597	0.11755254	1.7966544989959495e-116
598	0.11523451	2.9107634537778565e-113
599	0.11475018	1.3707414102379024e-112
600	0.11270722	9.640673856526465e-110
601	0.11307051	2.9979020981490693e-110
602	0.11600895	2.452629698797461e-114
603	0.12083286	5.5675975692873295e-121
604	0.11485888	9.679525387583975e-113
605	0.1152033	3.2162323381587846e-113
606	0.11648255	5.415435346701828e-115
607	0.11038497	1.7241797221325116e-106
608	0.11094478	2.825028119794344e-107
609	0.10901487	1.4556620662720193e-104
610	0.11385078	2.447417045483736e-111
611	0.1192882	7.308650398383668e-119
612	0.11661346	3.5681585610212153e-115
613	0.11503153	5.571077000620835e-113
614	0.11457761	2.3818969028648394e-112
615	0.117209	5.35717274527002e-116
616	0.11544393	1.490310938243365e-113
617	0.1150087	5.993189366828985e-113
618	0.11897081	1.9960575662794014e-118
619	0.11856159	7.299636603833097e-118
620	0.11681346	1.8868858993010645e-115
621	0.11745402	2.4574781283046777e-116
622	0.11689917	1.4361827701762195e-115
623	0.11138677	6.783620581854833e-108
624	0.11503581	5.495319452490471e-113
625	0.11688269	1.5135589548756446e-115
626	0.11461248	2.130229402724804e-112
627	0.11523214	2.932904712160029e-113
628	0.11692866	1.307468987908753e-115
629	0.11637933	7.52557976339569e-115
630	0.11994229000000001	9.242710288905539e-120
631	0.11218937	5.104428531221246e-109
632	0.11038703	1.7127347347064573e-106
633	0.11686919	1.5800424215736367e-115
634	0.11464071	1.9461108507462338e-112
635	0.11265539	1.1389797607255917e-109
636	0.11472963	1.463949546917648e-112
637	0.11348563	7.900847043987024e-111
638	0.11346253	8.509152871202217e-111
639	0.11797719	4.661825896822275e-117
640	0.11747644	2.288398452375444e-116
641	0.11346951	8.320561154213708e-111
642	0.11475379	1.3549919417094882e-112
643	0.11486928	9.362661936342307e-113
644	0.11686204	1.6164299123525429e-115
645	0.11407039	1.2100817860074691e-111
646	0.11528632	2.4664201965338865e-113
647	0.11468023	1.714796271586746e-112
648	0.11578923	4.945817174358484e-114
649	0.11199572	9.524535024588853e-109
650	0.1163257	8.929037376634694e-115
651	0.11535466	1.9823886279801836e-113
652	0.11853131	8.035150103489711e-118
653	0.11362113	5.1139393153828635e-111
654	0.11927493	7.62206799582782e-119
655	0.11628438	1.0186612366868784e-114
656	0.11317395	2.1500753926578757e-110
657	0.11572517	6.068456738047729e-114
658	0.11995452	8.892488172327894e-120
659	0.11238026	2.7607466292102967e-109
660	0.1099587	6.844991753949507e-106
661	0.11830089	1.66867086824324e-117
662	0.11773711	9.993676976408646e-117
663	0.11613695	1.6302640673862297e-114
664	0.11256851	1.5062950774991293e-109
665	0.11801293	4.1617277974129444e-117
666	0.11413335	9.888890486824549e-112
667	0.11531865	2.2242339575498125e-113
668	0.11641751	6.663094296769079e-115
669	0.10978383	1.2055075528996929e-105
670	0.12275512	1.3255865486313205e-123
671	0.11872449	4.355727083298599e-118
672	0.11782623	7.52952925538154e-117
673	0.11973824	1.7610835505107457e-119
674	0.11903144	1.647374903000639e-118
675	0.11390184	2.077651338570175e-111
676	0.11070048	6.219055764264744e-107
677	0.11377544	3.1166292732727774e-111
678	0.11335468	1.2031085688621101e-110
679	0.11859245	6.619319319719008e-118
680	0.11350981	7.310663546853591e-111
681	0.11441501	4.0097561096912767e-112
682	0.11179028	1.8465507769400077e-108
683	0.11379918	2.8880474093092542e-111
684	0.11398652	1.5834993311429765e-111
685	0.11811377	3.0216833337951486e-117
686	0.11364026	4.809376665862357e-111
687	0.11440105	4.19316562966185e-112
688	0.11887759	2.681631426599168e-118
689	0.11440538	4.1353964433680433e-112
690	0.11456591	2.472840063289437e-112
691	0.11359477	5.565481729895455e-111
692	0.11357548	5.921005285149488e-111
693	0.11511324	4.28972980559453e-113
694	0.11578798	4.9655968611030276e-114
695	0.11447415	3.3177013709546327e-112
696	0.11633763	8.595746212221138e-115
697	0.1112502	1.0539881046576608e-107
698	0.11002472	5.5283869331268115e-106
699	0.11078318	4.7609502854252705e-107
700	0.1167091	2.6309302149303646e-115
701	0.11336496	1.1640339986360671e-110
702	0.11133458	8.027644812846972e-108
703	0.11360812	5.332021516400313e-111
704	0.11906092	1.5005668977897199e-118
705	0.1153894	1.774044190721325e-113
706	0.11601511	2.4048863326093674e-114
707	0.1122168	4.672882294666014e-109
708	0.11639689	7.115833285284452e-115
709	0.11653898	4.524000608668375e-115
710	0.11439707	4.246977316994785e-112
711	0.11619489	1.3551495725159635e-114
712	0.11249156	1.9295200868631102e-109
713	0.11848514	9.301912696728038e-118
714	0.11288857	5.380486116577484e-110
715	0.10946644	3.369134516601579e-105
716	0.11255307	1.5830195455767508e-109
717	0.11265198	1.1515431471276153e-109
718	0.11783235	7.38456991534501e-117
719	0.11779415	8.337288041125842e-117
720	0.11527365	2.5683778951491514e-113
721	0.1143857	4.404543314142833e-112
722	0.11731493	3.824620018876189e-116
723	0.11718563	5.770690835881175e-116
724	0.11641518000000001	6.712772513159019e-115
725	0.11664577	3.2190962109203307e-115
726	0.11659804	3.7478607782398035e-115
727	0.11349443	7.68073209712493e-111
728	0.11425667	6.659960486625251e-112
729	0.11699568	1.0562546490495727e-115
730	0.11263508	1.215884250640407e-109
731	0.11379687	2.9095319992956144e-111
732	0.11419776	8.044054208710353e-112
733	0.11617815	1.4294791148504854e-114
734	0.11199014	9.6973120765868e-109
735	0.11700684	1.0193896322101118e-115
736	0.11020344	3.1011040686313854e-106
737	0.11782515	7.555404368234502e-117
738	0.11268419	1.0381979834388772e-109
739	0.11211824	6.418553015950518e-109
740	0.11194412	1.1247258928429243e-108
741	0.1169791	1.1135017011146647e-115
742	0.11464005	1.9502280120671773e-112
743	0.11969956	1.9900823033691424e-119
744	0.11723397	4.9480581918535005e-116
745	0.11198542	9.845906717097606e-109
746	0.12004145	6.757662592293469e-120
747	0.11635047	8.25092968821493e-115
748	0.11522314	3.0185317429961455e-113
749	0.10837392	1.164441761355397e-103
750	0.11163418	3.0543152059505088e-108
751	0.11733816	3.5522235707657126e-116
752	0.11015026	3.6831436711420606e-106
753	0.11570256	6.522856441933377e-114
754	0.1152637	2.651395636372771e-113
755	0.10982965	1.0393380806257605e-105
756	0.11450425	3.012756747127349e-112
757	0.11598843	2.6186204115964795e-114
758	0.11570244	6.525356785252114e-114
759	0.10945888	3.452658071597757e-105
760	0.12138521	9.782077213044095e-122
761	0.11348546	7.90516084332188e-111
762	0.11811665	2.9941870757974936e-117
763	0.11093593	2.906928425313136e-107
764	0.11875622	3.939072182130654e-118
765	0.11616489	1.491241936533882e-114
766	0.11479185	1.1995718824508446e-112
767	0.11310478	2.685254510892932e-110
768	0.11459579	2.2471808509494213e-112
769	0.11446599	3.405567498689758e-112
770	0.11834523	1.4497144092234876e-117
771	0.11435385	4.8777698400063335e-112
772	0.10636236	8.080317710769202e-101
773	0.11239956	2.5944531977737958e-109
774	0.11662029	3.491343403050895e-115
775	0.11168851	2.5635330896243585e-108
776	0.1182423	2.009566768921147e-117
777	0.11409229	1.1280259752357325e-111
778	0.11615934	1.5178792150374626e-114
779	0.11582809	4.3687060640624326e-114
780	0.11275014	8.397555525232315e-110
781	0.11629401	9.87853198796038e-115
782	0.10976089	1.2984371677852184e-105
783	0.11378672	3.005845434081864e-111
784	0.11677339	2.1437339461011557e-115
785	0.1151706	3.570759471366672e-113
786	0.11518248	3.437648292083798e-113
787	0.11606521	2.0495737127704953e-114
788	0.11398176	1.6078579830835385e-111
789	0.11745645	2.4385641132673146e-116
790	0.11784319	7.134632690720527e-117
791	0.11235168	3.026791648501862e-109
792	0.1156174	8.561869918791377e-114
793	0.11623784	1.1816568359182543e-114
794	0.11002239	5.5702212300120815e-106
795	0.11600366	2.4943864767768162e-114
796	0.1175513	1.803750242541628e-116
797	0.11367171	4.34761241425152e-111
798	0.11273598	8.788852854108493e-110
799	0.11267004	1.0865469443225428e-109
800	0.11397659	1.6347397666635608e-111
801	0.11364949	4.668988596007423e-111
802	0.11051642	1.1273011053182192e-106
803	0.12038093	2.3145312679182884e-120
804	0.11197934	1.0040679638697643e-108
805	0.11825384	1.9373155722582475e-117
806	0.12190865	1.887140978249872e-122
807	0.11467938	1.7194694091854394e-112
808	0.11773544	1.0046843886134636e-116
809	0.11481044	1.1302760261636375e-112
810	0.11357913	5.852033400898941e-111
811	0.11238304	2.7361514813407124e-109
812	0.11710161	7.539470913174955e-116
813	0.11433695	5.149198504142851e-112
814	0.11202433	8.685881991797357e-109
815	0.11405935	1.2536850936139523e-111
816	0.11269107	1.015473699806582e-109
817	0.11654947	4.375257020614341e-115
818	0.11482122	1.0919427935474721e-112
819	0.11562325	8.40335910997862e-114
820	0.11452002	2.864356351093205e-112
821	0.11453397	2.739191845131816e-112
822	0.12086711	4.998082259616695e-121
823	0.11727141	4.3924660157982904e-116
824	0.11492557	7.819329369613374e-113
825	0.11423765	7.078584664497418e-112
826	0.11754011	1.8690656948960274e-116
827	0.11471484	1.53493313898099e-112
828	0.1229352	7.540373086802861e-124
829	0.1164052	6.929785950634941e-115
830	0.11657148	4.078881114609009e-115
831	0.11622464	1.2324684042459258e-114
832	0.11564617	7.810110031865753e-114
833	0.11347928	8.063590778976344e-111
834	0.11365947	4.521803650575261e-111
835	0.11729911	4.021997879530768e-116
836	0.11483803	1.0347468162934985e-112
837	0.11228412	3.7622212003556463e-109
838	0.11865186	5.483119778473591e-118
839	0.11499767	6.208449508203825e-113
840	0.11701043	1.0078066525844642e-115
841	0.11487246	9.267863022038086e-113
842	0.11003624	5.326123995265791e-106
843	0.11384847	2.4656214997971725e-111
844	0.11176167	2.024938906390677e-108
845	0.11375023	3.3792194018865016e-111
846	0.11468359	1.6964477243400634e-112
847	0.11476523	1.3062685923246754e-112
848	0.11516165	3.6744372323781687e-113
849	0.11569415	6.700431171859466e-114
850	0.11511322	4.2900042169582327e-113
851	0.11131596	8.52471330823615e-108
852	0.11777791	8.778708481350955e-117
853	0.11288472	5.447504496889095e-110
854	0.11530427	2.3288689647620114e-113
855	0.11617166	1.4593818142994495e-114
856	0.11555481	1.0456998945842992e-113
857	0.11597422	2.7401122740771482e-114
858	0.11360722	5.3474476324950215e-111
859	0.11677531	2.130664115322741e-115
860	0.11269669	9.972809804371884e-110
861	0.11549874	1.2508665165151838e-113
862	0.11676837	2.1782865079290574e-115
863	0.11011726	4.0980585646430277e-106
864	0.115006	6.045181708978301e-113
865	0.11786632	6.629268566052961e-117
866	0.11635295	8.18594221207175e-115
867	0.11016357	3.527940331819194e-106
868	0.11406054	1.248910479418554e-111
869	0.1161476	1.5758049138282087e-114
870	0.11727635	4.32398096844555e-116
871	0.1169317	1.294875180645641e-115
872	0.11406979	1.212412046687351e-111
873	0.11775511	9.438189223863698e-117
874	0.11572869	6.000621836733042e-114
875	0.11691143	1.3811994604273964e-115
876	0.11235354	3.0087222289331714e-109
877	0.11464735	1.9051705961573236e-112
878	0.11675846	2.2481416299911524e-115
879	0.11921018	9.355383891001499e-119
880	0.11475017	1.370785291039208e-112
881	0.11904408	1.582745761091036e-118
882	0.11781846	7.717681188830235e-117
883	0.11493921	7.485395190163598e-113
884	0.11265114	1.1546591695973968e-109
885	0.11589792	3.495716052983468e-114
886	0.11574284	5.735504111915144e-114
887	0.11749908	2.1294707344734215e-116
888	0.11212179	6.345580359842419e-109
889	0.11003857	5.28612409972013e-106
890	0.11607262	2.001682280810836e-114
891	0.11547704	1.3406803223479623e-113
892	0.11575406	5.533641840300854e-114
893	0.11207898	7.2837853847534265e-109
894	0.11447839	3.272944853618719e-112
895	0.11302391	3.4822902780208966e-110
896	0.1158214	4.463023201414966e-114
897	0.11811377	3.0216833337951486e-117
898	0.11383349	2.5870084769880883e-111
899	0.11861093	6.242690745252564e-118
900	0.11011573	4.118391538335797e-106
901	0.11780895	7.954383686061804e-117
902	0.11967226	2.16942985449824e-119
903	0.11534624	2.036468279542526e-113
904	0.11648417	5.387543707463943e-115
905	0.11923243	8.719281526245559e-119
906	0.11789485	6.054989514387655e-117
907	0.11975342	1.6785947035478694e-119
908	0.11637065	7.736757729341962e-115
909	0.11378365	3.035600386843388e-111
910	0.11535515	1.9792861014126028e-113
911	0.11645514	5.909877527278312e-115
912	0.11619019	1.3756192012420572e-114
913	0.11622459	1.2326649712798667e-114
914	0.11591051	3.3580130620313795e-114
915	0.109717	1.4966817735771861e-105
916	0.11434531	5.013091087819311e-112
917	0.10967207	1.731035513672895e-105
918	0.11104041	2.074544886800266e-107
919	0.11662952	3.390158878846293e-115
920	0.11163449	3.051263786700516e-108
921	0.11769204	1.1532370343241599e-116
922	0.1156347	8.101560590168125e-114
923	0.11389867	2.0988856115066796e-111
924	0.11416526	8.92730271261624e-112
925	0.11222182	4.597951283511074e-109
926	0.11416294	8.993944675643513e-112
927	0.11721023	5.336249380128328e-116
928	0.115323	2.1935182351385147e-113
929	0.11911795	1.2526916800140827e-118
930	0.11226926	3.946602398053552e-109
931	0.11023821	2.771272083894433e-106
932	0.11591299	3.3315349405258855e-114
933	0.119382	5.431951515414782e-119
934	0.11747654	2.2876710024167006e-116
935	0.10761802	1.3569803467003728e-102
936	0.11378078	3.0636834338209592e-111
937	0.11851706	8.406516776755954e-118
938	0.11241765	2.44769744859071e-109
939	0.11750728	2.0746749118229308e-116
940	0.11276055	8.121049305540973e-110
941	0.11475721	1.3402384731543306e-112
942	0.11481604	1.1101974972635713e-112
943	0.1137832	3.0399865622577603e-111
944	0.10960701	2.1369668012010545e-105
945	0.12015647	4.699884439114714e-120
946	0.11523857	2.873221733785084e-113
947	0.11205572	7.850500594833111e-109
948	0.11781236	7.868685142583247e-117
949	0.11100253	2.3444331951380095e-107
950	0.11271196	9.494800528025326e-110
951	0.11532214	2.1995569158944848e-113
952	0.12003872	6.816168835958621e-120
953	0.11582651	4.390799754404039e-114
954	0.11931342	6.748102509045269e-119
955	0.11707272	8.265550107394386e-116
956	0.1156729	7.170975566418761e-114
957	0.11561134	8.72922694248281e-114
958	0.1174163	2.770628550865478e-116
959	0.1097233	1.4664641289409999e-105
960	0.11412387	1.0194053970692005e-111
961	0.12358789	9.781785995037062e-125
962	0.11136143	7.361493497365925e-108
963	0.11601246	2.4253102124556693e-114
964	0.11778599000000001	8.556236586602908e-117
965	0.11592767	3.179025526569394e-114
966	0.11321035	1.9127624753176324e-110
967	0.11269442	1.0045896877902071e-109
968	0.11530389	2.3316998187719207e-113
969	0.11393477	1.8693908007948845e-111
970	0.11860124	6.437421379226755e-118
971	0.11679769	1.9840754917162977e-115
972	0.1157259	6.0543259142553435e-114
973	0.11193593	1.1548021105876161e-108
974	0.11965340000000001	2.3026941949777727e-119
975	0.11363443	4.90021968399552e-111
976	0.10954851	2.5827052060012465e-105
977	0.11754222	1.8565711928747434e-116
978	0.11476052	1.3261126359814805e-112
979	0.11352024	7.069906642964456e-111
980	0.11179491	1.819198258817431e-108
981	0.11289929	5.1981944097095703e-110
982	0.11577909	5.108572379012808e-114
983	0.11302535	3.466209542379868e-110
984	0.11030339	2.2445969078025977e-106
985	0.11216474	5.525804023053308e-109
986	0.11722849	5.0350789077459883e-116
987	0.11526912	2.6058463479592015e-113
988	0.11732736	3.676362093165914e-116
989	0.1142323	7.201012237028638e-112
990	0.11774938	9.611582100923241e-117
991	0.11704859	8.925361163490514e-116
992	0.11417059	8.776064296161375e-112
993	0.11147891	5.039400859959391e-108
994	0.11552413	1.1533946603756975e-113
995	0.11545419	1.4422387662247994e-113
996	0.11522986	2.954364220232688e-113
997	0.11655518	4.2963592590757065e-115
998	0.1132544	1.6603486644347895e-110
999	0.11532668	2.1678651319344355e-113
