Dataset	Random-mean	P-value
0	0.10303388	9.301536771052334e-10
1	0.10325062	1.1694648239067812e-09
2	0.10351963	1.5513042696993058e-09
3	0.10301849	9.151139406597233e-10
4	0.10483877999999999	6.040843628632663e-09
5	0.10336333	1.316724750465763e-09
6	0.10223675	3.9676961746662737e-10
7	0.10336169	1.3144573761123228e-09
8	0.10246032	5.046613586878787e-10
9	0.10264612	6.157564890125305e-10
10	0.10467996	5.140650651371671e-09
11	0.10349485	1.5115624194588888e-09
12	0.10331345	1.2494444984415838e-09
13	0.10255962	5.613409425914879e-10
14	0.10354576	1.5943172785348917e-09
15	0.10331467	1.2510492571675652e-09
16	0.10114918	1.2101292910071594e-10
17	0.10445528	4.087028007768804e-09
18	0.10387411	2.2449299367672675e-09
19	0.10236268	4.544057051315022e-10
20	0.10352462	1.5594298110010464e-09
21	0.10301203	9.088720706519669e-10
22	0.10375996	1.9937225657590455e-09
23	0.10212561	3.518935676012828e-10
24	0.10191997	2.8158942396259663e-10
25	0.10297412	8.730726271460486e-10
26	0.10209502	3.4044028991425747e-10
27	0.10131536	1.453577081549946e-10
28	0.10234517	4.4592655944251636e-10
29	0.10271504	6.627772596157108e-10
30	0.10368929	1.8521964101226738e-09
31	0.10133726	1.4890433664039645e-10
32	0.10274795	6.864521392791111e-10
33	0.10268131	6.39341858630319e-10
34	0.1036022	1.6912399807284425e-09
35	0.10114786	1.2083654106969377e-10
36	0.10393421	2.389356463834413e-09
37	0.10131629	1.455066208748035e-10
38	0.10406746	2.7426944770829706e-09
39	0.10321973	1.1320008864993033e-09
40	0.10277262	7.047399364788363e-10
41	0.10345897	1.4557766506036862e-09
42	0.10265491	6.215667753139744e-10
43	0.10275429999999999	6.911145087406031e-10
44	0.10397425	2.4905733019313967e-09
45	0.10297371	8.726930936398907e-10
46	0.10433267	3.604269875817907e-09
47	0.10088217	9.0015685801778e-11
48	0.10511775	8.008025019909679e-09
49	0.10192625	2.835169132628572e-10
50	0.10164294	2.08214407423578e-10
51	0.10321583	1.1273551423324967e-09
52	0.10106818	1.106432261559019e-10
53	0.10461674	4.8199835207324665e-09
54	0.10428297	3.4248576390828853e-09
55	0.10161447	2.0183260561516053e-10
56	0.10392865	2.3756229945686806e-09
57	0.10230803	4.284510799072212e-10
58	0.10310656	1.0045090068913651e-09
59	0.1029889	8.868626769131548e-10
60	0.10222381	3.9126951462011435e-10
61	0.10270861	6.582458291799261e-10
62	0.10220099	3.8175127505212245e-10
63	0.10291661	8.213825462441831e-10
64	0.10306066	9.569025035595747e-10
65	0.10484375	6.071362499526925e-09
66	0.10377172999999999	2.018298167880486e-09
67	0.10156923	1.9208382180178552e-10
68	0.10169691	2.2085938612638213e-10
69	0.10100832	1.0354472112098743e-10
70	0.10432822	3.58783885421238e-09
71	0.1008757	8.937064432936306e-11
72	0.10259198	5.811234693536935e-10
73	0.102322	4.34944273204425e-10
74	0.10301572	9.124323556100772e-10
75	0.10316276	1.0659600989796514e-09
76	0.1027684	7.015782198842555e-10
77	0.10624585	2.453975151123162e-08
78	0.10159271	1.9708449974289067e-10
79	0.10205593	3.263345521930104e-10
80	0.10358658999999999	1.6638718494742187e-09
81	0.10362469	1.7314454045320023e-09
82	0.10197128	2.9772133176935025e-10
83	0.10324625	1.1640921157040081e-09
84	0.10292874	8.320296959825251e-10
85	0.10290028	8.072590674134627e-10
86	0.10218214	3.740602092113177e-10
87	0.10238852	4.672076196846588e-10
88	0.10316049	1.0634082524939829e-09
89	0.10560702	1.3067190517232713e-08
90	0.10187643	2.685743758272227e-10
91	0.10156448	1.9108741058700598e-10
92	0.1032594	1.1803328083041016e-09
93	0.10452375	4.3835065427384515e-09
94	0.10316801	1.0718849069294466e-09
95	0.10271939	6.658601397132649e-10
96	0.10311271	1.011061064154655e-09
97	0.10220281	3.82502004781021e-10
98	0.10269366	6.478269267562801e-10
99	0.10387024	2.2359280115543094e-09
100	0.1048689	6.2281200965274815e-09
101	0.10425692	3.3343332449936012e-09
102	0.1005392	6.139767804382242e-11
103	0.1039995	2.5565432276534156e-09
104	0.10329075	1.2199499275623157e-09
105	0.10380488	2.089116501354352e-09
106	0.1000438	3.5154041959167156e-11
107	0.10351975	1.55149918702189e-09
108	0.10408294	2.7869121901310216e-09
109	0.10282796	7.475144414661073e-10
110	0.10093492	9.544786631888256e-11
111	0.10150565	1.7915858489157778e-10
112	0.10419819	3.1387307110029255e-09
113	0.10218201	3.7400769772138865e-10
114	0.10272761	6.717240716935223e-10
115	0.10114149	1.1998887159649384e-10
116	0.1020756	3.3335947076859083e-10
117	0.10384279	2.1730815287504425e-09
118	0.10289777	8.051093888037078e-10
119	0.1022384	3.974763626103741e-10
120	0.10342835	1.4097646517008832e-09
121	0.10407337	2.7594945900396694e-09
122	0.1018099	2.4981720505464126e-10
123	0.10093873	9.58524339740329e-11
124	0.10463084	4.889765886242248e-09
125	0.10260143	5.870281028969545e-10
126	0.10292757	8.309968700128333e-10
127	0.1052639	9.275210730265415e-09
128	0.10338658	1.3492832170629885e-09
129	0.10308494	9.818034885698596e-10
130	0.10324376	1.1610415794840421e-09
131	0.10364041	1.7601011311517769e-09
132	0.1005481	6.201252526012128e-11
133	0.10263216	6.066378305276038e-10
134	0.10381774	2.117237962082115e-09
135	0.10247734	5.139616959611911e-10
136	0.10459904	4.733758930355866e-09
137	0.10453577	4.437676245783489e-09
138	0.10342489	1.4046556499416145e-09
139	0.10142938	1.647745175929218e-10
140	0.10536909	1.0306159210421039e-08
141	0.10364045	1.7601746343145282e-09
142	0.10307767	9.742818298089764e-10
143	0.10356368	1.6244871854473653e-09
144	0.10250848	5.314138560620449e-10
145	0.10306576	9.620811631199446e-10
146	0.10308797	9.84955114466441e-10
147	0.10121993	1.30845572828284e-10
148	0.10212763	3.5266301962684157e-10
149	0.10094259	9.626402535338755e-11
150	0.10108692	1.1296200079006897e-10
151	0.10097756	1.0007270822018249e-10
152	0.10236795	4.5698843529017527e-10
153	0.1027258	6.704285431024714e-10
154	0.10264332	6.139168440725978e-10
155	0.10069287	7.290469390944508e-11
156	0.10130282	1.4336431382933626e-10
157	0.10216839999999999	3.6854989386482275e-10
158	0.10038707	5.176712180148464e-11
159	0.10245908	5.039902526793961e-10
160	0.10306959	9.659882454415273e-10
161	0.10226605	4.0950471099889165e-10
162	0.10374045999999999	1.9536488193422614e-09
163	0.1021637	3.666833016434982e-10
164	0.10380928	2.0986968372079376e-09
165	0.10323974	1.1561331051550805e-09
166	0.10415104	2.9898457513323397e-09
167	0.10330674	1.2406542326598827e-09
168	0.10416855	3.044313847620825e-09
169	0.10376394	2.0019998557385004e-09
170	0.10311001	1.008179420960525e-09
171	0.10406267	2.7291514673209526e-09
172	0.10315917	1.0619271071494471e-09
173	0.10446682	4.135587410667726e-09
174	0.10257426	5.702077581691284e-10
175	0.10337367	1.3311085676577535e-09
176	0.1035275	1.5641384185858189e-09
177	0.10152569	1.8313772625697598e-10
178	0.1011948	1.2726655081666875e-10
179	0.10372686	1.926166921906818e-09
180	0.10245008	4.991454295131752e-10
181	0.10353215	1.571770202528155e-09
182	0.10264912	6.177335228672211e-10
183	0.10269078	6.45838425353342e-10
184	0.10343436	1.4186821684952588e-09
185	0.10314395	1.0449941032829088e-09
186	0.10423813999999999	3.270525765336829e-09
187	0.10355835	1.6154558357907552e-09
188	0.10334913	1.2972187002641982e-09
189	0.10369911	1.8712583338703295e-09
190	0.10294688	8.482044785305913e-10
191	0.10305775	9.539598469354224e-10
192	0.10320898	1.1192403960395379e-09
193	0.10317567	1.0805872896862337e-09
194	0.10378092	2.0376922958325637e-09
195	0.10403253999999999	2.645448660147646e-09
196	0.1033017	1.2340914977961486e-09
197	0.10327742	1.2029483735927662e-09
198	0.10318532	1.0916488600088257e-09
199	0.10485718	6.154585304512003e-09
200	0.10223365	3.9544511866587435e-10
201	0.10321311	1.1241260737181984e-09
202	0.10118672	1.2613631486982885e-10
203	0.10268691	6.431757782131843e-10
204	0.10194252	2.885708863541372e-10
205	0.10323655	1.152252515414724e-09
206	0.10316033	1.063228612193685e-09
207	0.10070308	7.374006472224583e-11
208	0.10347918	1.4869465210208157e-09
209	0.10331475	1.2511545576171565e-09
210	0.10101086	1.0383664400827908e-10
211	0.10383149	2.1477147104201907e-09
212	0.10253426	5.462997315785995e-10
213	0.10301911	9.157152058692597e-10
214	0.10431002	3.5213956496170225e-09
215	0.10451435	4.341594405231583e-09
216	0.10171738	2.2584965954770267e-10
217	0.10519337	8.641016444359898e-09
218	0.10397767	2.4994103045375467e-09
219	0.10427697	3.403797161250642e-09
220	0.10373417	1.9408911507595717e-09
221	0.10363892	1.7573652741302548e-09
222	0.10284275	7.593698256062283e-10
223	0.10451075	4.3256467432167766e-09
224	0.1040318	2.6434247718438752e-09
225	0.10152051	1.8210096396905712e-10
226	0.1032915	1.220913453114351e-09
227	0.10101712	1.0455955666351838e-10
228	0.10367435	1.823559273019493e-09
229	0.10156642	1.914937526212798e-10
230	0.10580008	1.582591215831864e-08
231	0.10214685	3.600671348111979e-10
232	0.10351111	1.5375261430493006e-09
233	0.10431703	3.5468437641742883e-09
234	0.10227327	4.127037890040715e-10
235	0.10407895	2.7754488419329124e-09
236	0.09919911	1.340306955069092e-11
237	0.10226508	4.0907677202774733e-10
238	0.10378496	2.046275618873506e-09
239	0.10437614	3.768689889087539e-09
240	0.10060995	6.645537734460292e-11
241	0.10378804	2.0528430610671963e-09
242	0.10364184	1.7627307332478588e-09
243	0.10217719	3.720658195868698e-10
244	0.10155163	1.884171679259051e-10
245	0.10519714	8.673818974349586e-09
246	0.10215547999999999	3.634409760822831e-10
247	0.10376649	2.0073207818056768e-09
248	0.10320655	1.116375480346886e-09
249	0.10172847	2.2859918948033947e-10
250	0.10520348	8.72925686981837e-09
251	0.10223865	3.9758355266378573e-10
252	0.10384785	2.1845351320705203e-09
253	0.10202938	3.1708195366491935e-10
254	0.10357719	1.647600655361112e-09
255	0.10474617	5.498786038020111e-09
256	0.10337618999999999	1.3346373138894395e-09
257	0.10188796	2.719624352100012e-10
258	0.10186933	2.665086623079623e-10
259	0.10141147	1.6156448662559088e-10
260	0.10252823	5.427817488887736e-10
261	0.10426940999999999	3.377440920745127e-09
262	0.10089737	9.15490979276882e-11
263	0.10477562	5.665799210565545e-09
264	0.10063541	6.837363392966327e-11
265	0.10381532	2.111917956938109e-09
266	0.102942	8.438231664868472e-10
267	0.10240495	4.755304249974225e-10
268	0.10186266	2.645822357862921e-10
269	0.10213086	3.5389680534973643e-10
270	0.10333708999999999	1.2809013007155573e-09
271	0.10364037	1.7600276309884593e-09
272	0.10222471	3.9164962913070534e-10
273	0.1025268	5.419507255533707e-10
274	0.10247787	5.142539837548771e-10
275	0.10202604	3.1593632117473894e-10
276	0.10206772	3.305276165218383e-10
277	0.10253044	5.440685111245404e-10
278	0.10211408	3.47532963047312e-10
279	0.10288971	7.982442279040708e-10
280	0.10219655	3.799258714626796e-10
281	0.10224659	4.01002669622915e-10
282	0.10137978	1.560341322615104e-10
283	0.10455861	4.5424136355272896e-09
284	0.10352222999999999	1.5555328416406374e-09
285	0.10175754	2.3596304774025307e-10
286	0.10341005	1.382947569230281e-09
287	0.10341583	1.3913633312917033e-09
288	0.10383357	2.152362175434681e-09
289	0.10400487	2.570791776332913e-09
290	0.10311694	1.0155918396318543e-09
291	0.10268834	6.441583969021005e-10
292	0.10383909	2.164743518546561e-09
293	0.10394704	2.4213438052765663e-09
294	0.09950724	1.9090411456603944e-11
295	0.10391359	2.338810188481186e-09
296	0.102292	4.2111727204433297e-10
297	0.10502889	7.32185518742626e-09
298	0.10332689	1.2672347317168836e-09
299	0.10404023	2.6665704719884624e-09
300	0.10126828	1.3801123786907825e-10
301	0.10321984	1.132132191368741e-09
302	0.10415584	3.004681629254038e-09
303	0.10177704	2.4103237264889227e-10
304	0.10333517	1.2783178089045525e-09
305	0.10357762	1.6483415700768762e-09
306	0.10532042	9.815973600368737e-09
307	0.10203525	3.1910525060522136e-10
308	0.10425395	3.3241619868427287e-09
309	0.10346977	1.4723531685251862e-09
310	0.10348374	1.4940690870759598e-09
311	0.10323369	1.1487841952283345e-09
312	0.10253353	5.458726555528484e-10
313	0.10045804	5.605976833351726e-11
314	0.10296435	8.640723822001234e-10
315	0.10389318	2.289807882917417e-09
316	0.10159854	1.9834578435786748e-10
317	0.10238301	4.6444852249411023e-10
318	0.10300836	9.053445604024744e-10
319	0.10281124	7.343299836765538e-10
320	0.10387662	2.2507873121830757e-09
321	0.10294668	8.480244800933757e-10
322	0.10132176	1.4638551446363244e-10
323	0.10420761	3.169332048406525e-09
324	0.10234819	4.4737784754765774e-10
325	0.103168	1.0718735910297816e-09
326	0.10134508	1.5019119426456695e-10
327	0.10341815	1.3947553454406756e-09
328	0.10470255	5.260206108940998e-09
329	0.10274153999999999	6.81776929619602e-10
330	0.10410476	2.8504240483757885e-09
331	0.10384592	2.1801595248209864e-09
332	0.10468032	5.14253496231351e-09
333	0.10392147	2.35800207971449e-09
334	0.10269095	6.459556361361893e-10
335	0.10520899	8.777717582585418e-09
336	0.10318456	1.0907736880923538e-09
337	0.10114572	1.205511140018813e-10
338	0.1028625	7.754882362181291e-10
339	0.10244691	4.974498539369625e-10
340	0.10358409	1.6595291395047499e-09
341	0.10145567	1.695999982037878e-10
342	0.10219391	3.7884455037617327e-10
343	0.10464959	4.9840905081333825e-09
344	0.10308413	9.809626466359258e-10
345	0.10308728	9.842365486707493e-10
346	0.10177553	2.4063604395966313e-10
347	0.10559821999999999	1.295330658709068e-08
348	0.1018212	2.5291002789826614e-10
349	0.10375382	1.981018618449618e-09
350	0.10237637	4.611447694807816e-10
351	0.10323267	1.147549712909179e-09
352	0.10333451	1.2774309106442884e-09
353	0.10355067	1.60252879546053e-09
354	0.10589528	1.7387512204581237e-08
355	0.10447288	4.161312449130694e-09
356	0.10232091	4.344342004257206e-10
357	0.10268851	6.442753093530104e-10
358	0.10302074	9.172977952390569e-10
359	0.10110592	1.1536156447598494e-10
360	0.10324628	1.1641289168864706e-09
361	0.10348130999999999	1.4902693689157612e-09
362	0.10333787	1.2819523016594854e-09
363	0.10229491	4.224394201452047e-10
364	0.10063145	6.80717448723416e-11
365	0.10410615	2.8545174892172356e-09
366	0.10348875	1.5019329848612923e-09
367	0.1023309	4.3913108118770585e-10
368	0.10381429	2.1096576214008515e-09
369	0.10230106	4.2524703331624174e-10
370	0.10276051	6.95704043934128e-10
371	0.10474667	5.501581078017492e-09
372	0.10249955	5.263506524596315e-10
373	0.1054173	1.081520138053462e-08
374	0.10312556	1.024886307036557e-09
375	0.10467773	5.128993394878652e-09
376	0.10259246	5.814219811664278e-10
377	0.10283645	7.542975456305328e-10
378	0.10221952	3.894625936490897e-10
379	0.10352461	1.5594134858286857e-09
380	0.10228804	4.193245652050596e-10
381	0.10195753	2.933116459859548e-10
382	0.10225286	4.037229773857201e-10
383	0.10459477	4.71318429728038e-09
384	0.10481875	5.9193568594757935e-09
385	0.10202361	3.151053702802051e-10
386	0.10188224	2.7027642915296735e-10
387	0.10248439	5.1786301259783e-10
388	0.10540561	1.0689563029791178e-08
389	0.1036791	1.8326168853502904e-09
390	0.10071916	7.507478277523871e-11
391	0.10226673	4.0980497071912594e-10
392	0.10280448	7.290642494032338e-10
393	0.10323879	1.154976109527695e-09
394	0.10331904	1.256814002903228e-09
395	0.10341189	1.3856212221261837e-09
396	0.10249906	5.260741988737802e-10
397	0.10390482	2.3176300743929582e-09
398	0.10378922	2.0553646113339444e-09
399	0.10288056	7.905200402548764e-10
400	0.10363752	1.7547984571262756e-09
401	0.10228011	4.157570552370445e-10
402	0.10258628	5.775900860700209e-10
403	0.10275536	6.918958056369534e-10
404	0.10507243	7.65058134708907e-09
405	0.10324414	1.161506617268632e-09
406	0.10265699	6.229495076511693e-10
407	0.10328386	1.2111330535638906e-09
408	0.10252517	5.410049936614863e-10
409	0.10361349	1.7113077524470197e-09
410	0.1032357	1.1512206531217433e-09
411	0.10392157	2.3582466174106406e-09
412	0.10239149	4.68701475901334e-10
413	0.10264169	6.128483856680043e-10
414	0.10057267	6.374144021727608e-11
415	0.10330175999999999	1.234169425614004e-09
416	0.10441965	3.940585375329779e-09
417	0.10418811	3.1063048708637047e-09
418	0.10161971	2.0299262948843327e-10
419	0.10396873	2.47637441018634e-09
420	0.10397207	2.484956292901302e-09
421	0.10257044	5.678810214033689e-10
422	0.10299625999999999	8.938089390068385e-10
423	0.10360245	1.6916818512037003e-09
424	0.10433116	3.598686188073138e-09
425	0.10455265	4.51485253094797e-09
426	0.10104841	1.0824758593029623e-10
427	0.10284384	7.602507899252621e-10
428	0.10232228	4.3507539568316477e-10
429	0.1023191	4.3358849201104987e-10
430	0.10156562	1.9132608642526258e-10
431	0.10483921	6.0434781695558626e-09
432	0.10286854	7.804840983862875e-10
433	0.103352	1.3011382052452186e-09
434	0.10387959	2.2577374368905444e-09
435	0.10304093	9.371237005714152e-10
436	0.10306831	9.646807610120727e-10
437	0.10049436	5.838976736816464e-11
438	0.10442195	3.9498819063437145e-09
439	0.10153015	1.840350144008114e-10
440	0.10231617999999999	4.322275406441674e-10
441	0.10296882	8.681788832403186e-10
442	0.10634282	2.697857713101134e-08
443	0.10374781	1.9686602587503386e-09
444	0.10170480999999999	2.2277235364477222e-10
445	0.10189231	2.732515164275996e-10
446	0.10243496	4.911085475459381e-10
447	0.10282471	7.449336711937867e-10
448	0.10296044	8.604959237494415e-10
449	0.1037406	1.953933703894864e-09
450	0.10425617	3.331761881371066e-09
451	0.10161999	2.0305479899751998e-10
452	0.10234933	4.479268859426228e-10
453	0.10325501	1.1748865298676444e-09
454	0.10456852	4.5886048110398986e-09
455	0.10273362	6.760433924188367e-10
456	0.10386556	2.2250890599158515e-09
457	0.10454555	4.482232636510683e-09
458	0.10123112	1.324708263574705e-10
459	0.10363863	1.7568332752134532e-09
460	0.1033053	1.23877569194355e-09
461	0.10028813	4.631634922294876e-11
462	0.10440484	3.881233299357257e-09
463	0.10249902	5.260516375087321e-10
464	0.10204178	3.213708950642723e-10
465	0.10302182	9.183478550847085e-10
466	0.10437066	3.747565957976553e-09
467	0.10384913999999999	2.1874645430421384e-09
468	0.10272852	6.723763397526736e-10
469	0.10294636	8.477365603025172e-10
470	0.10306748	9.638338642154191e-10
471	0.1002196	4.287523763258223e-11
472	0.10197635	2.9936363172546885e-10
473	0.10353642	1.578810360119827e-09
474	0.10357282	1.6400893316704476e-09
475	0.1015416	1.8635836122474124e-10
476	0.10327306	1.1974379171685674e-09
477	0.10493042	6.628395161413212e-09
478	0.10302068	9.172394930240999e-10
479	0.10402383	2.6217225749426457e-09
480	0.10107549	1.115421172284242e-10
481	0.10524696	9.118870291551118e-09
482	0.10097137	9.938794155850541e-11
483	0.10133831	1.4907649432092723e-10
484	0.10214436	3.5909939918130517e-10
485	0.10110959	1.1583078337511888e-10
486	0.1012064	1.2890654073970287e-10
487	0.10488015	6.29951178410153e-09
488	0.10381026	2.100836476651941e-09
489	0.10173535	2.3032139189162286e-10
490	0.10597458	1.880199361447381e-08
491	0.10324869	1.1670889975842836e-09
492	0.10331143	1.2467918623836138e-09
493	0.10650936	3.1728240210340577e-08
494	0.10236794	4.569835208935225e-10
495	0.1027972	7.234347688547552e-10
496	0.1010554	1.090887340556178e-10
497	0.10225447	4.0442440334096574e-10
498	0.10239517	4.705589356229805e-10
499	0.10101283	1.0406361208245158e-10
500	0.10537758	1.0394077166838933e-08
501	0.10156007	1.9016685586857888e-10
502	0.10324316	1.16030767991225e-09
503	0.10512427	8.060770742529685e-09
504	0.10345974	1.4569524309078418e-09
505	0.10221273	3.866193731486873e-10
506	0.10160344	1.9941198297666206e-10
507	0.10340119	1.370143792463775e-09
508	0.10322913	1.1432753869960708e-09
509	0.10472534	5.383567770611852e-09
510	0.10134844	1.5074745687704474e-10
511	0.10344655999999999	1.436954174590782e-09
512	0.10162986	2.0525823221800998e-10
513	0.10221902	3.89252529096451e-10
514	0.10213463	3.5534220433304865e-10
515	0.1033568	1.307719362741818e-09
516	0.10132444	1.4681802100952882e-10
517	0.10287829	7.886151142039664e-10
518	0.10244221	4.949462794934995e-10
519	0.10424017	3.2773650661368858e-09
520	0.1023295	4.3846987716927774e-10
521	0.10332374	1.2630430576928034e-09
522	0.10318614	1.0925938944898278e-09
523	0.10230512	4.271105156329981e-10
524	0.10294742999999999	8.486996669396911e-10
525	0.1026169	5.968211581766547e-10
526	0.10284823	7.638090270313455e-10
527	0.10423382	3.256017544147897e-09
528	0.10236369	4.5489957833250913e-10
529	0.10349765	1.5160026685790173e-09
530	0.10493394	6.652041410783107e-09
531	0.10304067	9.36865745291917e-10
532	0.10310986999999999	1.0080302216470883e-09
533	0.10542007	1.0845182236379965e-08
534	0.10342753	1.4085522080182556e-09
535	0.10257279	5.693112887442849e-10
536	0.10265051	6.186516528560923e-10
537	0.10297663	8.753996346055646e-10
538	0.10478904	5.7435367531563595e-09
539	0.10188152	2.7006493134542714e-10
540	0.1006673	7.085309984860709e-11
541	0.10256688	5.657210142102842e-10
542	0.10411791	2.889380283035002e-09
543	0.10104957	1.0838673423407061e-10
544	0.10330227	1.2348320063318916e-09
545	0.10332262	1.2615559536606724e-09
546	0.10312389	1.0230791661762664e-09
547	0.10288087	7.907805334024501e-10
548	0.10293054	8.33621111223189e-10
549	0.10377465	2.024440763224401e-09
550	0.10340577	1.3767479131394646e-09
551	0.10180004	2.4714879999728835e-10
552	0.10422897	3.23980425055269e-09
553	0.1015646	1.911125206155845e-10
554	0.10312513	1.0244206971496238e-09
555	0.10245952	5.042282870309449e-10
556	0.10505460999999999	7.514336685284708e-09
557	0.10358513	1.6613343596560232e-09
558	0.10401288	2.592189436807649e-09
559	0.10465744	5.024106256050795e-09
560	0.10161192	2.0127044194460113e-10
561	0.10284003	7.571758088926008e-10
562	0.10288203	7.917560271072753e-10
563	0.10337294	1.3300880563064454e-09
564	0.1027653	6.99264477448426e-10
565	0.10304076	9.369550296445936e-10
566	0.10214389	3.5891702014017516e-10
567	0.10303836	9.345769590032178e-10
568	0.10450693	4.308787023520957e-09
569	0.10170159	2.2199068610335226e-10
570	0.10007472	3.640532804652905e-11
571	0.10520339	8.728467484691108e-09
572	0.10046012	5.619070639532926e-11
573	0.10375801	1.9896793233772535e-09
574	0.10402141	2.615167459621173e-09
575	0.10374552	1.9639711794425486e-09
576	0.10194742	2.9011019303933967e-10
577	0.10399353	2.5407931980776307e-09
578	0.10316792	1.0717830680377225e-09
579	0.10456569	4.575367434014864e-09
580	0.10385863	2.209133292132731e-09
581	0.10231804	4.3309396373456357e-10
582	0.10379241	2.0621965021904982e-09
583	0.10269775	6.506611727389673e-10
584	0.10258642	5.77676618550306e-10
585	0.10301602	9.127224084828167e-10
586	0.10381842	2.1187351943871835e-09
587	0.10297526	8.741287641227655e-10
588	0.1036164	1.7165178285245538e-09
589	0.1036768	1.8282256179082142e-09
590	0.10217419	3.708621693459439e-10
591	0.105317	9.782396545875275e-09
592	0.10308834	9.85340643639612e-10
593	0.10456363	4.565755190892955e-09
594	0.10332829	1.269102060354806e-09
595	0.10380774	2.0953388473597917e-09
596	0.1030991	9.966170216133275e-10
597	0.10537329	1.0349561213412928e-08
598	0.10419262	3.1207722228334085e-09
599	0.1022338	3.9550910754392874e-10
600	0.10405835	2.716993339511307e-09
601	0.10121864	1.3065947226218771e-10
602	0.1045293	4.408437667426115e-09
603	0.10231214	4.3035147332977177e-10
604	0.10304627	9.42437095091147e-10
605	0.10414262	2.9639937598828088e-09
606	0.10158897	1.9627951471876997e-10
607	0.10158433	1.95285293042252e-10
608	0.10290259	8.092424174420152e-10
609	0.1025187	5.372669792188209e-10
610	0.10284409	7.604529868688792e-10
611	0.1001695	4.051955797246888e-11
612	0.10507269	7.652586926381312e-09
613	0.10408114	2.7817350416605777e-09
614	0.10309656	9.939438004931185e-10
615	0.10129917	1.4278915053171955e-10
616	0.10147882	1.739635966406387e-10
617	0.1036124	1.7093601930099382e-09
618	0.10337868	1.338133032593471e-09
619	0.10370059	1.8741477824787036e-09
620	0.10358525	1.6615427777387101e-09
621	0.10225921	4.0649640478270374e-10
622	0.10286406	7.767755537875707e-10
623	0.1032121	1.1229293484763221e-09
624	0.10365782999999999	1.7923971927721788e-09
625	0.10262496	6.019865814644154e-10
626	0.10482139	5.935231663645488e-09
627	0.10382226	2.1272095868751794e-09
628	0.10344339	1.432184448199401e-09
629	0.102386	4.659437607601609e-10
630	0.10464643	4.968070201760944e-09
631	0.10180874	2.495018163258572e-10
632	0.10366115	1.7986177186373092e-09
633	0.10397436	2.4908570574202883e-09
634	0.1030408	9.369947142501954e-10
635	0.10359005	1.6699004864624654e-09
636	0.10283272	7.513100703198999e-10
637	0.10398375	2.5151962110907928e-09
638	0.1031883	1.0950870841538868e-09
639	0.10352105	1.5536123262036897e-09
640	0.10311007999999999	1.0082540287151175e-09
641	0.10171892	2.262295238813636e-10
642	0.10068055	7.190903511852757e-11
643	0.10124488	1.3449649384544102e-10
644	0.10759474	8.971295266360398e-08
645	0.10317174	1.0761138955571068e-09
646	0.10321651	1.1281638254952987e-09
647	0.1011765	1.2472081847135435e-10
648	0.10244154	4.945903927471511e-10
649	0.10076963	7.941978137314036e-11
650	0.10491794	6.545217262775923e-09
651	0.10341999	1.397451310023934e-09
652	0.10430266	3.4948687828921223e-09
653	0.10372498	1.922397795174824e-09
654	0.10145949	1.7031257657143083e-10
655	0.1035774	1.6479624567609164e-09
656	0.10157558	1.9342382130244964e-10
657	0.10318833	1.0951217509257284e-09
658	0.10315435	1.056535794455512e-09
659	0.10525991	9.238153149285281e-09
660	0.10316887	1.0728585114241746e-09
661	0.10304427	9.404436176923806e-10
662	0.10264681	6.162106578363559e-10
663	0.10327143	1.1953841595768708e-09
664	0.10412098	2.898549596655219e-09
665	0.10292838	8.317117697171541e-10
666	0.10172317	2.2728110069803523e-10
667	0.10462049	4.838447219884208e-09
668	0.10335984	1.311904248281586e-09
669	0.10276754	7.009355933133495e-10
670	0.10172252	2.2711996170389796e-10
671	0.10405378	2.704189195578149e-09
672	0.1023905	4.682030051045459e-10
673	0.10259881	5.853851945500289e-10
674	0.09898603	1.048117532023915e-11
675	0.10341435	1.3892036744210741e-09
676	0.10178912	2.442261042716981e-10
677	0.10241542	4.809096422544884e-10
678	0.10283783	7.554057738232401e-10
679	0.10150462	1.7895637330903585e-10
680	0.102217	3.884049970139793e-10
681	0.10295288	8.536218423376439e-10
682	0.10312536	1.0246697185622777e-09
683	0.10391996	2.3543125699627657e-09
684	0.10159159	1.968430960360994e-10
685	0.10083428	8.534725935134828e-11
686	0.10069607	7.316551073605894e-11
687	0.10266894	6.30952082627436e-10
688	0.10289672	8.042117829239482e-10
689	0.10229672	4.2326383603236836e-10
690	0.10293508999999999	8.376571420272884e-10
691	0.10209607	3.408273034204049e-10
692	0.10411539	2.8818748542854027e-09
693	0.10351344	1.5412821778354525e-09
694	0.10261455	5.953232938722547e-10
695	0.10193267	2.8550072737153263e-10
696	0.10304858	9.447447047971488e-10
697	0.10117465	1.2446625831389323e-10
698	0.10192904	2.843773739441607e-10
699	0.10475098	5.525731864481752e-09
700	0.10276825	7.014660923696643e-10
701	0.10347729	1.4840041429504801e-09
702	0.10381316	2.1071805545768895e-09
703	0.10326005	1.1811412999875862e-09
704	0.1033639	1.3175136963090643e-09
705	0.10640724	2.8727492635794297e-08
706	0.10282234	7.430571918178846e-10
707	0.10409271	2.81517717124831e-09
708	0.10026107	4.4926360593058145e-11
709	0.10296518	8.648334478515685e-10
710	0.10132099	1.4626148061118025e-10
711	0.10102837	1.0587114258753762e-10
712	0.10204079	3.210263950919725e-10
713	0.1020777	3.3411815323924084e-10
714	0.10505567	7.522374410751978e-09
715	0.10289107	7.993985879385274e-10
716	0.10143742	1.6623578310352273e-10
717	0.10116423	1.2304194964830635e-10
718	0.10543784	1.1039449931394733e-08
719	0.10160456	1.9965647279327204e-10
720	0.10297204	8.711488554310693e-10
721	0.10387971	2.2580186902077706e-09
722	0.10486128	6.180213098636614e-09
723	0.1017042	2.2262406705123707e-10
724	0.10286469	7.772960243894223e-10
725	0.10204075	3.2101248350439936e-10
726	0.1013525	1.5142230180977956e-10
727	0.10331682	1.253882221475168e-09
728	0.10220549	3.836101067962007e-10
729	0.10325889	1.1796988321294914e-09
730	0.10004762	3.530631614544629e-11
731	0.10243825	4.928464607362563e-10
732	0.10204429	3.2224594749501064e-10
733	0.10420769	3.169593175800352e-09
734	0.10333025	1.2717208403327785e-09
735	0.10172509	2.2775773475730964e-10
736	0.10404014	2.6663223227109537e-09
737	0.10382403	2.1311268930866342e-09
738	0.10227115	4.117619189440224e-10
739	0.10255359	5.57728192898676e-10
740	0.1020327	3.182247572196919e-10
741	0.10447489	4.169879454619736e-09
742	0.10310589	1.0037977186501624e-09
743	0.10298395	8.822206632174763e-10
744	0.10283932999999999	7.566121762801529e-10
745	0.10378261	2.041278556169136e-09
746	0.10428442	3.4299663112068216e-09
747	0.10256791	5.663451321860383e-10
748	0.1031509	1.0526933114278065e-09
749	0.10107538	1.1152853791803435e-10
750	0.10139765	1.591294751829661e-10
751	0.10180596	2.487475573851357e-10
752	0.10276067	6.958226859861103e-10
753	0.10338639	1.3490139852357109e-09
754	0.10287514	7.859791514550327e-10
755	0.10408418	2.7904841428919685e-09
756	0.10402428	2.6229432695793786e-09
757	0.10425327	3.32183747936791e-09
758	0.10203941	3.2054678630072507e-10
759	0.10243316	4.901602535838471e-10
760	0.10356536	1.6273440538290422e-09
761	0.10261136	5.932959071777447e-10
762	0.10233401	4.406033928752204e-10
763	0.10452731	4.39948252614317e-09
764	0.10407461999999999	2.7630607680490785e-09
765	0.10266533	6.285240237414671e-10
766	0.10328522	1.2128684451404006e-09
767	0.10493844	6.682390846061591e-09
768	0.10122571	1.3168261371476975e-10
769	0.10271024	6.593916668649241e-10
770	0.1037441	1.961069023951226e-09
771	0.10104506	1.0784671766815128e-10
772	0.1030833	9.801017737032094e-10
773	0.10067776	7.168541597039233e-11
774	0.1036626	1.8013411286169434e-09
775	0.10266606	6.290142776548714e-10
776	0.10322106	1.1335894805903319e-09
777	0.10147983	1.7415645767768644e-10
778	0.10430788	3.5136624729973635e-09
779	0.10403009	2.6387537319405724e-09
780	0.10192764	2.839452823579939e-10
781	0.1035914	1.672258485108353e-09
782	0.10347724999999999	1.4839419319351008e-09
783	0.10214002999999999	3.5742261068496974e-10
784	0.10403997	2.665853657831206e-09
785	0.10288142	7.912429053171164e-10
786	0.10181711	2.5178628386090644e-10
787	0.10280586	7.301361974937181e-10
788	0.10309678	9.941750616893734e-10
789	0.10204351	3.2197376928749073e-10
790	0.10285476	7.691319612755728e-10
791	0.1010573	1.0931847772203105e-10
792	0.10195205	2.915720681033225e-10
793	0.10114076	1.1989210200623004e-10
794	0.10346577	1.4661923175808301e-09
795	0.10272792	6.719462033442378e-10
796	0.10306007	9.563051658984526e-10
797	0.10456145	4.555604474689742e-09
798	0.1043394	3.629259137203514e-09
799	0.10154302999999999	1.8665053704472503e-10
800	0.10321741	1.129235013622086e-09
801	0.10387475	2.2464220349086555e-09
802	0.10159063	1.9663640916689562e-10
803	0.10075512	7.814595823249097e-11
804	0.10215292	3.6243694519900733e-10
805	0.10179291	2.4523662659130435e-10
806	0.10093856	9.583434661665619e-11
807	0.10227005	4.1127404228506243e-10
808	0.10358462	1.6604488678004663e-09
809	0.10419903999999999	3.1414800937500853e-09
810	0.10328425	1.2116304542081193e-09
811	0.103573	1.6403980606675537e-09
812	0.1017038	2.2252688243635176e-10
813	0.10143994	1.6669639999193206e-10
814	0.10392261	2.3607912783861524e-09
815	0.10378764	2.051988984366247e-09
816	0.10288689	7.958558218336997e-10
817	0.10316112	1.0641158747182962e-09
818	0.10351834	1.5492104194397598e-09
819	0.10318606	1.0925016608004141e-09
820	0.10081823	8.383643963293106e-11
821	0.10427554	3.3987964365350527e-09
822	0.10379459	2.0668780742298163e-09
823	0.10268813	6.440140042974537e-10
824	0.10195995	2.94083085200694e-10
825	0.10471319999999999	5.317507082452661e-09
826	0.10144027	1.667568114059682e-10
827	0.10266516	6.284099087039305e-10
828	0.10008	3.662332744500406e-11
829	0.1023969	4.714346314274315e-10
830	0.10153509	1.850338998526015e-10
831	0.10032855	4.8471522493958304e-11
832	0.1009237	9.426616250687043e-11
833	0.101897	2.7464805763098587e-10
834	0.10198445	3.0200585082510226e-10
835	0.10204913	3.239398915988735e-10
836	0.10425942	3.3429184584412394e-09
837	0.10336601	1.3204382035124451e-09
838	0.10403702	2.6577337436837452e-09
839	0.10446404	4.123838155405628e-09
840	0.10186122	2.641681291741501e-10
841	0.10362589999999999	1.7336348008184158e-09
842	0.10268858	6.443234558082275e-10
843	0.10069892	7.339857100223018e-11
844	0.10334933	1.2974914619446968e-09
845	0.10082815	8.476710457921491e-11
846	0.10322208	1.1348092775416122e-09
847	0.10443936	4.020950343629472e-09
848	0.10290893	8.147104229964658e-10
849	0.10226529	4.091693814634481e-10
850	0.10514359	8.219063313062584e-09
851	0.10247831	5.144967613552376e-10
852	0.10316575	1.069330481331751e-09
853	0.10363984	1.7590540369330184e-09
854	0.10223477	3.959231470800798e-10
855	0.10115883	1.223101219039177e-10
856	0.10277671	7.078175544696396e-10
857	0.10264459	6.14750587048406e-10
858	0.10190059	2.757217728614218e-10
859	0.10302148	9.180171539603413e-10
860	0.10290546	8.117132202714709e-10
861	0.10356279	1.6229757121269372e-09
862	0.10448135	4.197529947250193e-09
863	0.10289851	8.057425758508642e-10
864	0.10282397	7.443472690429059e-10
865	0.10232368	4.357315887129128e-10
866	0.10231515	4.317484773929359e-10
867	0.1018783	2.691210479104833e-10
868	0.10187754	2.688987396923658e-10
869	0.10322531	1.138680440552115e-09
870	0.10298115	8.796054095327613e-10
871	0.10286366	7.764452732178203e-10
872	0.10148014	1.7421569465843215e-10
873	0.10256791	5.663451321860383e-10
874	0.10422363	3.2220440853015707e-09
875	0.10139074	1.579254925477268e-10
876	0.1039655	2.4681027019802623e-09
877	0.10430238	3.4938634703179543e-09
878	0.10355794	1.6147631526745269e-09
879	0.10459225	4.701082866514499e-09
880	0.10607318	2.0717629053286384e-08
881	0.10373383	1.940203870877355e-09
882	0.10353165	1.5709478375325446e-09
883	0.10494377	6.718512811724865e-09
884	0.10420102	3.1478936603571776e-09
885	0.10346217	1.4606691004135103e-09
886	0.10105447	1.0897645318736729e-10
887	0.10159701	1.9801401497240204e-10
888	0.10162478	2.04121235334488e-10
889	0.10455409	4.521496599604098e-09
890	0.10365876	1.7941375666775398e-09
891	0.10159544	1.976741370911065e-10
892	0.10312199	1.0210269267421474e-09
893	0.10510364	7.895027113832137e-09
894	0.10399894	2.555061794317005e-09
895	0.10256498	5.645714940350866e-10
896	0.10273782	6.790780041395854e-10
897	0.10328645	1.2144400471309615e-09
898	0.10041226	5.325249046335111e-11
899	0.10053649	6.121165097244499e-11
900	0.10286790999999999	7.799615396817413e-10
901	0.10558202	1.2746180168779024e-08
902	0.10544697	1.11405769035586e-08
903	0.10514227	8.20815250623005e-09
904	0.10430823	3.5149261098269363e-09
905	0.10386341	2.2201268501547912e-09
906	0.10138245	1.5649283702736003e-10
907	0.1045396	4.4550734866174596e-09
908	0.10012661	3.860415709199447e-11
909	0.10307944	9.76107893756577e-10
910	0.10170621	2.23113049489198e-10
911	0.10371978	1.912010044326417e-09
912	0.10170551	2.2294263781391395e-10
913	0.10112349	1.1762495564148754e-10
914	0.10323181	1.1465098827647123e-09
915	0.10268439	6.41447738708672e-10
916	0.10264264	6.134708854202089e-10
917	0.10429171	3.4557635407402953e-09
918	0.1021596	3.6506255900466624e-10
919	0.10243676	4.920586370567621e-10
920	0.10278986	7.178019495050689e-10
921	0.10217348	3.705778638219792e-10
922	0.10425196	3.3173638569236715e-09
923	0.10394436	2.4146277413760673e-09
924	0.10120211999999999	1.2829904367381022e-10
925	0.10243923	4.933652995245056e-10
926	0.10234068	4.4377736497882003e-10
927	0.10031546	4.776301457038232e-11
928	0.10093264	9.52065640678174e-11
929	0.10292295	8.269307702752456e-10
930	0.10152283	1.8256459239703287e-10
931	0.10293479999999999	8.373993312187175e-10
932	0.10257513	5.707389722544962e-10
933	0.10453263	4.423462711304238e-09
934	0.10521912	8.86749671394601e-09
935	0.10247704	5.137963221086481e-10
936	0.10179844	2.467184339469969e-10
937	0.10387846	2.255090646029215e-09
938	0.10343614	1.4213338635394795e-09
939	0.10391417	2.3402175720392936e-09
940	0.10376499	2.0041891542812974e-09
941	0.10173246	2.295964241748024e-10
942	0.10229689	4.2334134821886975e-10
943	0.10392106	2.3569997340990276e-09
944	0.10251273	5.338402659294057e-10
945	0.10162066	2.0320363748308643e-10
946	0.10231122	4.299253656559345e-10
947	0.10385356	2.197530879825345e-09
948	0.1042926	3.4589259421375454e-09
949	0.10299874	8.961614912345633e-10
950	0.10290081	8.077137010096588e-10
951	0.10275712	6.931949622287421e-10
952	0.10266	6.249558115230913e-10
953	0.10449	4.2348346101372595e-09
954	0.10389846	2.3023875895241447e-09
955	0.10357424999999999	1.6425435792711065e-09
956	0.10237307	4.595114119014078e-10
957	0.1025846	5.765526851473312e-10
958	0.10130999	1.4450077389200013e-10
959	0.10208586	3.370822579326587e-10
960	0.10297684	8.755945992375441e-10
961	0.102335	4.410730839627429e-10
962	0.10496836	6.887642861866459e-09
963	0.102275	4.1347395300021e-10
964	0.10434234	3.6402287032546546e-09
965	0.10439055	3.824792793957142e-09
966	0.1019007	2.757547370426472e-10
967	0.10305659	9.527892977998325e-10
968	0.10337251	1.3294872911664961e-09
969	0.10377095	2.0166604218076057e-09
970	0.10270824	6.579860024796413e-10
971	0.1014735	1.7295118368835895e-10
972	0.10542061	1.08510363071435e-08
973	0.10310123	9.98864157543724e-10
974	0.10468498	5.1669872289872e-09
975	0.10178241	2.4244701990688545e-10
976	0.10438035	3.784997216396303e-09
977	0.10267803	6.37106670805407e-10
978	0.10417912	3.077661516133042e-09
979	0.10321036	1.1208705843336906e-09
980	0.10410885	2.8624851894026792e-09
981	0.10299445	8.920957692723833e-10
982	0.1013705	1.544500576673904e-10
983	0.10535304	1.0141929982872172e-08
984	0.10279633	7.227648662727849e-10
985	0.1033598	1.3118490990944789e-09
986	0.1034617	1.4599495162768518e-09
987	0.10439274	3.833390247827485e-09
988	0.1050864	7.75907209275408e-09
989	0.10483583	6.022799636871367e-09
990	0.1032291	1.143239230497143e-09
991	0.10294586	8.472868770330074e-10
992	0.10434555	3.652242642215117e-09
993	0.10244129	4.944576633572225e-10
994	0.10290372	8.102143629573089e-10
995	0.10386397	2.2214182905226036e-09
996	0.10298781	8.858384495143497e-10
997	0.10369972	1.872448727557923e-09
998	0.10235984	4.5301980339794643e-10
999	0.1022228	3.9084337174389524e-10
