Dataset	Random-mean	P-value
0	0.1125777	8.399412829970543e-07
1	0.1140869	1.435298482789181e-06
2	0.1119657	6.739848787967788e-07
3	0.1164564	3.2618802636786455e-06
4	0.1091888	2.431915527681072e-07
5	0.116056	2.844334215132603e-06
6	0.1156852	2.5038903623471847e-06
7	0.117226	4.235827748351676e-06
8	0.1081864	1.6694225700954844e-07
9	0.1101527	3.477522803788129e-07
10	0.1116648	6.044856908922135e-07
11	0.115823	2.625557809860114e-06
12	0.1163254	3.1191724883916387e-06
13	0.1145184	1.6698253745335145e-06
14	0.1119911	6.801927495220823e-07
15	0.1128187	9.155856447892561e-07
16	0.1159253	2.719541084459575e-06
17	0.118629	6.774042789323466e-06
18	0.1133007	1.0870925920505678e-06
19	0.1087649	2.0753303086341974e-07
20	0.1101531	3.478036038691298e-07
21	0.118684	6.898644796284665e-06
22	0.1162735	3.064311711855678e-06
23	0.1110741	4.876418585969171e-07
24	0.1121715	7.259006397533092e-07
25	0.1166132	3.4409589831261267e-06
26	0.109217	2.4576355672913277e-07
27	0.1114091	5.509173739242862e-07
28	0.1192133	8.215662477560116e-06
29	0.113789	1.2922782399317484e-06
30	0.1120072	6.841562333634324e-07
31	0.1179771	5.452257691224483e-06
32	0.1093235	2.55716777846379e-07
33	0.1128636	9.303876554712177e-07
34	0.1148833	1.8966020772924623e-06
35	0.1096866	2.9267273211339436e-07
36	0.1095424	2.774155045429779e-07
37	0.1138084	1.3011575670627656e-06
38	0.1098659	3.1277983575926277e-07
39	0.1164698	3.276826925902669e-06
40	0.1151607	2.0885678279105207e-06
41	0.1078691	1.4806616375492074e-07
42	0.1153993	2.2685372993335974e-06
43	0.1150411	2.003611884221112e-06
44	0.1138887	1.3385406294882737e-06
45	0.1149814	1.9624603964409876e-06
46	0.1140372	1.4104207453091997e-06
47	0.1155767	2.4119303167715877e-06
48	0.115191	2.110635715472692e-06
49	0.1136579	1.2337881692023711e-06
50	0.1117968	6.340758849585503e-07
51	0.1133115	1.091270115103957e-06
52	0.1122235	7.396177127818162e-07
53	0.1188457	7.2778374267877026e-06
54	0.1158116	2.61528031154342e-06
55	0.1099338	3.2073821074580326e-07
56	0.1170318	3.966553252595346e-06
57	0.1115389	5.775094555038608e-07
58	0.1162478	3.0374904007572276e-06
59	0.1169806	3.89834839225322e-06
60	0.115089	2.037229427279991e-06
61	0.1139886	1.386496058742732e-06
62	0.1139852	1.3848370446949067e-06
63	0.1161292	2.916614534534343e-06
64	0.115782	2.588775360215497e-06
65	0.1113555	5.402852420512922e-07
66	0.1115979	5.900030546803969e-07
67	0.1122974	7.59543413569935e-07
68	0.1107159	4.2777023241427335e-07
69	0.1087337	2.051188253835489e-07
70	0.1150233	1.9912560689950005e-06
71	0.1101432	3.4653549995809623e-07
72	0.1166278	3.458106415043255e-06
73	0.1141118	1.4479209606289336e-06
74	0.1197283	9.726316660709207e-06
75	0.1184796	6.4463809480822305e-06
76	0.1184267	6.334049828278607e-06
77	0.1132961	1.0853179673991154e-06
78	0.1122976	7.595980369338434e-07
79	0.1141834	1.4848162241776323e-06
80	0.11418	1.4830438978810395e-06
81	0.1132204	1.0565123248110666e-06
82	0.1132171	1.0552735313221562e-06
83	0.1165885	3.412135306792871e-06
84	0.1142267	1.5075667101165813e-06
85	0.114312	1.5533718390675166e-06
86	0.1138554	1.3229140166555695e-06
87	0.1152128	2.1266516824038024e-06
88	0.113496	1.1650752437399501e-06
89	0.1135565	1.1903088467616581e-06
90	0.1123737	7.806600150904049e-07
91	0.1084798	1.8645903274917044e-07
92	0.1118108	6.372951359126547e-07
93	0.111441	5.573408090139102e-07
94	0.1125107	8.200075082733714e-07
95	0.1119437	6.686522628402962e-07
96	0.1127412	8.905698612217241e-07
97	0.1139712	1.378025959866819e-06
98	0.1141096	1.4468014245817932e-06
99	0.1112213	5.145282123380436e-07
100	0.1142326	1.5106925598964357e-06
101	0.1143616	1.5806203558429142e-06
102	0.111774	6.288667198231699e-07
103	0.1131925	1.0460829670571419e-06
104	0.1163136	3.1066169468208883e-06
105	0.1102783	3.642333916657109e-07
106	0.1157139	2.528774196915881e-06
107	0.1157422	2.553544227400101e-06
108	0.1126968	8.765369806730638e-07
109	0.1099509	3.2277315415006695e-07
110	0.1105462	4.019512763751265e-07
111	0.1128065	9.116031673944581e-07
112	0.1173525	4.420587299994968e-06
113	0.1159073	2.7027729985368964e-06
114	0.1103229	3.7026568878810235e-07
115	0.1137382	1.2693032649413308e-06
116	0.1172766	4.308823234513863e-06
117	0.1116324	5.974292770662923e-07
118	0.1102503	3.6049502201313767e-07
119	0.1122201	7.387132274752751e-07
120	0.1099973	3.283580497628481e-07
121	0.1110704	4.86983869293403e-07
122	0.1112693	5.236014107824742e-07
123	0.1127234	8.849182074006968e-07
124	0.1146286	1.7354023553573824e-06
125	0.1129048	9.44172983112133e-07
126	0.118254	5.980255383493212e-06
127	0.1119095	6.604433416695882e-07
128	0.1174008	4.493154531574278e-06
129	0.1092343	2.473544390668452e-07
130	0.1166413	3.474035014894773e-06
131	0.1142067	1.4970169421599233e-06
132	0.1098339	3.090958170137024e-07
133	0.109036	2.2970243211440287e-07
134	0.1111038	4.929548009082911e-07
135	0.113991	1.3876682813613433e-06
136	0.1142075	1.497437562719319e-06
137	0.1109731	4.6998551490371895e-07
138	0.1118009	6.350170345011657e-07
139	0.1147537	1.8128546604679185e-06
140	0.1123902	7.853005291025313e-07
141	0.1165676	3.387927531739004e-06
142	0.1107588	4.345471312432423e-07
143	0.1171929	4.188722255428884e-06
144	0.1090421	2.302267621561406e-07
145	0.1130554	9.96260610573633e-07
146	0.1086416	1.9814997863407884e-07
147	0.1181131	5.705732980353919e-06
148	0.1132873	1.0819308207238055e-06
149	0.1078514	1.470765304657792e-07
150	0.1150446	2.00605007239563e-06
151	0.1103082	3.682668604744995e-07
152	0.1177558	5.062752875371871e-06
153	0.115843	2.643682506978829e-06
154	0.1163129	3.1058736561950356e-06
155	0.1141731	1.479453386394028e-06
156	0.1102291	3.5768927446329826e-07
157	0.1180562	5.59833652837749e-06
158	0.1143294	1.562878818285255e-06
159	0.1134025	1.1270902462563625e-06
160	0.1132022	1.0496976252978319e-06
161	0.1121538	7.212878814155714e-07
162	0.1157129	2.5279031755574067e-06
163	0.1111007	4.923976451995687e-07
164	0.1180763	5.6360508715837195e-06
165	0.1143534	1.5760839858811439e-06
166	0.1138155	1.3044219049742518e-06
167	0.1168161	3.686759556135638e-06
168	0.1121006	7.075933992488033e-07
169	0.1137623	1.2801532509463226e-06
170	0.1148256	1.8588659755385224e-06
171	0.1114208	5.532649482427532e-07
172	0.115948	2.7408302879291345e-06
173	0.1131812	1.0418872260044806e-06
174	0.1146929	1.7748048382932836e-06
175	0.1141348	1.4596753320938522e-06
176	0.1154151	2.280967867027914e-06
177	0.1123791	7.821758050172962e-07
178	0.1169229	3.822835800888596e-06
179	0.1130437	9.921165397967662e-07
180	0.1169064	3.801501919916464e-06
181	0.1157097	2.5251178475913245e-06
182	0.1155287	2.372293083041459e-06
183	0.1168392	3.7157911849031432e-06
184	0.1173335	4.392350927545975e-06
185	0.1150245	1.9920867325758876e-06
186	0.1130857	1.0070705124348754e-06
187	0.1183859	6.248698039387345e-06
188	0.1108996	4.575270100858078e-07
189	0.109748	2.9941309645617924e-07
190	0.1124221	7.9434786222424e-07
191	0.1155619	2.3996413389075574e-06
192	0.1091553	2.4017003873167706e-07
193	0.1128058	9.113751727032191e-07
194	0.1118012	6.350859520884301e-07
195	0.113744	1.2719063301824976e-06
196	0.1127475	8.925785045913617e-07
197	0.1171995	4.198074526554635e-06
198	0.1133842	1.1197969063796133e-06
199	0.1149564	1.9454707497082177e-06
200	0.1125918	8.441955113393562e-07
201	0.1148185	1.8542728356316102e-06
202	0.1166307	3.461522180092877e-06
203	0.1114698	5.632021768238097e-07
204	0.1101665	3.4952718430245554e-07
205	0.1147137	1.7877344426521438e-06
206	0.1165636	3.383313333720384e-06
207	0.1113768	5.4448635136623e-07
208	0.111776	6.293220039846443e-07
209	0.1085938	1.9462416466275166e-07
210	0.1120675	6.992001094011037e-07
211	0.11452	1.6707601727362801e-06
212	0.1125932	8.446190509145531e-07
213	0.1126995	8.773841985985373e-07
214	0.1140987	1.4412669343065734e-06
215	0.115579	2.4138455219627414e-06
216	0.1104996	3.9512945680320974e-07
217	0.1139887	1.3865448822790598e-06
218	0.1076833	1.379920510158592e-07
219	0.1167169	3.564547284856603e-06
220	0.1162225	3.0113072345052946e-06
221	0.112082	7.02865019475909e-07
222	0.1151108	2.0527085728907335e-06
223	0.1152393	2.1462783018247997e-06
224	0.1122688	7.517712202608005e-07
225	0.1141538	1.4694548177627413e-06
226	0.1125418	8.292028592918376e-07
227	0.1124958	8.156369917594344e-07
228	0.1146278	1.7349174729054917e-06
229	0.1149327	1.929495470722405e-06
230	0.1200797	1.0906131799032107e-05
231	0.1165581	3.3769786786758615e-06
232	0.112447	8.014797734808865e-07
233	0.11029	3.6580658715327016e-07
234	0.1139023	1.3449737429499e-06
235	0.1069211	1.0319084455868562e-07
236	0.1094575	2.68795923506966e-07
237	0.1137445	1.2721309733100747e-06
238	0.1185691	6.640796542740237e-06
239	0.1126253	8.54386697885039e-07
240	0.11624	3.029394855414758e-06
241	0.114701	1.779829174512982e-06
242	0.1127315	8.87485719753533e-07
243	0.1134037	1.12757009620499e-06
244	0.1112899	5.275425996769408e-07
245	0.1134373	1.1410862196531417e-06
246	0.1098087	3.0622425822733246e-07
247	0.1128644	9.306534720924553e-07
248	0.1117431	6.218729060868988e-07
249	0.1096979	2.939020885608061e-07
250	0.1166134	3.441193326115211e-06
251	0.1173281	4.384357531084605e-06
252	0.1154929	2.343139420535191e-06
253	0.1118044	6.358215229858615e-07
254	0.1124579	8.046212024944071e-07
255	0.1095574	2.7896597324701426e-07
256	0.111368	5.427468666134096e-07
257	0.1171885	4.182498534906469e-06
258	0.1110043	4.7537267113607505e-07
259	0.1126068	8.487441297568928e-07
260	0.1130329	9.88306017211984e-07
261	0.1099268	3.1990878103272383e-07
262	0.1123565	7.758508334742873e-07
263	0.1172108	4.214133356516987e-06
264	0.1123721	7.802114373625994e-07
265	0.1168984	3.7911994641688526e-06
266	0.1147174	1.790043910156679e-06
267	0.1136864	1.246281988769989e-06
268	0.1113909	5.472847241167712e-07
269	0.1074722	1.2735231268127403e-07
270	0.1159113	2.706490618728024e-06
271	0.1112341	5.169327541856159e-07
272	0.1157411	2.5525770871807275e-06
273	0.1151686	2.094299986894765e-06
274	0.1158997	2.695723055654358e-06
275	0.1146745	1.763442272055754e-06
276	0.1111274	4.97216409171738e-07
277	0.1113625	5.416624186490484e-07
278	0.1176771	4.930788669989372e-06
279	0.110351	3.741158387843333e-07
280	0.1146014	1.7189894026885091e-06
281	0.1124751	8.096025248103002e-07
282	0.1120721	7.00360766084486e-07
283	0.1114646	5.621394837811841e-07
284	0.1141415	1.4631167023817527e-06
285	0.1110689	4.867173615789391e-07
286	0.1150405	2.00319419585505e-06
287	0.1120921	7.054287793574101e-07
288	0.1066341	9.243474710605694e-08
289	0.1131521	1.031156906400996e-06
290	0.1153673	2.243561016886312e-06
291	0.1090443	2.304161491958836e-07
292	0.1122279	7.407898115818646e-07
293	0.1135275	1.178148290816939e-06
294	0.1099117	3.1812664830732777e-07
295	0.1132526	1.0686738449366294e-06
296	0.1135464	1.1860599377871306e-06
297	0.1129752	9.681861297882875e-07
298	0.1181786	5.831810539601709e-06
299	0.1151085	2.051070121291917e-06
300	0.1100632	3.364511158056471e-07
301	0.1161327	2.9201144663164815e-06
302	0.1142439	1.5166968118036325e-06
303	0.1084242	1.825981960124752e-07
304	0.1116671	6.049896602304798e-07
305	0.1101637	3.491663512157717e-07
306	0.1157149	2.5296455071805784e-06
307	0.1156241	2.4516973828897295e-06
308	0.1154641	2.319936886173149e-06
309	0.1146916	1.7739997373235715e-06
310	0.1139437	1.3647409829263343e-06
311	0.1115569	5.812936946755055e-07
312	0.1141635	1.4744718328839984e-06
313	0.1157339	2.546255416626616e-06
314	0.1150157	1.9860029433863515e-06
315	0.1152095	2.1242197505886275e-06
316	0.1105894	4.083770702144301e-07
317	0.1120386	6.919505646642779e-07
318	0.1126699	8.681392107686325e-07
319	0.1103698	3.7671334346360024e-07
320	0.1137573	1.2778948866339279e-06
321	0.1110379	4.81241013969829e-07
322	0.1102574	3.6143943573460177e-07
323	0.115043	2.0049351176353224e-06
324	0.1114381	5.567538809842804e-07
325	0.1170549	3.997699499721022e-06
326	0.1125807	8.408447002979368e-07
327	0.1172394	4.25504204514068e-06
328	0.1144456	1.6278213144790494e-06
329	0.1209683	1.4532195948204715e-05
330	0.1101082	3.4208808729231325e-07
331	0.1129312	9.531097463058753e-07
332	0.1159319	2.725714432156609e-06
333	0.1201222	1.1057783609616778e-05
334	0.109991	3.275943029979182e-07
335	0.1163567	3.152713512684744e-06
336	0.1103006	3.672375522374808e-07
337	0.1106004	4.1002907878513487e-07
338	0.1133311	1.0988911517594364e-06
339	0.1133749	1.1161079302233975e-06
340	0.1103522	3.7428111774329546e-07
341	0.1143936	1.5984439700604782e-06
342	0.1114549	5.601623314414366e-07
343	0.1103877	3.7920271522088354e-07
344	0.1127976	9.087084746971261e-07
345	0.1148763	1.891985000781873e-06
346	0.114627	1.7344327210278414e-06
347	0.1095592	2.7915259252658237e-07
348	0.112587	8.427449323533377e-07
349	0.1122209	7.389259513556625e-07
350	0.1147769	1.8275798806498809e-06
351	0.1102492	3.6034891825372095e-07
352	0.1157005	2.5171264764800787e-06
353	0.1153177	2.205370355050735e-06
354	0.1143201	1.5577905448873612e-06
355	0.115532	2.3749979438006985e-06
356	0.1150909	2.0385740415932856e-06
357	0.1138054	1.299780638843063e-06
358	0.1154148	2.2807312338831015e-06
359	0.1121827	7.288341571471992e-07
360	0.1102913	3.6598179208700017e-07
361	0.1175745	4.763702920299784e-06
362	0.1160579	2.8461883610181087e-06
363	0.1139578	1.3715370470023496e-06
364	0.1104151	3.830441259533683e-07
365	0.1103426	3.729608623516977e-07
366	0.117695	4.960509961927711e-06
367	0.114093	1.4383808866200546e-06
368	0.1121078	7.094319791427269e-07
369	0.1147741	1.825796601970523e-06
370	0.1169871	3.906944321496809e-06
371	0.114445	1.6274793958797413e-06
372	0.1127328	8.878984589826348e-07
373	0.1107158	4.277545555472046e-07
374	0.11339	1.122103512612541e-06
375	0.1103853	3.7886802284846764e-07
376	0.1110398	4.815749395756111e-07
377	0.1138321	1.3120848744587432e-06
378	0.1125366	8.276584695822521e-07
379	0.112818	9.153566884100987e-07
380	0.1168039	3.6715149623905645e-06
381	0.1118227	6.400439148670428e-07
382	0.1111052	4.932066194314057e-07
383	0.1155028	2.3511667746417384e-06
384	0.1118798	6.533936313730646e-07
385	0.1159376	2.731056811187476e-06
386	0.1123876	7.8456753208863e-07
387	0.1121901	7.307786545237468e-07
388	0.1128233	9.170915915272941e-07
389	0.1120753	7.011692772215174e-07
390	0.1143233	1.559539543711461e-06
391	0.1117806	6.303703669428942e-07
392	0.1152352	2.1432303639036175e-06
393	0.1177276	5.015081839835263e-06
394	0.1129068	9.448471684380881e-07
395	0.1110697	4.86859481466785e-07
396	0.1128496	9.257477140340629e-07
397	0.1119627	6.73255291219501e-07
398	0.110705	4.2606472174183846e-07
399	0.1142344	1.5116474524251623e-06
400	0.1125914	8.440745377126488e-07
401	0.1104271	3.847383295237616e-07
402	0.1132897	1.0828535748486802e-06
403	0.1155712	2.4073564087501644e-06
404	0.1116216	5.950948843461945e-07
405	0.1169404	3.845588397482431e-06
406	0.1124446	8.00789675850726e-07
407	0.1169882	3.908400818595525e-06
408	0.1175759	4.765945802322456e-06
409	0.113848	1.3194654100695032e-06
410	0.1114134	5.517790360683676e-07
411	0.1101599	3.4867722587745796e-07
412	0.113112	1.0165450808475642e-06
413	0.1128633	9.302879931390016e-07
414	0.113983	1.383764585378529e-06
415	0.1125072	8.189788487582953e-07
416	0.11630360000000001	3.096014730022903e-06
417	0.1157664	2.574910772114751e-06
418	0.1118582	6.483123067773673e-07
419	0.114956	1.945200070564812e-06
420	0.1140688	1.4261897797728431e-06
421	0.1124617	8.057191729192622e-07
422	0.1123486	7.736515685042928e-07
423	0.1107221	4.2874328456921616e-07
424	0.1107917	4.398145914796456e-07
425	0.1119052	6.594181445574221e-07
426	0.1124554	8.038996418611815e-07
427	0.1119008	6.583706977838878e-07
428	0.1123779	7.818387173068653e-07
429	0.1116985	6.119106923544204e-07
430	0.1156929	2.5105432775884902e-06
431	0.1107221	4.2874328456921616e-07
432	0.111858	6.482654364036317e-07
433	0.1167486	3.6031711529922026e-06
434	0.115628	2.4549973150485243e-06
435	0.1164998	3.310528804290871e-06
436	0.1160128	2.8024890908001246e-06
437	0.1140021	1.3931022554183122e-06
438	0.1100437	3.340364507421112e-07
439	0.1073747	1.2271111307265397e-07
440	0.1135208	1.1753558776158331e-06
441	0.1141201	1.452152190595578e-06
442	0.1141411	1.4629110280272581e-06
443	0.1144477	1.62901857497291e-06
444	0.1103182	3.6962546843681074e-07
445	0.1132883	1.082315209343823e-06
446	0.11552	2.365176296472113e-06
447	0.1164069	3.207233332390827e-06
448	0.1145335	1.6786676412902845e-06
449	0.110223	3.568858840559378e-07
450	0.1172096	4.2124251964570006e-06
451	0.1143292	1.5627692246563525e-06
452	0.1155681	2.4047820690732585e-06
453	0.110826	4.453719550964836e-07
454	0.1115326	5.761906072279967e-07
455	0.1118389	6.438043745443765e-07
456	0.1157251	2.538549395537752e-06
457	0.1146001	1.7182087179920487e-06
458	0.10971500000000001	2.957719567670356e-07
459	0.1154964	2.345974353679608e-06
460	0.1160422	2.8309020969864985e-06
461	0.1118651	6.49931341837196e-07
462	0.1159915	2.7820758008351744e-06
463	0.1153518	2.2315585360200657e-06
464	0.1144138	1.6097947160500784e-06
465	0.1116623	6.039383584267507e-07
466	0.1115366	5.770276333229346e-07
467	0.1105492	4.0239433242382795e-07
468	0.1098863	3.1515055054483795e-07
469	0.1160895	2.8771967945447504e-06
470	0.1091085	2.3600976656388741e-07
471	0.1119764	6.765933020422467e-07
472	0.1119012	6.584658537329164e-07
473	0.1145466	1.6863752928969728e-06
474	0.1160496	2.838097218775571e-06
475	0.1152213	2.132928105115313e-06
476	0.1136361	1.2243131460099636e-06
477	0.1101935	3.530252193141414e-07
478	0.1142959	1.544624831651115e-06
479	0.1112909	5.277346478128514e-07
480	0.1117391	6.20973072747653e-07
481	0.1107014	4.2550288047952966e-07
482	0.1144365	1.6226429803498189e-06
483	0.1117609	6.258924709028922e-07
484	0.1176382	4.866787413455606e-06
485	0.1120718	7.002850143687395e-07
486	0.1167405	3.593263862803679e-06
487	0.110372	3.770184451312285e-07
488	0.1157714	2.579346748657419e-06
489	0.1115811	5.864191930748309e-07
490	0.1159087	2.7040736062121058e-06
491	0.1137722	1.2846361761047395e-06
492	0.1125044	8.181568186448494e-07
493	0.113849	1.3199309307436289e-06
494	0.1115378	5.772789703004113e-07
495	0.113179	1.0410722473111598e-06
496	0.1113209	5.335276321020952e-07
497	0.1105976	4.0960795504172285e-07
498	0.115597	2.4288847355871365e-06
499	0.1138614	1.325716565009087e-06
500	0.1102439	3.5964576675772117e-07
501	0.1124752	8.096315728979204e-07
502	0.1107794	4.3783810767726253e-07
503	0.1151591	2.0874087260370647e-06
504	0.1127173	8.829893851551188e-07
505	0.1156015	2.4326586111089775e-06
506	0.1133013	1.0873242711929823e-06
507	0.1128004	9.096182062705834e-07
508	0.1133796	1.117970783270233e-06
509	0.1117357	6.202092040543152e-07
510	0.1177703	5.087433683066387e-06
511	0.1149041	1.9103855355751617e-06
512	0.1110285	4.795922531060447e-07
513	0.1111933	5.093059281608279e-07
514	0.1137717	1.2844094030974798e-06
515	0.1110761	4.879978864297802e-07
516	0.1149209	1.921588738179754e-06
517	0.1113107	5.315511520199359e-07
518	0.1162245	3.0133691205090567e-06
519	0.1148715	1.8888252667038107e-06
520	0.1136568	1.2333083816346813e-06
521	0.1169918	3.913171186470269e-06
522	0.11056440000000001	4.046464225646203e-07
523	0.1101049	3.416716218156529e-07
524	0.1125046	8.182155086425646e-07
525	0.1207324	1.347061499780911e-05
526	0.1126699	8.681392107686325e-07
527	0.1157647	2.5734042136522058e-06
528	0.1137336	1.2672424199793117e-06
529	0.1111412	4.997248529752697e-07
530	0.1128928	9.401376143264732e-07
531	0.1184029	6.2841262968434375e-06
532	0.1179108	5.3326432178912506e-06
533	0.1105556	4.033410986696842e-07
534	0.1108984	4.573262805444951e-07
535	0.1110494	4.83265572442476e-07
536	0.1118895	6.556880263040506e-07
537	0.1148796	1.8941602716437283e-06
538	0.1125623	8.353184788749717e-07
539	0.1142456	1.5176020951364777e-06
540	0.1179602	5.421525398215528e-06
541	0.1130725	1.0023474013535166e-06
542	0.1125165	8.217148921240048e-07
543	0.1121753	7.268946592972334e-07
544	0.1147062	1.7830618958180236e-06
545	0.1160718	2.8597883243397844e-06
546	0.1146584	1.7535575637641914e-06
547	0.1162602	3.050403102811669e-06
548	0.1148963	1.9052054660934651e-06
549	0.1145538	1.690626074024555e-06
550	0.1144731	1.6435671185100904e-06
551	0.1161916	2.9796230651786557e-06
552	0.113089	1.0082546428480235e-06
553	0.1096263	2.8619626437314883e-07
554	0.1152804	2.1770636069004432e-06
555	0.1113531	5.398138471000505e-07
556	0.1116791	6.076256601158897e-07
557	0.1136311	1.222149893612865e-06
558	0.1107463	4.325618599738683e-07
559	0.1180833	5.649242389326478e-06
560	0.1151999	2.117160260856914e-06
561	0.1126593	8.648514388782591e-07
562	0.1133347	1.1002965063912503e-06
563	0.1201112	1.1018340028083264e-05
564	0.1090177	2.2813637507029797e-07
565	0.11832960000000001	6.1327313286496115e-06
566	0.1127655	8.983416210811683e-07
567	0.1120477	6.942254225211161e-07
568	0.1161302	2.917614102964354e-06
569	0.1086205	1.9658603761368144e-07
570	0.1149507	1.9416169955463838e-06
571	0.1121258	7.140486468688573e-07
572	0.1161291	2.916514595815955e-06
573	0.1114182	5.527424306500706e-07
574	0.1076811	1.378768447661177e-07
575	0.116421	3.2227090766475605e-06
576	0.115277	2.174500840209988e-06
577	0.1158111	2.614830431662988e-06
578	0.1098888	3.1544227327605313e-07
579	0.1124482	8.01825037679404e-07
580	0.1123606	7.769946034726002e-07
581	0.11509080000000001	2.038503251110519e-06
582	0.1177929	5.126132242644844e-06
583	0.1152079	2.123041596558957e-06
584	0.1110443	4.823667102248208e-07
585	0.1131349	1.024864828821304e-06
586	0.1093877	2.6190422619980545e-07
587	0.1082725	1.7245427487451692e-07
588	0.108506	1.8830566714800816e-07
589	0.1144505	1.6306162428060268e-06
590	0.1120419	6.927746794205345e-07
591	0.1156789	2.498459695051747e-06
592	0.1169322	3.834911020020258e-06
593	0.1175712	4.758420137847039e-06
594	0.112564	8.358275793123937e-07
595	0.1202259	1.1436333977371294e-05
596	0.1125754	8.392492980101634e-07
597	0.1113249	5.343046606159226e-07
598	0.1110455	4.825780616236624e-07
599	0.109511	2.7419683286073704e-07
600	0.111768	6.275027767108214e-07
601	0.1109467	4.654733185032399e-07
602	0.1154279	2.291086267710046e-06
603	0.1161473	2.9347578186246537e-06
604	0.11242390000000001	7.948613597631042e-07
605	0.1159823	2.7733031112504267e-06
606	0.1139342	1.3601804002532253e-06
607	0.114822	1.8565356911082905e-06
608	0.1177132	4.990905750562976e-06
609	0.1142382	1.5136652481563593e-06
610	0.1114907	5.674930108893034e-07
611	0.1126119	8.50296045113271e-07
612	0.106221	7.88414965031807e-08
613	0.1084709	1.8583574484891293e-07
614	0.1059157	7.006431036483411e-08
615	0.1133109	1.0910376245906747e-06
616	0.1139937	1.3889881743070768e-06
617	0.1154491	2.3079400146407424e-06
618	0.1161111	2.8985792006092014e-06
619	0.1138676	1.32861854754602e-06
620	0.1135662	1.1944033052157742e-06
621	0.1128565	9.280317430997327e-07
622	0.1121384	7.172975722863969e-07
623	0.1164782	3.286230041872722e-06
624	0.1098705	3.133128961414598e-07
625	0.1132118	1.0532868873497332e-06
626	0.1126218	8.533164137402716e-07
627	0.1135921	1.2054026258736751e-06
628	0.1109182	4.6064923797619147e-07
629	0.1118987	6.578713470463745e-07
630	0.1094683	2.6987783234441165e-07
631	0.1086245	1.968815972806737e-07
632	0.1148147	1.851819030289933e-06
633	0.1144175	1.6118822156512203e-06
634	0.1161213	2.9087295193625502e-06
635	0.1106809	4.2231714420132083e-07
636	0.1133418	1.1030732635617298e-06
637	0.1140875	1.435601387363542e-06
638	0.1138133	1.3034095762552372e-06
639	0.1148598	1.8811447018028353e-06
640	0.113166	1.0362690103409112e-06
641	0.1137341	1.2674662684121073e-06
642	0.1167863	3.6496294989073555e-06
643	0.1177172	4.99761007995667e-06
644	0.1182233	5.919381777995079e-06
645	0.1086369	1.9780057206267927e-07
646	0.114729	1.7973030548153874e-06
647	0.1129046	9.441055901306253e-07
648	0.1143448	1.5713398152455866e-06
649	0.1129313	9.531437524398384e-07
650	0.1075326	1.3031243572940027e-07
651	0.1117203	6.167606870942653e-07
652	0.1153635	2.240612733839642e-06
653	0.1137475	1.2734796360626288e-06
654	0.1118685	6.507305637208541e-07
655	0.1113706	5.432602452402567e-07
656	0.1152149	2.128200671392977e-06
657	0.1116554	6.024302054389007e-07
658	0.1114662	5.624662595959903e-07
659	0.1113341	5.36095981274619e-07
660	0.1086206	1.9659342136102713e-07
661	0.1099893	3.273885074407944e-07
662	0.1121567	7.220416992066132e-07
663	0.1119071	6.598709488380188e-07
664	0.1104009	3.81048644390041e-07
665	0.11505750000000001	2.0150612427449606e-06
666	0.11206290000000001	6.980413114605724e-07
667	0.1130379	9.90068388342219e-07
668	0.112727	8.860584372235031e-07
669	0.1147354	1.8013202351560555e-06
670	0.1132446	1.065639795584091e-06
671	0.113373	1.1153557125292853e-06
672	0.1073659	1.2230038414863329e-07
673	0.1116644	6.043980854869716e-07
674	0.1107448	4.3232421793402476e-07
675	0.1124637	8.062976332377397e-07
676	0.1176092	4.8195943389331525e-06
677	0.1125026	8.176287916107941e-07
678	0.1124385	7.990382600215389e-07
679	0.1131352	1.0249742561131773e-06
680	0.1094514	2.6818670314445535e-07
681	0.1096176	2.852733823332428e-07
682	0.1154362	2.297670503635169e-06
683	0.1155742	2.409850231401865e-06
684	0.1141817	1.4839298058946753e-06
685	0.1098716	3.1344049736775797e-07
686	0.1150161	1.9862790905188014e-06
687	0.1136167	1.215940310764593e-06
688	0.113644	1.2277386162484219e-06
689	0.1095176	2.7487035229626664e-07
690	0.1155983	2.429974386936367e-06
691	0.1063282	8.216973587616009e-08
692	0.1168566	3.7378041641220044e-06
693	0.1081176	1.6266092509275304e-07
694	0.1144363	1.6225293493377016e-06
695	0.1147278	1.7965507952639022e-06
696	0.1132728	1.076371970162969e-06
697	0.1138667	1.3281969121752573e-06
698	0.1143498	1.5740963760216907e-06
699	0.1129728	9.673578785342444e-07
700	0.1092908	2.526198978197122e-07
701	0.1137056	1.2547675943840642e-06
702	0.1148257	1.8589307458764472e-06
703	0.1143313	1.5639203273797864e-06
704	0.1120603	6.973871598316541e-07
705	0.111227	5.155976459836157e-07
706	0.1145924	1.7135916640576842e-06
707	0.1162118	3.0002991802784565e-06
708	0.1127209	8.841272149317326e-07
709	0.1125208	8.229829271595851e-07
710	0.1136418	1.2267837600006978e-06
711	0.1116935	6.10803516865745e-07
712	0.1103243	3.7045660009775014e-07
713	0.1133581	1.1094736808333355e-06
714	0.1136908	1.2482217031266819e-06
715	0.1088711	2.1595877360919992e-07
716	0.1174604	4.584277497607106e-06
717	0.1109185	4.606997649980869e-07
718	0.1130636	9.991749564253784e-07
719	0.1136168	1.2159833277231597e-06
720	0.1121625	7.235516190329687e-07
721	0.109542	2.7737427317504814e-07
722	0.1142144	1.5010701480875566e-06
723	0.115709	2.5245089510342143e-06
724	0.1163226	3.116188797502698e-06
725	0.1170158	3.945116962918483e-06
726	0.1161397	2.927126457124696e-06
727	0.1127831	9.040114021950147e-07
728	0.1143209	1.5582276172228614e-06
729	0.116277	3.0679820001094807e-06
730	0.1122234	7.395910950073572e-07
731	0.1124923	8.146136284070604e-07
732	0.1148733	1.8900095706824925e-06
733	0.1100865	3.3935849393438627e-07
734	0.1110083	4.760676368451158e-07
735	0.1090501	2.3091616617511154e-07
736	0.1125597	8.345404339316193e-07
737	0.1133836	1.1195585532668024e-06
738	0.1136637	1.2363209375808748e-06
739	0.1115753	5.85186801612221e-07
740	0.1110342	4.805913803912898e-07
741	0.11077	4.363334198313951e-07
742	0.1106087	4.112798729193753e-07
743	0.1088421	2.1362561469252346e-07
744	0.1129	9.425568327935246e-07
745	0.1080025	1.5573536227696678e-07
746	0.1148888	1.9002373943159714e-06
747	0.1106594	4.190008030997027e-07
748	0.1161102	2.897685222363605e-06
749	0.1189677	7.5770795079884884e-06
750	0.1120809	7.025863423953158e-07
751	0.1117301	6.189530469278957e-07
752	0.1151983	2.1159858783519455e-06
753	0.1143632	1.5815069676750226e-06
754	0.1085898	1.9433189054453238e-07
755	0.1149683	1.9535400733147647e-06
756	0.1171302	4.100868599484416e-06
757	0.1123071	7.621970226567502e-07
758	0.1151805	2.102963119240045e-06
759	0.113916	1.3514843046707225e-06
760	0.1093174	2.551362956228401e-07
761	0.1116187	5.944695599485682e-07
762	0.1146168	1.7282635657100998e-06
763	0.1113959	5.482803908956124e-07
764	0.1143125	1.5536442483872324e-06
765	0.1116512	6.0151398243427e-07
766	0.112757	8.956156858806381e-07
767	0.1100364	3.33136822182821e-07
768	0.1103981	3.8065635839688845e-07
769	0.105184	5.2716075699954994e-08
770	0.1167326	3.5836264309318754e-06
771	0.1137052	1.254590243779943e-06
772	0.117075	4.024991920394693e-06
773	0.1110211	4.782981373799467e-07
774	0.111022	4.784553492311284e-07
775	0.1114156	5.522203902131649e-07
776	0.1195036	9.03707263607282e-06
777	0.1095742	2.807124624515078e-07
778	0.1150692	2.023267876665493e-06
779	0.1146885	1.7720813012737367e-06
780	0.1132496	1.0675351006559004e-06
781	0.1106828	4.2261143451637676e-07
782	0.1146914	1.7738759068797137e-06
783	0.1156674	2.488575798665067e-06
784	0.1132558	1.0698897977149511e-06
785	0.11295670000000001	9.618193530285751e-07
786	0.1142905	1.5417017019752222e-06
787	0.113605	1.2109174489268477e-06
788	0.1166326	3.4637618540895065e-06
789	0.1157379	2.5497655928341376e-06
790	0.1119875	6.793095450033253e-07
791	0.1157918	2.597521886213516e-06
792	0.1143881	1.5953668088182197e-06
793	0.1110156	4.773384833994621e-07
794	0.1117391	6.20973072747653e-07
795	0.1157843	2.5908255667792767e-06
796	0.1135104	1.1710340314568159e-06
797	0.1138263	1.309402529013032e-06
798	0.1173218	4.37504956718758e-06
799	0.1081085	1.6210267940158531e-07
800	0.113796	1.2954753595117028e-06
801	0.1110745	4.877130440593257e-07
802	0.1081788	1.664640032543984e-07
803	0.1186666	6.8589894172589184e-06
804	0.1143185	1.5569167547733632e-06
805	0.1120107	6.850208087862582e-07
806	0.1101852	3.519463057776364e-07
807	0.1134985	1.1661076524327616e-06
808	0.111956	6.716286336226358e-07
809	0.1146971	1.7774083409821384e-06
810	0.1088043	2.1062110980949164e-07
811	0.1127444	8.915895784192748e-07
812	0.1096967	2.937713004808712e-07
813	0.1124325	7.973191658419161e-07
814	0.1183018	6.076233399990522e-06
815	0.1133474	1.105268151286517e-06
816	0.1121039	7.084355094571928e-07
817	0.1183727	6.22132131192041e-06
818	0.1132473	1.066662856587829e-06
819	0.109309	2.543390318363982e-07
820	0.1163537	3.149483744978498e-06
821	0.1156726	2.4930403676369727e-06
822	0.1129897	9.732047301646258e-07
823	0.1139702	1.3775406920604205e-06
824	0.1129886	9.728231300821297e-07
825	0.1114781	5.649024239887389e-07
826	0.1103786	3.7793518573484636e-07
827	0.1124872	8.131246617241708e-07
828	0.1136769	1.242103881515562e-06
829	0.1110349	4.807142189489743e-07
830	0.1121414	7.180732286384141e-07
831	0.1134944	1.1644149650991634e-06
832	0.108811	2.1115065134873036e-07
833	0.1137806	1.288451742528881e-06
834	0.1116262	5.960880826957935e-07
835	0.1132268	1.0589188353491997e-06
836	0.112987	9.722683332739273e-07
837	0.1138621	1.3260439017718183e-06
838	0.1136748	1.2411821253122633e-06
839	0.1124848	8.124248814541484e-07
840	0.1152987	2.1909073627850245e-06
841	0.108741	2.0568123639911338e-07
842	0.1160475	2.83605357349153e-06
843	0.1075962	1.335015148998684e-07
844	0.1167392	3.591676245102212e-06
845	0.1138676	1.32861854754602e-06
846	0.11345	1.1462355973435875e-06
847	0.1144072	1.6060775370170915e-06
848	0.1098037	3.056575837287213e-07
849	0.1153989	2.268223449638385e-06
850	0.1108637	4.515585609358203e-07
851	0.11133	5.35296959156429e-07
852	0.1116418	5.994682665687322e-07
853	0.1137592	1.2787526119640278e-06
854	0.1161775	2.9652720435405694e-06
855	0.1124066	7.899393181085147e-07
856	0.1142559	1.523098198058774e-06
857	0.1118917	6.562094867791648e-07
858	0.116819	3.6903922131542217e-06
859	0.1092035	2.445290070462924e-07
860	0.1126376	8.581582756522192e-07
861	0.109808	3.0614486260013446e-07
862	0.1140402	1.4119105517098395e-06
863	0.1133127	1.0917352395778767e-06
864	0.1098026	3.055330516774934e-07
865	0.1126041	8.479236353506631e-07
866	0.1128025	9.103010820100044e-07
867	0.1170527	3.9947230924316086e-06
868	0.1121831	7.28939137183819e-07
869	0.1148208	1.8557595553499006e-06
870	0.1144846	1.6501951724440921e-06
871	0.1134209	1.1344696472863577e-06
872	0.1097474	2.9934650813796926e-07
873	0.1122862	7.564905542455944e-07
874	0.1120011	6.82651921698495e-07
875	0.1162991	3.0912550966634433e-06
876	0.1145612	1.695005693521614e-06
877	0.1125697	8.375367509772793e-07
878	0.1139754	1.3800658856291066e-06
879	0.1136655	1.2371079885552885e-06
880	0.1134835	1.1599264159037512e-06
881	0.1127904	9.063731972705866e-07
882	0.1120099	6.848230985122969e-07
883	0.1159756	2.766931064290023e-06
884	0.1072744	1.1810801479920117e-07
885	0.1139676	1.3762797669562203e-06
886	0.1106595	4.190161694564541e-07
887	0.1138061	1.3001017963196897e-06
888	0.1147382	1.8030804711502697e-06
889	0.1131602	1.0341329349974264e-06
890	0.1111646	5.040062990499942e-07
891	0.1131477	1.0295437650496328e-06
892	0.1174736	4.604697900516989e-06
893	0.1173715	4.448998035649117e-06
894	0.1095694	2.802123878618081e-07
895	0.1151661	2.0924843755730454e-06
896	0.1094454	2.6758877485138016e-07
897	0.1139237	1.3551568577595226e-06
898	0.1137591	1.2787074546833068e-06
899	0.1141164	1.4502645088097827e-06
900	0.1137308	1.2659895733760771e-06
901	0.1112284	5.158606425361617e-07
902	0.1123735	7.806039292525855e-07
903	0.1150106	1.982485307906285e-06
904	0.1101285	3.4466081104319555e-07
905	0.10822760000000001	1.6955817462472485e-07
906	0.1099724	3.25349452698487e-07
907	0.1142741	1.532856708024689e-06
908	0.109301	2.5358197710756074e-07
909	0.1104069	3.818905751568182e-07
910	0.1114181	5.52722343351268e-07
911	0.1141721	1.4789337183348987e-06
912	0.1113879	5.466881634702403e-07
913	0.1147059	1.7828752389575168e-06
914	0.1111743	5.057914683142111e-07
915	0.1081089	1.621271785884143e-07
916	0.1145346	1.679313540545699e-06
917	0.11228	7.548056795341625e-07
918	0.107795	1.4396572717131368e-07
919	0.1188598	7.311833792380209e-06
920	0.1169467	3.853811154974829e-06
921	0.1149129	1.9162460078345444e-06
922	0.111179	5.06658645046771e-07
923	0.1141774	1.4816899660924712e-06
924	0.11838	6.236447213981681e-06
925	0.1114271	5.545330299877678e-07
926	0.1158545	2.6541586753830804e-06
927	0.1105858	4.078378130451097e-07
928	0.1136144	1.2149513258500555e-06
929	0.1111784	5.065478616242907e-07
930	0.1112658	5.22934627280596e-07
931	0.114692	1.7742474232038826e-06
932	0.1123248	7.670622755339795e-07
933	0.1133491	1.1059352900340359e-06
934	0.116485	3.293861091149819e-06
935	0.1133156	1.0928600804218317e-06
936	0.1118147	6.381947368859597e-07
937	0.1104128	3.827202291842852e-07
938	0.112323	7.665661369569019e-07
939	0.1150556	2.0137315716752523e-06
940	0.1161423	2.929735034845469e-06
941	0.1142713	1.5313514849796e-06
942	0.1096615	2.899598274253635e-07
943	0.1144499	1.6302737583082854e-06
944	0.1126088	8.493523976991714e-07
945	0.1144426	1.6261124136679467e-06
946	0.113862	1.3259971346045876e-06
947	0.1104017	3.811607979463803e-07
948	0.1092924	2.5277057803752545e-07
949	0.1144662	1.6396026117537316e-06
950	0.1113916	5.474240121444975e-07
951	0.1145266	1.6746215500004733e-06
952	0.1119138	6.614700790859459e-07
953	0.1174529	4.572713784100439e-06
954	0.1171357	4.108503643273934e-06
955	0.1134613	1.1508361732215545e-06
956	0.1146021	1.7194099129649797e-06
957	0.112056	6.963065934269956e-07
958	0.1072809	1.1840117334869496e-07
959	0.113758	1.278210826113302e-06
960	0.1136496	1.2301723960503912e-06
961	0.1152134	2.127094139845404e-06
962	0.1132392	1.0635965140280249e-06
963	0.1077273	1.4031588327641414e-07
964	0.116329	3.123012700760691e-06
965	0.1200062	1.0648551914175176e-05
966	0.1118582	6.483123067773673e-07
967	0.1082064	1.6820719475080154e-07
968	0.1114066	5.504170058119995e-07
969	0.1146476	1.7469567754071897e-06
970	0.115172	2.0967716536293437e-06
971	0.1148182	1.85407900030197e-06
972	0.1146051	1.7212132231052105e-06
973	0.1157635	2.5723412715179444e-06
974	0.1114252	5.541502969737147e-07
975	0.1131027	1.0131849662971809e-06
976	0.1118583	6.48335743192428e-07
977	0.1093646	2.596613797137305e-07
978	0.1128816	9.363862976924263e-07
979	0.1174442	4.559334982813181e-06
980	0.1093338	2.5669984156863717e-07
981	0.1133168	1.0933258589055671e-06
982	0.1143594	1.5794020469507116e-06
983	0.1152264	2.1367025185921928e-06
984	0.1078367	1.4625951095875231e-07
985	0.1175541	4.731135727771492e-06
986	0.1146236	1.7323739814829546e-06
987	0.117583	4.777336043756774e-06
988	0.1162758	3.0667231393915503e-06
989	0.1132603	1.0716019907762371e-06
990	0.1124949	8.153737226457446e-07
991	0.1132079	1.051827323260096e-06
992	0.1152928	2.1864348407190294e-06
993	0.1092581	2.4955936461403784e-07
994	0.1100797	3.385074848319324e-07
995	0.1168192	3.690642868032908e-06
996	0.1117014	6.125537427669077e-07
997	0.1120309	6.900313126598856e-07
998	0.1106466	4.1703840450081163e-07
999	0.115275	2.1729946878982997e-06
