Dataset	Random-mean	P-value
0	0.11267831	1.1898828274285044e-09
1	0.11243315	8.656962697758348e-10
2	0.11358957	3.803474337017484e-09
3	0.11215046	5.9819431856319e-10
4	0.11298646	1.7689554149645644e-09
5	0.11099508	1.2795818018067998e-10
6	0.11230552	7.329187371856096e-10
7	0.11373915	4.588730444530003e-09
8	0.11259472	1.0678653951118615e-09
9	0.11199569	4.879744318940185e-10
10	0.1143761	1.0105861936584242e-08
11	0.11475205	1.5985828036746195e-08
12	0.11319645	2.312939700697554e-09
13	0.11270912	1.2382086359128745e-09
14	0.11466271	1.4342464142913868e-08
15	0.11189616	4.2786854999284245e-10
16	0.11090918	1.1386687617814806e-10
17	0.11109091	1.456981212240368e-10
18	0.11322412999999999	2.3958462488002574e-09
19	0.11352091	3.4885031390670458e-09
20	0.11267778	1.1890678553104733e-09
21	0.11386183	5.348905807661317e-09
22	0.11269109	1.2097004988044389e-09
23	0.11351496999999999	3.462482393241059e-09
24	0.11534518	3.258870370883032e-08
25	0.11271992	1.2555983036875573e-09
26	0.11336754	2.8740551069712677e-09
27	0.11425431	8.700439763222456e-09
28	0.11341658	3.0580388387052e-09
29	0.11229101	7.191475107466382e-10
30	0.11130815	1.9530821720709112e-10
31	0.11223667	6.69786270880348e-10
32	0.11123983999999999	1.7814986596616282e-10
33	0.11372708	4.519902563532269e-09
34	0.11072122	8.812594150589613e-11
35	0.11335577	2.83153137272639e-09
36	0.1150033	2.1652060062217842e-08
37	0.11284759999999999	1.4801626746393505e-09
38	0.11113984	1.556632927906791e-10
39	0.11228466	7.132007041607513e-10
40	0.11302089	1.8486730361463424e-09
41	0.11404162	6.689140598761345e-09
42	0.11334117	2.7796357521065482e-09
43	0.11339057	2.9590703795382953e-09
44	0.11452926	1.2189893231055106e-08
45	0.11352494	3.5062654734967216e-09
46	0.11221827	6.538352497705074e-10
47	0.11344376	3.1649094046703004e-09
48	0.11205336	5.265014552255772e-10
49	0.11291272	1.6093503529229282e-09
50	0.11176495	3.595865747420781e-10
51	0.11371907	4.4747833153816526e-09
52	0.11325343	2.4867650055864645e-09
53	0.11371781	4.467726007838312e-09
54	0.11277804	1.3533571836713127e-09
55	0.11197277	4.734406051411545e-10
56	0.11263722	1.128291118387855e-09
57	0.11417698	7.908957134500808e-09
58	0.1118212	3.874433315370778e-10
59	0.11161719	2.954153547598835e-10
60	0.11432053	9.439125925377582e-09
61	0.11270308	1.2285861344193703e-09
62	0.11337387	2.8971817843458727e-09
63	0.11200737	4.955478048458574e-10
64	0.11212976	5.821514145097144e-10
65	0.11233165	7.5837141715916e-10
66	0.11272689	1.2669475266942864e-09
67	0.11475551	1.605302796713854e-08
68	0.11376598	4.745407355314343e-09
69	0.11230359	7.310722447097312e-10
70	0.11226941	6.991146966847403e-10
71	0.11230535	7.327559098185973e-10
72	0.11361362	3.9202308718095934e-09
73	0.11220867	6.456610484477159e-10
74	0.11440938	1.052689346656397e-08
75	0.11273095	1.2736045373128198e-09
76	0.11261983	1.1031728789798452e-09
77	0.11463883	1.3931833528226308e-08
78	0.11136568	2.1100563290918938e-10
79	0.11408032	7.017801863872118e-09
80	0.11217676	6.192020249146176e-10
81	0.11404689	6.7329975455443964e-09
82	0.11237872	8.064192041192717e-10
83	0.11304563	1.9081100928820335e-09
84	0.11338441	2.9360932823069563e-09
85	0.11382942	5.1369134692441415e-09
86	0.11256254	1.0242276528062116e-09
87	0.11117011	1.6215916304652552e-10
88	0.11325274	2.484585695334036e-09
89	0.11497894	2.102669382362451e-08
90	0.11253482	9.88038885425732e-10
91	0.11219948	6.379296110090099e-10
92	0.11225082	6.823111661999273e-10
93	0.11406182	6.858772352598355e-09
94	0.11401271	6.453460554903342e-09
95	0.11330488	2.654631557807434e-09
96	0.11162974	3.0039864326477037e-10
97	0.11185108	4.030884621718702e-10
98	0.11013117	3.908362426574437e-11
99	0.11392493	5.786388175054558e-09
100	0.11454702	1.2457078183340958e-08
101	0.1154543	3.7095638105694916e-08
102	0.11410623	7.246584769086771e-09
103	0.11325175	2.4814621149025873e-09
104	0.1145311	1.2217313307286173e-08
105	0.11202524	5.073578158915992e-10
106	0.11476939	1.6325379384246138e-08
107	0.11378244	4.8440967661820934e-09
108	0.11171626999999999	3.3706807682732615e-10
109	0.11197474	4.746729861596223e-10
110	0.10986052	2.6800378660711244e-11
111	0.11256719	1.030423838515715e-09
112	0.11171502	3.3650841091859044e-10
113	0.11160811	2.918604511474451e-10
114	0.11187588	4.1654167852859316e-10
115	0.11382491	5.1080709247305575e-09
116	0.11123209	1.7629902421200081e-10
117	0.11236835	7.955846262030149e-10
118	0.1124295	8.615914178026232e-10
119	0.11075441999999999	9.221547524590602e-11
120	0.11229901	7.267085963485313e-10
121	0.11338927	2.9542067544112943e-09
122	0.11380234	4.966086447743587e-09
123	0.11162772	2.9959103337011273e-10
124	0.11275073	1.306528890033316e-09
125	0.11183823	3.962858949897919e-10
126	0.11344403	3.165989102401403e-09
127	0.11349371	3.370893568767832e-09
128	0.11184356	3.9909376291071836e-10
129	0.11381669	5.055907702741652e-09
130	0.11479655999999999	1.6871584938994544e-08
131	0.11358752	3.793680511417748e-09
132	0.1116422	3.054275487512231e-10
133	0.1140224	6.531538973572158e-09
134	0.11499942	2.1551255617870206e-08
135	0.1153497	3.276433548708338e-08
136	0.1120716	5.39294815630831e-10
137	0.112512	9.591875742996677e-10
138	0.11341717999999999	3.0603595460824174e-09
139	0.11111554	1.506336041761656e-10
140	0.10969316999999999	2.1195055839980018e-11
141	0.11288675	1.5565609925811283e-09
142	0.11451735	1.2013851763002213e-08
143	0.11168238	3.222120683510451e-10
144	0.1146397	1.3946590713492908e-08
145	0.112761	1.3239500633511676e-09
146	0.11250794	9.54141521599471e-10
147	0.11400486	6.3908759465687375e-09
148	0.11473964	1.5747046658137222e-08
149	0.1128479	1.4807339357764258e-09
150	0.1101312	3.9085252878853626e-11
151	0.11409686	7.163021690405775e-09
152	0.11315619	2.197332122162732e-09
153	0.11223377	6.672472301509216e-10
154	0.1136189	3.946328120155457e-09
155	0.11471457	1.5275218319114044e-08
156	0.11236037	7.87344131749475e-10
157	0.11086622	1.0740166205317568e-10
158	0.11351763	3.474111283028657e-09
159	0.11083681	1.0318447405411542e-10
160	0.11222431	6.590299535394084e-10
161	0.11129084	1.908130496968533e-10
162	0.11218751	6.27995017625573e-10
163	0.11420845	8.222206589942727e-09
164	0.11138292	2.1594564507649203e-10
165	0.11390071	5.614490570587236e-09
166	0.11247055	9.088738364131728e-10
167	0.11369021	4.315832552698043e-09
168	0.11187714	4.1723678971063875e-10
169	0.11463514	1.386941151797309e-08
170	0.11459831	1.326111240945471e-08
171	0.11300989	1.8228301913447083e-09
172	0.11105978	1.3968625545168924e-10
173	0.10997083	3.126557276942314e-11
174	0.1138815	5.481700853526757e-09
175	0.11368407999999999	4.282786776768411e-09
176	0.11162008	2.9655568094877874e-10
177	0.11231054	7.377429107923076e-10
178	0.11054979	6.967805960658277e-11
179	0.11184797	4.014316775894557e-10
180	0.1120581	5.297972099156391e-10
181	0.11173424	3.4521521598851506e-10
182	0.11341103	3.0366535481832435e-09
183	0.11260701	1.0850063088956988e-09
184	0.11312301	2.1063125681105967e-09
185	0.11317833	2.260190954651057e-09
186	0.11167516	3.1913091974460817e-10
187	0.11413088	7.470980648479385e-09
188	0.1123565	7.833779044278032e-10
189	0.11161068	2.928623596532912e-10
190	0.11223846999999999	6.713669761404916e-10
191	0.11350286	3.4100186144851768e-09
192	0.11420701999999999	8.207713923403396e-09
193	0.11429947	9.197811927564036e-09
194	0.11501839999999999	2.2048750642225758e-08
195	0.11083843	1.0341248796624168e-10
196	0.11362788	3.9911029538314995e-09
197	0.11364184	4.061694055691735e-09
198	0.11527097	2.9832711011470484e-08
199	0.11116832	1.61767756489576e-10
200	0.11255137	1.0094918917572318e-09
201	0.11179417	3.738033161920846e-10
202	0.11201425	5.000625109130685e-10
203	0.11370786	4.412375731406557e-09
204	0.11432269	9.464222036636143e-09
205	0.11331665	2.694560860998271e-09
206	0.11211299	5.694635412038679e-10
207	0.11268772	1.2044436238257563e-09
208	0.11300531999999999	1.81219769772592e-09
209	0.11205116	5.249786014958417e-10
210	0.11295085	1.6900391728600823e-09
211	0.11273071999999999	1.2732265045990389e-09
212	0.11269892	1.2220012462070312e-09
213	0.11489778	1.9067406131597638e-08
214	0.11247915	9.19096137397205e-10
215	0.1130987	2.0419724285728785e-09
216	0.11307837999999999	1.9896682368354918e-09
217	0.11323580999999999	2.4316938924829076e-09
218	0.1129252	1.63533664812234e-09
219	0.11203673	5.150963246875649e-10
220	0.1111129	1.5009685034978633e-10
221	0.11504088999999999	2.265272168098744e-08
222	0.11295312	1.6949654823753868e-09
223	0.11346383	3.246154261315744e-09
224	0.11228059	7.094144410714038e-10
225	0.11332689	2.729776074927643e-09
226	0.11251174	9.588636479053478e-10
227	0.11211336	5.697405365598557e-10
228	0.11330487	2.6545978799583163e-09
229	0.11218434	6.253894910283461e-10
230	0.11315127	2.1835970384224138e-09
231	0.11258394	1.0530485478420067e-09
232	0.1128664	1.5163809379294277e-09
233	0.11358317	3.772979913036055e-09
234	0.11386006	5.3371112900971864e-09
235	0.11252733	9.784770106933168e-10
236	0.11366475	4.180190122390181e-09
237	0.11353117	3.533898142811268e-09
238	0.11400638	6.4029478692835945e-09
239	0.1120278	5.090720679475472e-10
240	0.11261743	1.0997494981255807e-09
241	0.11162173	2.9720866294501106e-10
242	0.11292695999999999	1.639034198357404e-09
243	0.11207398	5.40986387276127e-10
244	0.11434736	9.75550340247931e-09
245	0.11124155	1.7856080029750308e-10
246	0.11223029	6.642128019991505e-10
247	0.11247612	9.154818027144479e-10
248	0.11396939	6.115388271276158e-09
249	0.11187823	4.1783903143351367e-10
250	0.11290179	1.5869231414938715e-09
251	0.1134403	3.1511050423619275e-09
252	0.1151779	2.6695188157354567e-08
253	0.11223498	6.683054767889898e-10
254	0.11260639	1.0841351892662273e-09
255	0.11392091	5.7575059193437715e-09
256	0.11371569	4.455876299022251e-09
257	0.11335291	2.82129159883347e-09
258	0.11411145	7.2935488170796e-09
259	0.11280054	1.3931662626001285e-09
260	0.1142278	8.420782387820574e-09
261	0.11215668	6.030988502830601e-10
262	0.11420601	8.197492846847447e-09
263	0.11414741	7.625236096729741e-09
264	0.11263398	1.1235692592135294e-09
265	0.11379617	4.927946574842492e-09
266	0.11361997	3.951637381404513e-09
267	0.11174701	3.511216084367548e-10
268	0.11206260999999999	5.329517722452008e-10
269	0.11310884	2.068572779330787e-09
270	0.1114448	2.3462725355188837e-10
271	0.11235244999999999	7.792481179547635e-10
272	0.1125273	9.784388945711628e-10
273	0.11374627	4.629809703019208e-09
274	0.11494375	2.0154229535457406e-08
275	0.1123639	7.909790200881659e-10
276	0.11316091	2.21058812508039e-09
277	0.11377721	4.812524212927418e-09
278	0.11224625	6.782411918273387e-10
279	0.11113537	1.5472589479220658e-10
280	0.11424598	8.611604515480125e-09
281	0.11195176	4.6049043679428017e-10
282	0.11342678	3.0977254391348507e-09
283	0.11575399	5.2817516077371895e-08
284	0.11319847	2.3188940101318484e-09
285	0.11160511	2.906951511708948e-10
286	0.11258131	1.0494642754306597e-09
287	0.1137819	4.840827556304126e-09
288	0.11263219	1.1209688641793908e-09
289	0.11184321	3.989087857497552e-10
290	0.11209126	5.534246279498159e-10
291	0.11250332	9.484310175275576e-10
292	0.1110265	1.3352788353860193e-10
293	0.1123175	7.444827979780301e-10
294	0.11317641	2.2546709853012383e-09
295	0.11143054	2.3018665198107526e-10
296	0.11337466	2.9000807686993723e-09
297	0.11218533	6.262020671658242e-10
298	0.11114605	1.5697482071120117e-10
299	0.11284973	1.484223295240418e-09
300	0.11293080999999999	1.6471510791596047e-09
301	0.11282307	1.4341738624966268e-09
302	0.11296752	1.726544336191925e-09
303	0.11312458	2.1105351806691197e-09
304	0.11221438	6.50510873120486e-10
305	0.11383663	5.183353354280242e-09
306	0.11287033	1.5240607623820366e-09
307	0.11260493	1.0820865418027438e-09
308	0.11230025	7.278875005204585e-10
309	0.11249210999999999	9.347135079656257e-10
310	0.11228624	7.14675873207644e-10
311	0.11210784	5.656217123044335e-10
312	0.1117128	3.355166850046627e-10
313	0.11349439	3.3737860929613152e-09
314	0.11069919	8.551096704012419e-11
315	0.11350539	3.4209147622105654e-09
316	0.11374194	4.604784981253799e-09
317	0.11188547	4.218608820637247e-10
318	0.11273176	1.2749367432432034e-09
319	0.11191306	4.375373183625986e-10
320	0.11207778	5.436979785508665e-10
321	0.11028336	4.826271708486005e-11
322	0.11345696	3.218117512490332e-09
323	0.11243307	8.656060958579302e-10
324	0.111682	3.220491793604174e-10
325	0.1142823	9.00552852533315e-09
326	0.11104939	1.3773433567799874e-10
327	0.11316678	2.227182834854725e-09
328	0.11310686	2.0633521841816752e-09
329	0.11127634	1.871257018258601e-10
330	0.11255369999999999	1.0125484871165022e-09
331	0.11349909	3.3938448614830675e-09
332	0.11152821	2.623314373478544e-10
333	0.11376586	4.744695119936116e-09
334	0.11189804	4.2893370943316737e-10
335	0.11215432	6.012333548057143e-10
336	0.11191734	4.400196994980361e-10
337	0.11330996	2.671793930592382e-09
338	0.1109097	1.1394742257517207e-10
339	0.11305273	1.925509491160635e-09
340	0.11148958	2.491240028599243e-10
341	0.11306223	1.949032891773812e-09
342	0.11366257	4.168771014615441e-09
343	0.11202282	5.057425040675891e-10
344	0.11209572	5.566801031897376e-10
345	0.11355111	3.6237763177708337e-09
346	0.11155264	2.71035171890311e-10
347	0.11262389	1.108987820714973e-09
348	0.1121022	5.61443428205807e-10
349	0.11282798	1.4432659646722293e-09
350	0.11252342	9.735214203851319e-10
351	0.1112508	1.807998327697522e-10
352	0.112738	1.2852454065923022e-09
353	0.11312596	2.11425360080608e-09
354	0.1131191	2.0958321992580612e-09
355	0.11366176	4.164535893006485e-09
356	0.11386258	5.353911147259856e-09
357	0.11271719	1.2511801797780556e-09
358	0.11294082	1.668439142024346e-09
359	0.11201476	5.003987736714258e-10
360	0.11181519	3.843690534804387e-10
361	0.11442652	1.0750351851309525e-08
362	0.11021858	4.412255581136878e-11
363	0.11155896	2.73332444290049e-10
364	0.11287889	1.5409200469543612e-09
365	0.11477604	1.6457453248691353e-08
366	0.11170524	3.321608625117555e-10
367	0.11583805	5.8283345200602496e-08
368	0.11140567	2.2263813320379801e-10
369	0.11163079	3.008192816928135e-10
370	0.11123993	1.7817147098242745e-10
371	0.11180515	3.7928647824559544e-10
372	0.11051092	6.605419021841483e-11
373	0.11378528	4.861325859519032e-09
374	0.11369786999999999	4.357476002361632e-09
375	0.11128355	1.8895039750420424e-10
376	0.1139741	6.151291951681975e-09
377	0.11255319999999999	1.0118918041057948e-09
378	0.11583947	5.838023941461169e-08
379	0.11369567	4.3454757922218905e-09
380	0.11200865	4.963847205466582e-10
381	0.11276354	1.3282935904371489e-09
382	0.11243169	8.640520401728657e-10
383	0.11164366	3.060221761048382e-10
384	0.11229326	7.212662570431573e-10
385	0.11144643	2.3514014958312643e-10
386	0.11237681	8.044128576146565e-10
387	0.11322665999999999	2.403567156397536e-09
388	0.11183584	3.9503311740646677e-10
389	0.11194889	4.5874854367460196e-10
390	0.1149235	1.9668247365267425e-08
391	0.11097181	1.2398052141959838e-10
392	0.11327639	2.5603559969120765e-09
393	0.11305515	1.931475317644684e-09
394	0.11202569	5.076587397045185e-10
395	0.11239214	8.206547385992528e-10
396	0.11394124	5.905025714959131e-09
397	0.11219446	6.337446522915144e-10
398	0.11285786	1.4998225531673743e-09
399	0.11324135	2.4488795194158813e-09
400	0.11402558	6.557362339494552e-09
401	0.11178344999999999	3.685248485116714e-10
402	0.11404413	6.709993981139677e-09
403	0.11168892	3.250281408355965e-10
404	0.11288741	1.557881389279594e-09
405	0.11392334999999999	5.775019632656934e-09
406	0.11502017	2.2095710556613495e-08
407	0.11033634	5.192986458478441e-11
408	0.11545845	3.7278490998499116e-08
409	0.11270586	1.2330059244944355e-09
410	0.11227584	7.050204314708249e-10
411	0.11315924	2.2058890707542856e-09
412	0.11323795	2.438318383197528e-09
413	0.11285769	1.4994947360653264e-09
414	0.11358098999999999	3.7626473113851746e-09
415	0.1128448	1.4748412747436218e-09
416	0.11230295	7.304609410681385e-10
417	0.11436036	9.91249069750123e-09
418	0.11408873	7.091278674742006e-09
419	0.11340077	2.99750327593759e-09
420	0.11276922	1.338057109529792e-09
421	0.11426886	8.857754738670957e-09
422	0.11382686	5.120522217081016e-09
423	0.11271405	1.2461173083637394e-09
424	0.11256001	1.0208717053565987e-09
425	0.11113336	1.5430618430636475e-10
426	0.11355081	3.6224077077235593e-09
427	0.11313041	2.1262877790635783e-09
428	0.11269277999999999	1.2123451690340551e-09
429	0.11321258	2.360905093220818e-09
430	0.1118622	4.0906730330595174e-10
431	0.11083983	1.036099346275958e-10
432	0.11311526	2.0855890209950604e-09
433	0.11263787	1.1292407374593167e-09
434	0.11450612	1.185013067957244e-08
435	0.11189132	4.2513822298906246e-10
436	0.11349822	3.390123099974859e-09
437	0.11282855	1.4443251039313843e-09
438	0.11284608	1.477271591853194e-09
439	0.11257642	1.0428316459216577e-09
440	0.11249305	9.358562836846439e-10
441	0.11501697	2.2010882200872665e-08
442	0.11276687	1.3340091518296008e-09
443	0.11188879	4.237177976282507e-10
444	0.11235096	7.777341261956938e-10
445	0.11465536	1.4214837287346054e-08
446	0.11404941	6.754067922181395e-09
447	0.11155998	2.7370498838733126e-10
448	0.11350101	3.4020725168976377e-09
449	0.1141128	7.305742890121657e-09
450	0.11227411	7.034267066539573e-10
451	0.11329839	2.6328620951375765e-09
452	0.11327782	2.5650090696732105e-09
453	0.11521845	2.8020610749790952e-08
454	0.11298732	1.770905111332983e-09
455	0.11305114	1.9215995939728907e-09
456	0.11285707	1.4982997607880317e-09
457	0.11241656	8.471915877015197e-10
458	0.1111833	1.6507206238575544e-10
459	0.11374342999999999	4.613381336281198e-09
460	0.11209519	5.562922634051479e-10
461	0.11445443	1.112414455070752e-08
462	0.11390427	5.6394413171292885e-09
463	0.11294141	1.6697022340218402e-09
464	0.11090173	1.1271900003526558e-10
465	0.11351466	3.4611296201830062e-09
466	0.11096085	1.2214928244161865e-10
467	0.11334138	2.7803755738772625e-09
468	0.11323917	2.4421028428091566e-09
469	0.11242988	8.620178834230991e-10
470	0.11554394999999999	4.124666350032838e-08
471	0.11431441	9.368371836993018e-09
472	0.11292206	1.6287601051871405e-09
473	0.11139697999999999	2.2005811918062796e-10
474	0.11125639	1.8216623739235128e-10
475	0.11008514999999999	3.666210698561524e-11
476	0.11303372	1.879267391689872e-09
477	0.11300434	1.8099255432901814e-09
478	0.11100087	1.2896715579720572e-10
479	0.11374883	4.644667257217089e-09
480	0.11311737	2.0912113686821226e-09
481	0.11277651	1.3506908918245973e-09
482	0.11338564	2.9406672852593845e-09
483	0.11375899	4.704093014033687e-09
484	0.1137065	4.404862415763967e-09
485	0.11177234	3.6313131663659735e-10
486	0.11319317	2.3033030973128904e-09
487	0.11328272	2.5810158491483904e-09
488	0.11343842	3.143629059598827e-09
489	0.11085017999999999	1.05081132856796e-10
490	0.11060648	7.531505189594954e-11
491	0.11402696	6.5685996463301195e-09
492	0.11150022	2.5269538360746003e-10
493	0.11026394	4.698313463283081e-11
494	0.11311958999999999	2.097142800087652e-09
495	0.11333184	2.7469597110972786e-09
496	0.11513395	2.5327492756971693e-08
497	0.11258544	1.055098163870289e-09
498	0.11320732	2.3451578328427065e-09
499	0.11284997	1.4846815114936607e-09
500	0.11358707999999999	3.791581631238006e-09
501	0.11132902	2.0086587791925752e-10
502	0.11298858	1.7737654334297442e-09
503	0.11155044	2.7023993125400936e-10
504	0.11321621999999999	2.37186281993342e-09
505	0.11398354	6.223871501705687e-09
506	0.11384336	5.227070804601875e-09
507	0.11320463	2.337144250702789e-09
508	0.11334821	2.804542444088895e-09
509	0.11510903	2.458253534869922e-08
510	0.11212197	5.762236302399568e-10
511	0.1131458	2.1684249215621863e-09
512	0.11126774	1.8497178252923304e-10
513	0.1139855	6.239045308402505e-09
514	0.1117881	3.708054649522631e-10
515	0.11433627	9.623497793157864e-09
516	0.1143241	9.480639274358455e-09
517	0.11465689	1.424131305094284e-08
518	0.11299404	1.7862123849313586e-09
519	0.11278614	1.3675587409257646e-09
520	0.11181149	3.824882863224048e-10
521	0.11259387	1.0666897299557181e-09
522	0.11252667	9.776387911314788e-10
523	0.11470494	1.5097660594723373e-08
524	0.11204063	5.177491226617007e-10
525	0.11284827	1.481438787785357e-09
526	0.11220057	6.388418616395767e-10
527	0.1132701	2.539986622699964e-09
528	0.11288134	1.5457788644149133e-09
529	0.11321831	2.378176902375772e-09
530	0.11294234	1.6716951060094597e-09
531	0.1127219	1.2588121900340713e-09
532	0.11270904	1.23808070567301e-09
533	0.11274535	1.2974923013112065e-09
534	0.11221727	6.529790713506001e-10
535	0.11481661	1.7286020112620955e-08
536	0.11318137	2.2689578990728932e-09
537	0.11175742	3.560095103917111e-10
538	0.1116198	2.964450113185946e-10
539	0.1132092	2.3507743207442445e-09
540	0.11220485	6.424362642181086e-10
541	0.11503809	2.257665927609509e-08
542	0.11262145	1.1054895455063359e-09
543	0.11327597	2.5589909261786033e-09
544	0.11223861	6.714900726508331e-10
545	0.11292942	1.6442160508078981e-09
546	0.11264965	1.1465867062926184e-09
547	0.11393374	5.850179742529105e-09
548	0.11300754	1.8173551301619306e-09
549	0.11324479	2.4596103443426633e-09
550	0.11367541	4.23646933616073e-09
551	0.11311696	2.0901177174435404e-09
552	0.11249381	9.367812282524728e-10
553	0.1132	2.3234139142765016e-09
554	0.11301688	1.8392109701102955e-09
555	0.11332151	2.7112186963817317e-09
556	0.11296393	1.7186182013047695e-09
557	0.11350773	3.4310228574955162e-09
558	0.11266365	1.1675403730009206e-09
559	0.11186259999999999	4.092839782723227e-10
560	0.11174289	3.492052984066372e-10
561	0.11202631	5.080736318181622e-10
562	0.11086214999999999	1.0680813965597851e-10
563	0.11380506	4.9829914150666e-09
564	0.11196788	4.703950581907192e-10
565	0.11532662	3.187707236892874e-08
566	0.11074206	9.067170781962914e-11
567	0.11327432	2.5536350224515193e-09
568	0.1131661	2.225254238579716e-09
569	0.11276677	1.3338371639509502e-09
570	0.11504295	2.2708840995546033e-08
571	0.11337646	2.906696627126413e-09
572	0.11222694	6.613044772096121e-10
573	0.11515126	2.585783287939789e-08
574	0.1147017	1.503837451042014e-08
575	0.11159647	2.87364470310389e-10
576	0.11287778	1.5387236185363428e-09
577	0.11479821	1.6905322128030606e-08
578	0.11274923	1.3040032316988548e-09
579	0.11269192	1.2109986553653501e-09
580	0.11373626	4.572158040334228e-09
581	0.11425075	8.662365434286372e-09
582	0.11056304	7.095734781707666e-11
583	0.11373533	4.566837477621864e-09
584	0.11081178	9.972348819076839e-11
585	0.11233786999999999	7.645563671285697e-10
586	0.11537765	3.38709929739289e-08
587	0.11198904999999999	4.837196189121829e-10
588	0.11293508	1.656199357165561e-09
589	0.11150834	2.5545458170593833e-10
590	0.11239604	8.248376091679715e-10
591	0.11327712	2.5627303113654285e-09
592	0.11377411	4.793904904803138e-09
593	0.111348	2.060544877805278e-10
594	0.11395215	5.985704313926703e-09
595	0.11192542999999999	4.4474955299683834e-10
596	0.1125145	9.623077144452238e-10
597	0.11471607	1.5303057638571793e-08
598	0.11240315	8.325169999831513e-10
599	0.11326927	2.5373106137763825e-09
600	0.11442423	1.0720231301820398e-08
601	0.11478889	1.671561652999738e-08
602	0.11205845	5.300413657034974e-10
603	0.1127097	1.23913651647904e-09
604	0.1124491	8.838593167008114e-10
605	0.11215225	5.996017401017139e-10
606	0.1116143	2.942793203005988e-10
607	0.11356523	3.6887660361721233e-09
608	0.1125585	1.0188738718680186e-09
609	0.11148422	2.47343648195618e-10
610	0.11373026	4.537937851615909e-09
611	0.11345439	3.207690085303927e-09
612	0.11261619	1.0979848209158103e-09
613	0.11338816	2.95006014192828e-09
614	0.11282769	1.4427273955784093e-09
615	0.11298666	1.7694086455738868e-09
616	0.11334309	2.786406994964592e-09
617	0.11214833	5.965237744773365e-10
618	0.11070801	8.654864996633545e-11
619	0.11134801	2.0605725579279793e-10
620	0.11045281	6.097860009358039e-11
621	0.11197424	4.743599022841646e-10
622	0.11369043	4.317023146172564e-09
623	0.11141998	2.269513680329112e-10
624	0.11280411	1.3995869006744634e-09
625	0.11340729	3.022324942533528e-09
626	0.11326055	2.5093622086415418e-09
627	0.1141097	7.277771205833172e-09
628	0.11478656	1.6668514848182866e-08
629	0.11299694	1.7928580446720922e-09
630	0.11123633	1.7730926840105836e-10
631	0.1121234	5.77307344357083e-10
632	0.11238110999999999	8.089366546976519e-10
633	0.11426821	8.850668158860996e-09
634	0.11372913999999999	4.531577808043905e-09
635	0.11239038999999999	8.187845559208973e-10
636	0.11379594	4.926530365789496e-09
637	0.11307399	1.9785413181666507e-09
638	0.11135085	2.0684484640346872e-10
639	0.11367445	4.231370906805461e-09
640	0.11563469	4.590658149691884e-08
641	0.11481416	1.7234851912714278e-08
642	0.11477867	1.6509973465910845e-08
643	0.11370648	4.404752018982393e-09
644	0.11160979	2.925150148101188e-10
645	0.1121405	5.90421879974276e-10
646	0.11250899	9.554440424104673e-10
647	0.11295687	1.7031343955599367e-09
648	0.11234175	7.684394489486961e-10
649	0.11213549	5.86549669844382e-10
650	0.11195272	4.610745336742119e-10
651	0.11297751	1.7487889914947623e-09
652	0.11160008	2.8875154155804793e-10
653	0.11299435	1.7869216331106138e-09
654	0.11286936	1.5221617093626396e-09
655	0.11382649	5.118157391305523e-09
656	0.11254294	9.985081987800572e-10
657	0.11267063	1.178126584907611e-09
658	0.11371025	4.4256095738554635e-09
659	0.11279163	1.3772669081987704e-09
660	0.1123857	8.13792986681172e-10
661	0.11235068	7.774499388176726e-10
662	0.11181687	3.8522600750957035e-10
663	0.11126319999999999	1.838445236324864e-10
664	0.11219881	6.37369502048333e-10
665	0.11130999999999999	1.9579472582764245e-10
666	0.11215380999999999	6.00830960158475e-10
667	0.11200978	4.971247090548472e-10
668	0.11273559	1.2812543997015301e-09
669	0.11313531	2.1396162637194693e-09
670	0.11333841	2.7699302184086086e-09
671	0.11134516	2.0526984382778753e-10
672	0.11137325	2.1316099153542026e-10
673	0.11280634	1.4036122093651343e-09
674	0.11495192	2.0353592976107226e-08
675	0.11139808	2.203830780005798e-10
676	0.11322812	2.4080337468451397e-09
677	0.11257512	1.0410752741024108e-09
678	0.11224988	6.814720701116051e-10
679	0.11156303	2.7482193566077025e-10
680	0.11349226	3.364733764953354e-09
681	0.11132677	2.002593363165263e-10
682	0.11128258	1.887039008860848e-10
683	0.11517469	2.659291011112773e-08
684	0.11508476	2.3877517053979003e-08
685	0.11163228	3.014171771978163e-10
686	0.11116827	1.617568366390447e-10
687	0.11169572	3.2798170548918317e-10
688	0.11336457	2.8632663949054284e-09
689	0.11248022	9.203758157942899e-10
690	0.11338917999999999	2.95387033079784e-09
691	0.11245350999999999	8.88946585299369e-10
692	0.11132245	1.9909979916675833e-10
693	0.1136443	4.074259049913973e-09
694	0.11388546	5.508821469300808e-09
695	0.11240119999999999	8.304039100864224e-10
696	0.11306943	1.9670478547303546e-09
697	0.11265183	1.149825166983523e-09
698	0.11358512	3.7822458285771895e-09
699	0.11083372	1.0275092364400532e-10
700	0.11157637	2.7975986119551387e-10
701	0.11204164	5.184383048007087e-10
702	0.11196981	4.715947877962105e-10
703	0.11175544	3.550747239042556e-10
704	0.1126693	1.1761022347986953e-09
705	0.11165863	3.121848799953509e-10
706	0.11211815	5.733384199718527e-10
707	0.11442436	1.0721938999010984e-08
708	0.11168104	3.2163802918857465e-10
709	0.11276661	1.3335620284016025e-09
710	0.11338926	2.9541693721633476e-09
711	0.11279875	1.3899577906461477e-09
712	0.11311408	2.082451207287463e-09
713	0.11404293	6.7000163428089664e-09
714	0.11381657	5.055150056125513e-09
715	0.11140847	2.234757286476587e-10
716	0.11105078	1.379939120346964e-10
717	0.11155224	2.7089041251385565e-10
718	0.11247677	9.162559827323442e-10
719	0.11241295	8.432164717238153e-10
720	0.11159754	2.8777491527499455e-10
721	0.11318976	2.293326114061651e-09
722	0.11207766	5.436121464555536e-10
723	0.11205934	5.306627148080755e-10
724	0.11217272	6.159287164009123e-10
725	0.11373193	4.547437302299394e-09
726	0.11135579	2.0822183820779058e-10
727	0.11234287999999999	7.69573967126237e-10
728	0.11526279	2.9543167249450375e-08
729	0.11411458	7.321851376252685e-09
730	0.11360282	3.867373449572656e-09
731	0.11330209	2.6452515923179693e-09
732	0.11304246999999999	1.9004155960161933e-09
733	0.11310752	2.0650909515776955e-09
734	0.11252038	9.696854380072437e-10
735	0.11282355	1.435060230127478e-09
736	0.11276583	1.3322215363812306e-09
737	0.11316179	2.2130682036767723e-09
738	0.11356944	3.7083623786225644e-09
739	0.11081167	9.970853203730727e-11
740	0.11181775	3.8567563393371316e-10
741	0.11332457	2.721758482769959e-09
742	0.11110958	1.4942450026824312e-10
743	0.11429648	9.164042291148185e-09
744	0.1118613	4.085801948622669e-10
745	0.11241402	8.443927867009118e-10
746	0.11359961	3.851797530116368e-09
747	0.11369328	4.3324757299260675e-09
748	0.11183469	3.944316980532492e-10
749	0.11117141	1.624440060133398e-10
750	0.11387082	5.409204757159741e-09
751	0.11383433	5.168494675267224e-09
752	0.11339183	2.9637918115083384e-09
753	0.11314929	2.178093190465558e-09
754	0.11268744	1.2040078564997907e-09
755	0.11519189	2.7145426752799324e-08
756	0.11214948	5.974251439772105e-10
757	0.11190785	4.345340249601013e-10
758	0.11343438	3.1276221626020746e-09
759	0.11580235	5.5898026417311623e-08
760	0.11274547	1.2976931935034462e-09
761	0.1135449	3.595548683639123e-09
762	0.11487786999999999	1.861459361886259e-08
763	0.11268261	1.1965150726583782e-09
764	0.11382051	5.080084072875394e-09
765	0.11262865	1.1158434874797885e-09
766	0.11397035999999999	6.122765703156128e-09
767	0.11315938	2.2062826286611597e-09
768	0.11294731	1.6823846287689064e-09
769	0.11373939	4.5901093311572626e-09
770	0.11192839	4.4649252786450527e-10
771	0.11299162	1.7806851150244455e-09
772	0.11380621	4.990155602636713e-09
773	0.11434832	9.767013001499935e-09
774	0.11341543	3.0535956154503944e-09
775	0.11281745	1.4238356786196973e-09
776	0.11266236	1.1655940974716802e-09
777	0.11273852	1.2861081283903086e-09
778	0.11337524	2.902210938946289e-09
779	0.11387975	5.4697572521105305e-09
780	0.11173722999999999	3.465893754649058e-10
781	0.11318874	2.2903500025276547e-09
782	0.11292222	1.6290945901746263e-09
783	0.11274345	1.2943155543369954e-09
784	0.11209252	5.543424444109313e-10
785	0.11273294	1.2768799243182628e-09
786	0.11260687999999999	1.0848235981251107e-09
787	0.11410024	7.19305618207353e-09
788	0.11346683	3.2584720166001335e-09
789	0.1135217	3.4919781531426064e-09
790	0.11364969999999999	4.101973857150817e-09
791	0.11094445	1.1945849383303482e-10
792	0.11335526	2.829702745579721e-09
793	0.11547101	3.783725035753184e-08
794	0.11151851	2.589520005206122e-10
795	0.11431	9.317707860859568e-09
796	0.11339998	2.9945092890083632e-09
797	0.1133696	2.881561478117893e-09
798	0.11277413	1.346553523722912e-09
799	0.11429337	9.12904552309284e-09
800	0.11385805	5.323748264847547e-09
801	0.11343891	3.145575917678783e-09
802	0.11347831	3.3060305460382406e-09
803	0.11327848	2.567159424668188e-09
804	0.11312739	2.1181134942971142e-09
805	0.11311921999999999	2.096153088766432e-09
806	0.11188283	4.2038998304757217e-10
807	0.11166386	3.143664124800509e-10
808	0.11202481	5.070704294843911e-10
809	0.11187129	4.1401905548400324e-10
810	0.11282467	1.4371305028060015e-09
811	0.11209945	5.594171065085163e-10
812	0.11365722	4.140875868629548e-09
813	0.11048392	6.364637492264046e-11
814	0.11299668	1.792261242894084e-09
815	0.1119645	4.683011658636199e-10
816	0.11189892	4.294331855867303e-10
817	0.11376703	4.7516438642064555e-09
818	0.11181503	3.8428753615406575e-10
819	0.11169482	3.275892896929934e-10
820	0.11274149	1.2910464517982841e-09
821	0.11483702999999999	1.7718282182584395e-08
822	0.11272827	1.2692064317359963e-09
823	0.1128982	1.5796236572892633e-09
824	0.11295576	1.7007123994370992e-09
825	0.11268677	1.2029657527605487e-09
826	0.11130198	1.9369418652023248e-10
827	0.11321915	2.380719239753211e-09
828	0.11357122	3.716678283068755e-09
829	0.11273117	1.2739662364317386e-09
830	0.11191342	4.3774558797840286e-10
831	0.11118071	1.6449606877705598e-10
832	0.1111866	1.6580881604369443e-10
833	0.11276458	1.3300760566956947e-09
834	0.11062378	7.712260871118495e-11
835	0.11222164999999999	6.567372659501771e-10
836	0.11366168	4.164117837182282e-09
837	0.11280115	1.3942613044815743e-09
838	0.1107395	9.035514352509976e-11
839	0.11255055	1.0084183267381205e-09
840	0.11295643	1.7021739222998558e-09
841	0.11044492	6.031962713503893e-11
842	0.11074033999999999	9.045889661783199e-11
843	0.11128547999999999	1.8944178762997445e-10
844	0.11022261	4.436963069038205e-11
845	0.11296894	1.729689308079145e-09
846	0.11270645	1.2339459338782691e-09
847	0.11446027	1.120394483122581e-08
848	0.11284672999999999	1.4785072344699198e-09
849	0.1123002	7.278399279055739e-10
850	0.11212789	5.807230255691484e-10
851	0.10982003	2.5323647881162175e-11
852	0.11332389	2.7194128575726957e-09
853	0.11132237	1.9907838837126415e-10
854	0.11430276	9.23510992254246e-09
855	0.11229241	7.204651254658722e-10
856	0.10974037	2.264760466477214e-11
857	0.1128428	1.471051720878414e-09
858	0.11164522	3.0665878336311547e-10
859	0.11332613	2.727147086863522e-09
860	0.11306451	1.954720128775979e-09
861	0.11348156	3.3196169810778717e-09
862	0.11299500999999999	1.7884325615527258e-09
863	0.11138169	2.1558947688181668e-10
864	0.11179603	3.74726670214148e-10
865	0.11169901	3.2942012138764656e-10
866	0.11391067	5.684568742431367e-09
867	0.1131453	2.1670432186746208e-09
868	0.1146713	1.4493036756481882e-08
869	0.11253482	9.88038885425732e-10
870	0.11289399	1.5711053108728045e-09
871	0.11381967	5.074758152665922e-09
872	0.11292708	1.6392866011827146e-09
873	0.1123093	7.36548403149782e-10
874	0.11213359	5.85087671485677e-10
875	0.11228360999999999	7.122220173038996e-10
876	0.11252936	9.810595758072224e-10
877	0.1121101	5.673045099462138e-10
878	0.11301285	1.8297493645110004e-09
879	0.11249798999999999	9.418844164432e-10
880	0.11395252	5.988459191093177e-09
881	0.11291767	1.6196087962637304e-09
882	0.11179218	3.728178916320461e-10
883	0.11289653	1.5762392613715611e-09
884	0.11342022	3.072144235664234e-09
885	0.11269334	1.2132227549210971e-09
886	0.11251839	9.67182387976396e-10
887	0.11259031	1.0617794950219825e-09
888	0.11104581	1.3706798666247113e-10
889	0.11201389	4.998252820457904e-10
890	0.11292214	1.6289273392956382e-09
891	0.11285004	1.4848151839277582e-09
892	0.1128679	1.5193076977858746e-09
893	0.11288417	1.5514099220663174e-09
894	0.11227809	7.070984773791073e-10
895	0.11173419	3.4519228211435455e-10
896	0.11324577	2.462675773195284e-09
897	0.11183298	3.93539069674007e-10
898	0.11346858	3.265678423460487e-09
899	0.11289551	1.5741756303442502e-09
900	0.11098282	1.2584718457395975e-10
901	0.11181858	3.8610018390443933e-10
902	0.11052291	6.715185664017914e-11
903	0.1113722	2.12860749109606e-10
904	0.11318439	2.2777000342929165e-09
905	0.11324832	2.4706696316400158e-09
906	0.11112201	1.519570194412286e-10
907	0.11253693	9.907489972229903e-10
908	0.11138315	2.1601230953535475e-10
909	0.11335642	2.8338636476624028e-09
910	0.11078742999999999	9.646578497851408e-11
911	0.11195321999999999	4.6137903776486976e-10
912	0.11396782	6.1034658400467695e-09
913	0.1134156	3.0542520427172154e-09
914	0.11453014	1.220299969510183e-08
915	0.1125705	1.0348567598492212e-09
916	0.11174656	3.509118031851044e-10
917	0.11390787	5.66478233656711e-09
918	0.11386317	5.3578518903558415e-09
919	0.114701	1.5025595592643246e-08
920	0.1127382	1.2855771557371452e-09
921	0.11452165	1.2077122501298696e-08
922	0.11205533	5.27868767514083e-10
923	0.11358222999999999	3.768521180866806e-09
924	0.11212513	5.786210756043964e-10
925	0.11432553	9.497317717242918e-09
926	0.11202251	5.055359477526862e-10
927	0.10944867999999999	1.501566279561528e-11
928	0.11220283	6.407373832379128e-10
929	0.11118017	1.6437622564658477e-10
930	0.11234992	7.766790847056736e-10
931	0.11404816	6.743608325426324e-09
932	0.11114058	1.5581901291943633e-10
933	0.11273528	1.2807419133785937e-09
934	0.1123929	8.21468232116075e-10
935	0.11229581	7.236748810314723e-10
936	0.11388983999999999	5.5389708989936395e-09
937	0.11151335	2.571716814392137e-10
938	0.11348605	3.3384768246613118e-09
939	0.11289219	1.567476970252849e-09
940	0.11314072	2.154426752628574e-09
941	0.11252691	9.779435170153932e-10
942	0.11248633	9.277165707612425e-10
943	0.11296433	1.7194995739239623e-09
944	0.11319719	2.3151192479546164e-09
945	0.11205752	5.293928510478018e-10
946	0.11361037	3.904251013448245e-09
947	0.11385235	5.286030312270937e-09
948	0.1116023	2.896077843311651e-10
949	0.11182444	3.891106466793228e-10
950	0.11508532	2.3893560541241448e-08
951	0.11267585	1.1861047332399284e-09
952	0.1108132	9.991675598679547e-11
953	0.11292514	1.6352107389821437e-09
954	0.11361633	3.9336043820996266e-09
955	0.11223273	6.663389722701009e-10
956	0.11381604	5.0518051077212275e-09
957	0.1126616	1.1644489389098813e-09
958	0.11309701	2.0375716286420305e-09
959	0.11291162	1.607079331940972e-09
960	0.1124794	9.193949718965049e-10
961	0.11084334	1.0410658692520862e-10
962	0.11219048	6.304457873224369e-10
963	0.11137282999999999	2.130408448437631e-10
964	0.11216885	6.128090168620511e-10
965	0.11236824	7.954704643985834e-10
966	0.11348177	3.3204967452110714e-09
967	0.11079008	9.681519984823784e-11
968	0.11171572	3.3682171170136e-10
969	0.11283638	1.4589514097805013e-09
970	0.11089927	1.1234246539619823e-10
971	0.11442617	1.0745742943096459e-08
972	0.11262805	1.114977052085635e-09
973	0.11359647	3.836620490634612e-09
974	0.11543141999999999	3.61030699052141e-08
975	0.11249922	9.433912392915762e-10
976	0.11311408	2.082451207287463e-09
977	0.11210297	5.620120834235866e-10
978	0.11311604	2.0876657027864675e-09
979	0.11464289	1.4000830713882536e-08
980	0.11434269	9.699702208803675e-09
981	0.11221032	6.470588425227125e-10
982	0.11253976	9.94395295570627e-10
983	0.1132903	2.6059696098909085e-09
984	0.11254878	1.0061047995175026e-09
985	0.11356246	3.67592762313985e-09
986	0.11333945	2.7735834863945103e-09
987	0.1143054	9.26514553676895e-09
988	0.11318879	2.290495802424788e-09
989	0.11287095999999999	1.5252954073747696e-09
990	0.11299189999999999	1.781323778374392e-09
991	0.11396126	6.053894499901848e-09
992	0.11306629	1.9591714253023155e-09
993	0.11254069	9.955964097033469e-10
994	0.11109975	1.474510264729796e-10
995	0.11049236999999999	6.439053087521811e-11
996	0.11386982	5.402464796434573e-09
997	0.11433197	9.572783935702235e-09
998	0.11469566	1.4928458016520107e-08
999	0.11288841	1.5598840751376179e-09
