Dataset	Random-mean	P-value
0	0.1905883	1.0368013324236886e-28
1	0.1937844	3.3004952493346465e-30
2	0.1875835	2.4938700460094477e-27
3	0.1918838	2.5839388229419456e-29
4	0.193573	4.1540822607761545e-30
5	0.1934067	4.9770660645540144e-30
6	0.1909411	7.10946782964048e-29
7	0.1935356	4.3264884736963265e-30
8	0.1918917	2.562053366875315e-29
9	0.192816	9.444670659898437e-30
10	0.1900262	1.8881474620621519e-28
11	0.1939289	2.8198512104410687e-30
12	0.1894164	3.6095402179288383e-28
13	0.1941011	2.337200905845348e-30
14	0.1902351	1.5114269683429108e-28
15	0.1879143	1.7623658929772788e-27
16	0.188305	1.1684384003915258e-27
17	0.1919701	2.3546087357932223e-29
18	0.1939849	2.6529018393275872e-30
19	0.1906073	1.01596775916283e-28
20	0.1961742	2.4036950699023237e-31
21	0.1921452	1.9496596369145645e-29
22	0.1932552	5.867049157902415e-30
23	0.1902629	1.4672901285064083e-28
24	0.1988957	1.1663431192037323e-32
25	0.1927523	1.0118856813315946e-29
26	0.193117	6.81614639482909e-30
27	0.1916969	3.159557379950655e-29
28	0.1982081	2.5156516462943766e-32
29	0.191928	2.4638370684780706e-29
30	0.192419	1.450871908850687e-29
31	0.1902808	1.4395517508158014e-28
32	0.1889664	5.813520857053671e-28
33	0.1927392	1.026332827452952e-29
34	0.1928185	9.419142538859268e-30
35	0.1875937	2.4673426053783602e-27
36	0.1916939	3.169767748984415e-29
37	0.1935292	4.3566962121611476e-30
38	0.1936813	3.6924424812940806e-30
39	0.1901822	1.5990917074930022e-28
40	0.1907623	8.608449022659802e-29
41	0.1913859	4.4131587643947087e-29
42	0.1904703	1.1760406165844075e-28
43	0.1936391	3.865921226540667e-30
44	0.1954708	5.2159926794072535e-31
45	0.1901887	1.5880533841082998e-28
46	0.1965554	1.5775759785818533e-31
47	0.1964513	1.7699978792952488e-31
48	0.1905929	1.031718771183664e-28
49	0.1936763	3.712585505052268e-30
50	0.1883373	1.1293532885541747e-27
51	0.1885059	9.454809478697361e-28
52	0.1952265	6.821561108692168e-31
53	0.1866889	6.3536808470585336e-27
54	0.1920228	2.2246421857181736e-29
55	0.1917779	2.8959060515112384e-29
56	0.1852322	2.8794594341179464e-26
57	0.1905136	1.1229100135513652e-28
58	0.1926613	1.1165805552525335e-29
59	0.1969886	9.765329023941175e-32
60	0.1939337	2.8051408317756993e-30
61	0.1972758	7.100927610622294e-32
62	0.1887291	7.470608827838729e-28
63	0.1896829	2.72016782370492e-28
64	0.1945597	1.416359587941203e-30
65	0.1930276	7.509928385038763e-30
66	0.1895935	2.9911048344198117e-28
67	0.1911498	5.685136981819284e-29
68	0.1959717	3.005220912316016e-31
69	0.1933443	5.326089083953266e-30
70	0.191097	6.016131623362363e-29
71	0.1921529	1.9335377915471134e-29
72	0.1854882	2.2102078264239614e-26
73	0.1894379	3.5281573628959136e-28
74	0.1964801	1.7145399673187802e-31
75	0.1929677	8.01363107831356e-30
76	0.1908392	7.928677698774466e-29
77	0.1877305	2.137524111850405e-27
78	0.1887218	7.52842279596603e-28
79	0.1935443	4.285758657037286e-30
80	0.1944563	1.5858709765088597e-30
81	0.1898499	2.2777469164318145e-28
82	0.1931883	6.308836049048291e-30
83	0.1892803	4.169801488110628e-28
84	0.1850385	3.516428565647128e-26
85	0.1933926	5.053886933286462e-30
86	0.1932454	5.929788023644458e-30
87	0.1887949	6.969011078792044e-28
88	0.190226	1.526159468853928e-28
89	0.1870513	4.352890010013107e-27
90	0.1906317	9.898224882906989e-29
91	0.1938685	3.0116476872410977e-30
92	0.1933942	5.045110687646281e-30
93	0.1867891	5.723362073471756e-27
94	0.1930121	7.637166092403016e-30
95	0.1886859	7.819277138789519e-28
96	0.186572	7.176695200154323e-27
97	0.1882218	1.2754183780882541e-27
98	0.1860882	1.1869214926669455e-26
99	0.1912743	4.9746198159676365e-29
100	0.1956175	4.438894753896116e-31
101	0.1952913	6.353098694319596e-31
102	0.1944985	1.5143797176168663e-30
103	0.1836049	1.5308652016044412e-25
104	0.1988679	1.203224461850619e-32
105	0.1958842	3.309443334497883e-31
106	0.1949656	9.081820781710959e-31
107	0.1929278	8.367657048329268e-30
108	0.1891935	4.571432381550781e-28
109	0.1910189	6.541171534233002e-29
110	0.1975871	5.024442299921776e-32
111	0.1927206	1.0471986627652526e-29
112	0.183102	2.55598850477424e-25
113	0.1985955	1.6320034655895494e-32
114	0.1929784	7.921251938696262e-30
115	0.1807505	2.742671109044508e-24
116	0.1939082	2.8841737471986296e-30
117	0.1888432	6.62226032708209e-28
118	0.1930361	7.441050315707182e-30
119	0.1823884	5.27379215743233e-25
120	0.1946594	1.270014199029578e-30
121	0.1917237	3.069783768445726e-29
122	0.1947639	1.1327509656392044e-30
123	0.1892302	4.397128600942238e-28
124	0.190605	1.0184674053867584e-28
125	0.191692	3.1762512802739226e-29
126	0.194786	1.1056697221978279e-30
127	0.1962545	2.199812669229033e-31
128	0.1895858	3.0156588315449745e-28
129	0.193107	6.890469670345862e-30
130	0.1921606	1.9175485309916564e-29
131	0.1868266	5.503795126966969e-27
132	0.1869887	4.6470464438641e-27
133	0.1952966	6.316230033752374e-31
134	0.198672	1.4981826008587362e-32
135	0.1945543	1.4247483512059744e-30
136	0.1892483	4.313613056742137e-28
137	0.1933173	5.48455534855642e-30
138	0.1951807	7.173242263535413e-31
139	0.1917469	2.994120594273292e-29
140	0.190602	1.0217370054064699e-28
141	0.1934148	4.933461356398292e-30
142	0.1897535	2.523568913355066e-28
143	0.1918923	2.560398732088904e-29
144	0.193498	4.5069899747323136e-30
145	0.1956306	4.375378716598608e-31
146	0.1946171	1.3301711348729677e-30
147	0.1876945	2.2198105281466405e-27
148	0.1895125	3.2596676489476437e-28
149	0.1973312	6.677266249143931e-32
150	0.1884316	1.0225249692886262e-27
151	0.19309	7.018673683936191e-30
152	0.1902045	1.5615366381008187e-28
153	0.1940053	2.594559659786638e-30
154	0.1950869	7.950785668666542e-31
155	0.1864538	8.116538340652385e-27
156	0.1968007	1.2025385211291233e-31
157	0.1956608	4.232376568356516e-31
158	0.194336	1.8086305175580434e-30
159	0.1941833	2.1367269793167887e-30
160	0.1982442	2.4163210969120754e-32
161	0.19021	1.552409800083182e-28
162	0.1939717	2.691346160531576e-30
163	0.1867735	5.817245725381214e-27
164	0.1946749	1.2486551285054685e-30
165	0.1921093	2.0266075112698827e-29
166	0.1919226	2.4782071211023977e-29
167	0.1931122	6.851721522884606e-30
168	0.1961871	2.36971769386869e-31
169	0.1891972	4.553552638672593e-28
170	0.1963448	1.991030265992948e-31
171	0.189296	4.100997056590836e-28
172	0.1906101	1.0129329434475324e-28
173	0.189785	2.440472620802964e-28
174	0.1910815	6.116887633451808e-29
175	0.1971358	8.29456414397343e-32
176	0.1876055	2.4370037128934463e-27
177	0.1907835	8.415463647450634e-29
178	0.1930272	7.513185282818364e-30
179	0.1869718	4.729790961617241e-27
180	0.1929534	8.138766044544442e-30
181	0.1965913	1.516165650904161e-31
182	0.1881303	1.4043387036411963e-27
183	0.1932676	5.7886106787634365e-30
184	0.1898741	2.2198708506589303e-28
185	0.1913651	4.5127978966865506e-29
186	0.1907797	8.449736101731109e-29
187	0.1979174	3.4786835716619727e-32
188	0.1901475	1.6593228463274967e-28
189	0.1918678	2.6288349817420204e-29
190	0.191793	2.849233144867461e-29
191	0.1896873	2.707482139450663e-28
192	0.1921929	1.851897052086034e-29
193	0.1965594	1.5706128899829642e-31
194	0.1986451	1.5439452556707145e-32
195	0.1897737	2.4699641106629387e-28
196	0.1892813	4.165385023853659e-28
197	0.1964716	1.7307254339046328e-31
198	0.187955	1.6885856607928245e-27
199	0.1864601	8.063493187755195e-27
200	0.1909914	6.736690508080836e-29
201	0.196997	9.674819484921099e-32
202	0.1932904	5.647097329354967e-30
203	0.1932709	5.767912235502669e-30
204	0.1934712	4.640198584526373e-30
205	0.1897255	2.59979035640665e-28
206	0.1937692	3.3555666255427825e-30
207	0.1963509	1.977659525558684e-31
208	0.1922808	1.6843380180346146e-29
209	0.1927957	9.654523166826616e-30
210	0.1976421	4.7262818685451445e-32
211	0.1838789	1.1569622795496624e-25
212	0.1812753	1.6205137186679548e-24
213	0.1888821	6.355505832097243e-28
214	0.1929954	7.776654799714743e-30
215	0.1871964	3.7403039189336075e-27
216	0.1947125	1.1983154138738957e-30
217	0.18793289999999999	1.7282588084031208e-27
218	0.1956684	4.19712774345325e-31
219	0.1917416	3.011240596916028e-29
220	0.1916162	3.445955326473224e-29
221	0.1919294	2.4601250455349002e-29
222	0.1940916	2.361543976039798e-30
223	0.1897338	2.5769605381898792e-28
224	0.1913625	4.5254090455584437e-29
225	0.1955089	5.002031393463357e-31
226	0.1857316	1.7180185696543925e-26
227	0.1882344	1.2586125509581802e-27
228	0.189128	4.899758893228397e-28
229	0.1924518	1.4003667962362373e-29
230	0.1926047	1.1870620839408084e-29
231	0.1984477	1.925153164813009e-32
232	0.1946	1.355286933012152e-30
233	0.1932986	5.597047996492888e-30
234	0.1931811	6.35831177710109e-30
235	0.1951779	7.195318231555712e-31
236	0.190386	1.2867534933987404e-28
237	0.1915187	3.8266048426199694e-29
238	0.1891908	4.584523791964765e-28
239	0.1971639	8.039958351233402e-32
240	0.1948237	1.0609507331599748e-30
241	0.1849237	3.9581013954814664e-26
242	0.1887858	7.0363332259407495e-28
243	0.1915912	3.5398092821437757e-29
244	0.1933919	5.057731314172259e-30
245	0.1903462	1.3425660167986304e-28
246	0.1842113	8.231404848826572e-26
247	0.1934862	4.565166267696262e-30
248	0.1923884	1.4996212249544862e-29
249	0.1850621	3.4318903693532885e-26
250	0.190651	9.696167869583822e-29
251	0.1916701	3.251941331218901e-29
252	0.1858578	1.5074156375982298e-26
253	0.1934077	4.971662094093195e-30
254	0.1922914	1.665179001197025e-29
255	0.1939559	2.738092131273938e-30
256	0.1914638	4.059047615977052e-29
257	0.1909709	6.88621158422092e-29
258	0.1876134	2.4168995824493036e-27
259	0.1879106	1.7692299929738668e-27
260	0.189864	2.2438458043969026e-28
261	0.195084	7.976116409106193e-31
262	0.1918925	2.559847423346885e-29
263	0.1903957	1.2735043504450507e-28
264	0.1909216	7.259439047047883e-29
265	0.1887376	7.403847104838587e-28
266	0.197132	8.329605092735114e-32
267	0.1918849	2.5808803759370656e-29
268	0.1910752	6.158318062013362e-29
269	0.1909819	6.805575086892904e-29
270	0.1931561	6.533117949645014e-30
271	0.1919437	2.422526461790464e-29
272	0.1861869	1.0712791069065144e-26
273	0.1925427	1.2693543077955475e-29
274	0.1862161	1.0392648103613674e-26
275	0.1947723	1.1223807671951544e-30
276	0.1951491	7.42634551310931e-31
277	0.1877752	2.0395594219158198e-27
278	0.1924376	1.422013539716011e-29
279	0.1880652	1.5038703226075396e-27
280	0.1926793	1.0950504513577599e-29
281	0.1926076	1.1833456075095571e-29
282	0.1897968	2.410049819455325e-28
283	0.1969007	1.0764489100847931e-31
284	0.1960198	2.8500106739711354e-31
285	0.1913116	4.7794772331562727e-29
286	0.1959608	3.0415459654548954e-31
287	0.1910633	6.237338323446393e-29
288	0.1914267	4.224023244650978e-29
289	0.190444	1.2095241025339963e-28
290	0.189969	2.0066801808307495e-28
291	0.1900651	1.8115403392190776e-28
292	0.1924138	1.4590435102816277e-29
293	0.1915462	3.715197070618357e-29
294	0.2019546	3.6911409800432805e-34
295	0.1935269	4.3676032840950345e-30
296	0.1868262	5.5060924206319124e-27
297	0.1893435	3.899628946806325e-28
298	0.1940173	2.5608387829438866e-30
299	0.1971736	7.95388754914537e-32
300	0.1885474	9.049892976197555e-28
301	0.1901184	1.7115687986645036e-28
302	0.1932247	6.064509682161663e-30
303	0.1909787	6.828935646095475e-29
304	0.1962552	2.198113241184451e-31
305	0.1896047	2.955744316135816e-28
306	0.191843	2.6999617810705906e-29
307	0.1937478	3.434653977944247e-30
308	0.1930349	7.45073605418454e-30
309	0.1925424	1.2697659808774738e-29
310	0.1896084	2.9441542859636176e-28
311	0.1964617	1.749768484825411e-31
312	0.1872547	3.519031383629949e-27
313	0.1914964	3.9193807409049367e-29
314	0.193414	4.937751028171342e-30
315	0.1889201	6.105242346427637e-28
316	0.1902576	1.4756046713082738e-28
317	0.1928907	8.710778145860563e-30
318	0.1912099	5.330367213885029e-29
319	0.1920741	2.1049860748892258e-29
320	0.1928228	9.375394600691816e-30
321	0.1969875	9.777243685915813e-32
322	0.1884376	1.0160783132187094e-27
323	0.1900941	1.7564476332461008e-28
324	0.1943289	1.822709923939854e-30
325	0.1935648	4.191287952946005e-30
326	0.1926836	1.0899685521836739e-29
327	0.1923348	1.588969863637979e-29
328	0.1861027	1.1691856435219432e-26
329	0.188433	1.021017122531321e-27
330	0.1983082	2.2497215139305332e-32
331	0.188539	9.1304360440485e-28
332	0.1909968	6.697844571254064e-29
333	0.1933913	5.0610288127795296e-30
334	0.1969732	9.933457018030115e-32
335	0.1838559	1.1845046364080252e-25
336	0.1949849	8.891702928366644e-31
337	0.1971704	7.982180208932988e-32
338	0.1869213	4.985870963755277e-27
339	0.1970402	9.222362193803189e-32
340	0.1947144	1.1958259409583746e-30
341	0.1916199	3.432276776303578e-29
342	0.1944906	1.5275147663888138e-30
343	0.1945547	1.4241252699431205e-30
344	0.1850826	3.360097484890004e-26
345	0.1853858	2.457014806067394e-26
346	0.1884333	1.0206943001726592e-27
347	0.1921818	1.8742023469285988e-29
348	0.1871697	3.846205513874277e-27
349	0.1949325	9.417339367067953e-31
350	0.2005616	1.7907071283265845e-33
351	0.1875078	2.69980725455616e-27
352	0.1910249	6.49926849912129e-29
353	0.1885229	9.286807132547322e-28
354	0.1876068	2.4336840502729047e-27
355	0.1900824	1.7784713211936875e-28
356	0.1927351	1.0308964656035904e-29
357	0.1953917	5.689711783163947e-31
358	0.1903774	1.298614723355726e-28
359	0.1933162	5.491109863713785e-30
360	0.1849633	3.799847850543981e-26
361	0.1875277	2.64408750449679e-27
362	0.1945485	1.4338135638442978e-30
363	0.1961203	2.5509855040745875e-31
364	0.1932141	6.1346717988116416e-30
365	0.188565	8.883419013934767e-28
366	0.1924053	1.472499609877522e-29
367	0.1906252	9.967213246108844e-29
368	0.191484	3.971933286578928e-29
369	0.1906288	9.928945450289864e-29
370	0.1950892	7.93075269178751e-31
371	0.1979355	3.4092343056780913e-32
372	0.1916545	3.30694883288825e-29
373	0.1939835	2.656953233617951e-30
374	0.1907442	8.7766928540816e-29
375	0.1846014	5.514909461520792e-26
376	0.1859187	1.415170366394112e-26
377	0.1917362	3.0287837374049164e-29
378	0.1885077	9.43687894109518e-28
379	0.1963701	1.9361549823209184e-31
380	0.1922575	1.7272257260577957e-29
381	0.195579	4.6309228599404904e-31
382	0.1953251	6.121593580580236e-31
383	0.1957076	4.019903961742818e-31
384	0.1952336	6.768600408280959e-31
385	0.1981267	2.7547906063805424e-32
386	0.1910001	6.674215119854618e-29
387	0.1860378	1.2506740324568258e-26
388	0.1873184	3.292114674815041e-27
389	0.1960123	2.8736762241749025e-31
390	0.193135	6.684368253192342e-30
391	0.1916829	3.2074872880198246e-29
392	0.1942954	1.8906258114707938e-30
393	0.1946476	1.2865179796964043e-30
394	0.1855782	2.0137234734786646e-26
395	0.188379	1.0808096464051688e-27
396	0.1950049	8.698866399695393e-31
397	0.1898602	2.2529325804298135e-28
398	0.1877441	2.107233382095836e-27
399	0.191709	3.118706485248393e-29
400	0.1968611	1.1247250814759192e-31
401	0.1895627	3.0905295995888148e-28
402	0.187895	1.798463918953198e-27
403	0.1993639	6.899581456225336e-33
404	0.1905985	1.0255647315069028e-28
405	0.1933738	5.158152310591677e-30
406	0.1935373	4.3184996222671415e-30
407	0.1986631	1.5131719677928655e-32
408	0.1893302	3.9549997996290494e-28
409	0.1895261	3.212957034374233e-28
410	0.1929698	7.995416471777278e-30
411	0.1853246	2.617398503225519e-26
412	0.1886752	7.9081075678157665e-28
413	0.1890272	5.451386074744938e-28
414	0.1878877	1.812308307013208e-27
415	0.1905329	1.1000038638680938e-28
416	0.1974908	5.592260789400723e-32
417	0.1917599	2.952536911600754e-29
418	0.1913473	4.599840198127659e-29
419	0.1850107	3.618669036683861e-26
420	0.1919478	2.4118522473461714e-29
421	0.1938279	3.147808271778317e-30
422	0.1968174	1.180503281238991e-31
423	0.1887182	7.557097320089925e-28
424	0.1912017	5.377443012212557e-29
425	0.1904955	1.1448226618108208e-28
426	0.1920898	2.06966181035573e-29
427	0.1942324	2.0252391134356243e-30
428	0.1927175	1.0507170893484217e-29
429	0.1911288	5.814556234171279e-29
430	0.1928822	8.791340536086245e-30
431	0.1861942	1.0631848239439473e-26
432	0.1883431	1.1224738312766562e-27
433	0.1921791	1.8796682348128406e-29
434	0.192218	1.8024276476805202e-29
435	0.1947889	1.1021642167503964e-30
436	0.189545	3.1491460366501103e-28
437	0.1920215	2.2277606970684286e-29
438	0.1859681	1.3444819514338743e-26
439	0.1912575	5.065080865403156e-29
440	0.189259	4.2649856176713535e-28
441	0.1924211	1.4475847560431312e-29
442	0.1882155	1.2839047455354595e-27
443	0.1918247	2.753670561269331e-29
444	0.1873244	3.271505601345621e-27
445	0.1953775	5.77917637875874e-31
446	0.1946806	1.2408906972420318e-30
447	0.1837952	1.2603597745434928e-25
448	0.1882437	1.2463496101774444e-27
449	0.1971989	7.733683907721649e-32
450	0.1941903	2.1204670569219672e-30
451	0.1921642	1.910118210758123e-29
452	0.2	3.374099950017903e-33
453	0.1931853	6.329404229035623e-30
454	0.1949297	9.446280986804353e-31
455	0.1929982	7.753091910493982e-30
456	0.1970212	9.418705833789418e-32
457	0.1891786	4.644143775972258e-28
458	0.1937135	3.565300565212624e-30
459	0.1861561	1.1061099600729174e-26
460	0.1987004	1.451332514626148e-32
461	0.1961498	2.469293367775424e-31
462	0.1950191	8.564483676843074e-31
463	0.1900107	1.9195619146291004e-28
464	0.1911479	5.69672751939563e-29
465	0.1859942	1.3085625900505345e-26
466	0.2021594	2.9235934850973793e-34
467	0.1892812	4.165826460938555e-28
468	0.1948031	1.0851582984300519e-30
469	0.192529	1.2882901046231208e-29
470	0.1897186	2.6189223410820134e-28
471	0.1989216	1.1329957301628045e-32
472	0.1878081	1.970318915348774e-27
473	0.1919922	2.2992118894002936e-29
474	0.1909619	6.952892983630444e-29
475	0.1909044	7.39432991945134e-29
476	0.1928108	9.497989780661724e-30
477	0.1902012	1.567038327797194e-28
478	0.1956536	4.266041824059795e-31
479	0.1936042	4.015497647791786e-30
480	0.1961274	2.5310815991014573e-31
481	0.1940111	2.5782064420776973e-30
482	0.1935332	4.337791883649834e-30
483	0.193437	4.81589034089402e-30
484	0.1926053	1.1862922065583522e-29
485	0.1875764	2.5125023630767835e-27
486	0.1947375	1.1659675929476283e-30
487	0.1893529	3.860960142290066e-28
488	0.1923754	1.5208215682699895e-29
489	0.1940897	2.3664427708672188e-30
490	0.1959229	3.1712843221820326e-31
491	0.1928419	9.183502040491539e-30
492	0.1913715	4.4819037581180614e-29
493	0.1904008	1.2665928027268242e-28
494	0.1927626	1.0006686613187418e-29
495	0.1958375	3.4841575231623086e-31
496	0.1952003	7.020585841581989e-31
497	0.1942249	2.0418866383063238e-30
498	0.193565	4.190376565566004e-30
499	0.1952837	6.40634089872905e-31
500	0.1881407	1.3890563679481238e-27
501	0.192711	1.0581326520776919e-29
502	0.189911	2.1344241324731993e-28
503	0.1899123	2.131474201345681e-28
504	0.1967767	1.2349245213376296e-31
505	0.1918377	2.7154087080731733e-29
506	0.2021744	2.8740717223989547e-34
507	0.1934678	4.657375714731327e-30
508	0.1908729	7.64786232759406e-29
509	0.1958853	3.3054348581481705e-31
510	0.1927512	1.0130909816368038e-29
511	0.188717	7.566679599800497e-28
512	0.1929099	8.531494288590307e-30
513	0.1878867	1.814213029157534e-27
514	0.1926058	1.185651021427329e-29
515	0.1947065	1.2062108047356524e-30
516	0.1950464	8.31190342047489e-31
517	0.1925435	1.2682571617533863e-29
518	0.1955252	4.9131826964378086e-31
519	0.1919522	2.400449020385704e-29
520	0.1846841	5.0653047545826836e-26
521	0.1891008	5.042895114152524e-28
522	0.1940717	2.413356827736472e-30
523	0.1951451	7.459010953299535e-31
524	0.1878546	1.876423095758613e-27
525	0.1897	2.671195577636949e-28
526	0.1870356	4.424877872175582e-27
527	0.1932889	5.6563007396737606e-30
528	0.1953319	6.076042776276184e-31
529	0.1945888	1.371992159255199e-30
530	0.1912966	4.8570205494832385e-29
531	0.193495	4.521710274603275e-30
532	0.1969189	1.0549584988017002e-31
533	0.19705	9.122687859267791e-32
534	0.1854257	2.3577488694678458e-26
535	0.1909786	6.829666946902734e-29
536	0.1932523	5.885545643788702e-30
537	0.194149	2.2182111217377817e-30
538	0.1910031	6.652805740194669e-29
539	0.1923359	1.5870840576919098e-29
540	0.1902384	1.5061194220127598e-28
541	0.1860563	1.2268869338416082e-26
542	0.1947526	1.1468518626028098e-30
543	0.1891475	4.79963551235187e-28
544	0.1904706	1.175664041525953e-28
545	0.18857	8.83668298547368e-28
546	0.1900244	1.891769197863397e-28
547	0.1971616	8.060502451022571e-32
548	0.1868976	5.1107560124536844e-27
549	0.1909464	7.069241594768665e-29
550	0.1903972	1.27146765883473e-28
551	0.1934295	4.855295194865227e-30
552	0.1913079	4.7984894391103807e-29
553	0.1941741	2.158285928251206e-30
554	0.1856306	1.907425319530577e-26
555	0.1908633	7.726834258621359e-29
556	0.1937755	3.3326309420674336e-30
557	0.1916035	3.493319704128722e-29
558	0.1854788	2.2317973048782553e-26
559	0.192287	1.6731053478138386e-29
560	0.184727	4.846618650322173e-26
561	0.1950752	8.053474607169165e-31
562	0.1892279	4.407855531731398e-28
563	0.1919322	2.4527176763193657e-29
564	0.1932333	6.008172609293245e-30
565	0.1899724	1.9994321884556718e-28
566	0.189643	2.8379352276356414e-28
567	0.1939752	2.6810989291988592e-30
568	0.1949674	9.063919911787271e-31
569	0.1945624	1.4121836503926611e-30
570	0.1968493	1.1395226918036108e-31
571	0.1922888	1.669858226283511e-29
572	0.1888768	6.391211920796408e-28
573	0.1928222	9.381486810697985e-30
574	0.1940187	2.55693318816997e-30
575	0.1942129	2.0688062660334663e-30
576	0.197659	4.638251951882008e-32
577	0.1933821	5.111859056291975e-30
578	0.192009	2.257969139138076e-29
579	0.1925377	1.2762328887421307e-29
580	0.1904131	1.2500768333197663e-28
581	0.1890888	5.107357646966025e-28
582	0.1911226	5.853322861121199e-29
583	0.1928604	9.001362906290889e-30
584	0.1873365	3.230333191159642e-27
585	0.1855495	2.0744175711614243e-26
586	0.1921052	2.0355853739214945e-29
587	0.1932268	6.0507046573182374e-30
588	0.1948444	1.0371668404221016e-30
589	0.1975121	5.461407162632096e-32
590	0.1923555	1.5538531494730548e-29
591	0.1925229	1.2968115117984263e-29
592	0.1979956	3.188379845076446e-32
593	0.1913953	4.3688502335432355e-29
594	0.1936418	3.854583086415143e-30
595	0.1919123	2.5058481693146726e-29
596	0.1944011	1.6844765176944985e-30
597	0.1927264	1.0406472414168106e-29
598	0.1862448	1.008725431279872e-26
599	0.1899052	2.1476348939069047e-28
600	0.1904092	1.2552902866565232e-28
601	0.1920811	2.0891629374260254e-29
602	0.188721	7.534785551303232e-28
603	0.1928563	9.041416445831736e-30
604	0.1946564	1.2741900010567342e-30
605	0.1891332	4.872858079246735e-28
606	0.1900974	1.7502849972928857e-28
607	0.2000497	3.190374177200732e-33
608	0.1933398	5.352180251735086e-30
609	0.1906979	9.222088833409611e-29
610	0.184679	5.091945815781717e-26
611	0.1942025	2.0924219934550394e-30
612	0.1963172	2.052660393059495e-31
613	0.1908622	7.735934744850065e-29
614	0.1942748	1.9336328716550465e-30
615	0.1974217	6.038626939489283e-32
616	0.2013191	7.597307405224891e-34
617	0.189279	4.175549851754304e-28
618	0.1885795	8.74855685091158e-28
619	0.1924161	1.455423517982952e-29
620	0.1931847	6.333525861584594e-30
621	0.1960725	2.6891006718285533e-31
622	0.1939786	2.6711816406818953e-30
623	0.1931352	6.68291837785224e-30
624	0.1910454	6.358103537939694e-29
625	0.1933759	5.146400303105942e-30
626	0.1929948	7.781713249323855e-30
627	0.1936952	3.637014244874611e-30
628	0.1932568	5.8568689613274214e-30
629	0.192619	1.1688478321973122e-29
630	0.1910984	6.00711275254544e-29
631	0.193305	5.558291872017029e-30
632	0.1879055	1.7787348957502945e-27
633	0.1938973	2.9186285256082287e-30
634	0.1939865	2.648279198529285e-30
635	0.1913233	4.7198491108111597e-29
636	0.1968	1.2034710379844655e-31
637	0.1894345	3.5409047101890857e-28
638	0.1848565	4.241775084908087e-26
639	0.1945083	1.4982416497171255e-30
640	0.1940637	2.4345033834623096e-30
641	0.1912209	5.267859734840963e-29
642	0.195695	4.076041289475421e-31
643	0.1959623	3.03652130090607e-31
644	0.1933862	5.089144026947502e-30
645	0.1946093	1.3415695092626832e-30
646	0.1899135	2.1287547858353134e-28
647	0.1964272	1.8177745005600292e-31
648	0.1934515	4.74060738528576e-30
649	0.1973226	6.741344647585559e-32
650	0.1837728	1.2895550208535514e-25
651	0.192297	1.65514491359181e-29
652	0.1877516	2.09071184587898e-27
653	0.1895185	3.2389773797986535e-28
654	0.1954996	5.053438525537455e-31
655	0.1945797	1.3857158582465907e-30
656	0.1900084	1.9242674797416985e-28
657	0.191096	6.022581916136604e-29
658	0.1919972	2.2868595721373641e-29
659	0.1909017	7.415729788592834e-29
660	0.1949774	8.965107949401183e-31
661	0.1875362	2.6206373734790376e-27
662	0.1836752	1.4248047247294245e-25
663	0.1920353	2.1948771845562066e-29
664	0.1937771	3.326830879818676e-30
665	0.1860032	1.2963990206902744e-26
666	0.1915581	3.6679934084816335e-29
667	0.1861145	1.1549468824965862e-26
668	0.1968335	1.1596402257795628e-31
669	0.1906799	9.401249455487606e-29
670	0.1985925	1.637487071974697e-32
671	0.1917523	2.976777121743578e-29
672	0.1855312	2.1140633967128123e-26
673	0.19012	1.7086541430178383e-28
674	0.1939499	2.756054584169041e-30
675	0.1984009	2.0284808086281265e-32
676	0.1834707	1.7555759959167757e-25
677	0.1965705	1.5514500846928754e-31
678	0.1997844	4.301007662457038e-33
679	0.1966219	1.465703250088194e-31
680	0.1948324	1.0508892137312755e-30
681	0.1912586	5.059108097182233e-29
682	0.1936829	3.6860197013519234e-30
683	0.1942373	2.014435722072488e-30
684	0.1892059	4.511784522386616e-28
685	0.1925763	1.2240770324301103e-29
686	0.1865355	7.454749693806819e-27
687	0.1965744	1.5447725839494986e-31
688	0.1890683	5.219381627348489e-28
689	0.1934622	4.6858054386677525e-30
690	0.187829	1.9275520604567724e-27
691	0.1930748	7.135310658911818e-30
692	0.193597	4.0470648363581565e-30
693	0.1990783	9.505409513969241e-33
694	0.1917222	3.0747407140121304e-29
695	0.2011924	8.770853635849396e-34
696	0.1853022	2.678665766186747e-26
697	0.1961494	2.470383457580987e-31
698	0.1929176	8.460629385323057e-30
699	0.1953395	6.025532004116117e-31
700	0.1891567	4.753106580139768e-28
701	0.1918872	2.574497069623369e-29
702	0.1906507	9.699277052902503e-29
703	0.1900263	1.8879464567681714e-28
704	0.1940185	2.557490767307211e-30
705	0.1924764	1.3636389521789198e-29
706	0.1990803	9.484122009750488e-33
707	0.1913091	4.7923150926938107e-29
708	0.1968564	1.1305959926495811e-31
709	0.1896089	2.94259153496483e-28
710	0.1875779	2.508554465538218e-27
711	0.1954191	5.520959199976232e-31
712	0.1880836	1.4750484277621405e-27
713	0.1990943	9.336432203976332e-33
714	0.1865451	7.38059659905496e-27
715	0.1919105	2.5107100181394865e-29
716	0.1865163	7.605284119574854e-27
717	0.1925485	1.2614213349082869e-29
718	0.1904675	1.179561105499536e-28
719	0.1917315	3.0441354715722687e-29
720	0.1870569	4.3274954309100315e-27
721	0.1939673	2.70428368430783e-30
722	0.1878206	1.944628621996271e-27
723	0.1997525	4.458172767776564e-33
724	0.1940787	2.395003536076958e-30
725	0.1890195	5.495978268077269e-28
726	0.1931348	6.685818441393766e-30
727	0.1909327	7.173689341802722e-29
728	0.1937514	3.421221023674756e-30
729	0.1923511	1.5612523915976098e-29
730	0.1936081	3.998501139270107e-30
731	0.196397	1.8794592339709746e-31
732	0.1898672	2.2362220505441393e-28
733	0.1904513	1.200136308905583e-28
734	0.1856449	1.8793976648500816e-26
735	0.199437	6.35585399068327e-33
736	0.1912011	5.380903770135973e-29
737	0.1947895	1.1014403213573174e-30
738	0.197146	8.201230484383309e-32
739	0.1918267	2.747749413638553e-29
740	0.1914278	4.2190371845348157e-29
741	0.1920534	2.1524780624912675e-29
742	0.1875618	2.5512525843458106e-27
743	0.1967352	1.2929861257007006e-31
744	0.1924529	1.3987036773707252e-29
745	0.1945455	1.438524958203843e-30
746	0.1946762	1.246880049767737e-30
747	0.191249	5.111471124108189e-29
748	0.1902768	1.4457046818815156e-28
749	0.1918369	2.717747941234254e-29
750	0.1952832	6.4098591976573155e-31
751	0.1899058	2.1462645022008557e-28
752	0.1928959	8.661855363552949e-30
753	0.1887305	7.459571758929687e-28
754	0.1883922	1.0658798631838017e-27
755	0.197199	7.732825686746574e-32
756	0.1885092	9.421962649336982e-28
757	0.1897238	2.6044910945041477e-28
758	0.1870315	4.443871284027815e-27
759	0.1993985	6.636681745625186e-33
760	0.1942725	1.9384946189764492e-30
761	0.186885	5.178411227282249e-27
762	0.1913176	4.748805726296113e-29
763	0.2018643	4.090418829924305e-34
764	0.1973938	6.228743708413242e-32
765	0.1917639	2.939857854379045e-29
766	0.194651	1.281740893835865e-30
767	0.1929924	7.80197979459368e-30
768	0.1983418	2.1668853136704085e-32
769	0.1935664	4.1840023709974934e-30
770	0.1982145	2.4977501289103506e-32
771	0.1864307	8.314021012444921e-27
772	0.1957704	3.751374959020782e-31
773	0.193657	3.7913680496439586e-30
774	0.1916795	3.219236109514645e-29
775	0.1943839	1.7164301785114056e-30
776	0.1944957	1.5190222733515688e-30
777	0.1922642	1.7147831629230747e-29
778	0.1973048	6.875922508274888e-32
779	0.190092	1.760380537926981e-28
780	0.1923048	1.6412689953617892e-29
781	0.1929524	8.147589094915632e-30
782	0.1902368	1.5086904595513694e-28
783	0.1936927	3.6469219469348054e-30
784	0.1891428	4.823580188367986e-28
785	0.1939529	2.7470587536887954e-30
786	0.1904957	1.144578225306891e-28
787	0.1976833	4.514528678858027e-32
788	0.1914339	4.191493245946185e-29
789	0.1979182	3.47558446137803e-32
790	0.1911124	5.917660197025217e-29
791	0.1929432	8.229208825138438e-30
792	0.1882533	1.2338156538108348e-27
793	0.193133	6.698884225038275e-30
794	0.190365	1.3159085812672135e-28
795	0.1856744	1.8228646466219625e-26
796	0.1912826	4.930522504751811e-29
797	0.195789	3.6753240856769064e-31
798	0.1868124	5.5859352893103316e-27
799	0.1840944	9.279125693074122e-26
800	0.1844572	6.395684207064633e-26
801	0.1914315	4.202308803793583e-29
802	0.1920328	2.2007983296254853e-29
803	0.196355	1.968722878110163e-31
804	0.1934583	4.705706612446285e-30
805	0.1913244	4.714281236692302e-29
806	0.1852916	2.708152907145944e-26
807	0.1951348	7.543783893418381e-31
808	0.1948074	1.080060298109236e-30
809	0.1967469	1.2763473877751725e-31
810	0.1910755	6.156338872233347e-29
811	0.1907377	8.837906436496161e-29
812	0.1853277	2.609029960149708e-26
813	0.1885042	9.47177496892438e-28
814	0.1907065	9.137692425345048e-29
815	0.1914239	4.2367414903990986e-29
816	0.1956089	4.481090248153544e-31
817	0.1916201	3.4315389353278164e-29
818	0.1922724	1.699676202647133e-29
819	0.1919168	2.4937344698404074e-29
820	0.1911952	5.415052741196169e-29
821	0.1830536	2.684996054732136e-25
822	0.1960072	2.889880377510282e-31
823	0.1878343	1.9168543363555448e-27
824	0.1869614	4.781436715628616e-27
825	0.1895799	3.0346084376887156e-28
826	0.1944062	1.6751161358100565e-30
827	0.1968467	1.1428091379960827e-31
828	0.1878167	1.9526080554074803e-27
829	0.1941426	2.2337538389803792e-30
830	0.1900777	1.787395546398844e-28
831	0.1904936	1.147147398827701e-28
832	0.1871974	3.736394374766521e-27
833	0.2025849	1.7998584197613171e-34
834	0.1958092	3.5944679376966768e-31
835	0.1950186	8.569180193146103e-31
836	0.1871896	3.76699684997251e-27
837	0.1919864	2.3136237239497166e-29
838	0.190862	7.737590523366864e-29
839	0.1917398	3.017077053842586e-29
840	0.1937117	3.572291543731707e-30
841	0.1918476	2.686625868788845e-29
842	0.1938066	3.2216735783663406e-30
843	0.1908136	8.148828560114824e-29
844	0.1885325	9.193249696758673e-28
845	0.1919605	2.379084153092933e-29
846	0.1961314	2.5199362591355113e-31
847	0.1919131	2.5036903539911038e-29
848	0.1967507	1.2709893239382168e-31
849	0.1902389	1.505316866503986e-28
850	0.1970667	8.95529838188107e-32
851	0.1932957	5.614697741529028e-30
852	0.1871186	4.057264425846522e-27
853	0.1970108	9.527933933628e-32
854	0.1896926	2.6922797256786403e-28
855	0.1928972	8.649667428872419e-30
856	0.1857191	1.74040671824956e-26
857	0.19038069999999999	1.2940505218185712e-28
858	0.1952877	6.378263585328465e-31
859	0.1881324	1.4012394408878873e-27
860	0.1912951	4.864843352343826e-29
861	0.190294	1.419431216303738e-28
862	0.1948962	9.799485905087467e-31
863	0.198153	2.67515031774447e-32
864	0.1891996	4.541992156871757e-28
865	0.195257	6.5969327447999e-31
866	0.19087	7.671633452656595e-29
867	0.1873561	3.164730658476548e-27
868	0.197231	7.463006051812969e-32
869	0.1959	3.2523283783462976e-31
870	0.1972846	7.031886683858969e-32
871	0.1851836	3.027594128398246e-26
872	0.1918451	2.693865500290488e-29
873	0.189365	3.8117449953593573e-28
874	0.1958174	3.562152439036588e-31
875	0.1918477	2.6863366863225754e-29
876	0.1895515	3.127492910624261e-28
877	0.1910557	6.288331775697839e-29
878	0.1872978	3.3638594009144904e-27
879	0.1920109	2.2533513382515903e-29
880	0.185259	2.800875978686342e-26
881	0.1946032	1.3505512857513762e-30
882	0.1977839	4.0363187183019515e-32
883	0.1928587	9.017949010015485e-30
884	0.1904245	1.2349606244773938e-28
885	0.1890444	5.353072327434177e-28
886	0.1927415	1.023781540988287e-29
887	0.1921444	1.9513422808268082e-29
888	0.1935119	4.43940557364224e-30
889	0.1874769	2.788648316683915e-27
890	0.1891454	4.810319559198825e-28
891	0.1858296	1.5521304210521728e-26
892	0.1959027	3.2426668184448186e-31
893	0.1897746	2.467602301302306e-28
894	0.1861584	1.1034705238335756e-26
895	0.2005098	1.8986077653801158e-33
896	0.1906183	1.0040970228664033e-28
897	0.1932943	5.62323811029041e-30
898	0.1822207	6.249134730070949e-25
899	0.1899445	2.0596864017165644e-28
900	0.1945213	1.4770977137202652e-30
901	0.1857688	1.6530704292431368e-26
902	0.1883764	1.0837747729017709e-27
903	0.2003872	2.180470369044399e-33
904	0.1889817	5.720200106458469e-28
905	0.1938184	3.180542440582993e-30
906	0.1915547	3.681418977277448e-29
907	0.190464	1.1839764551519535e-28
908	0.1962732	2.1548595200528673e-31
909	0.1868899	5.151995749346761e-27
910	0.1948179	1.0677115949744497e-30
911	0.1983984	2.034153164618191e-32
912	0.1912444	5.136752378301385e-29
913	0.191723	3.0720960199788146e-29
914	0.1869644	4.7664816559692e-27
915	0.1954111	5.569708636387811e-31
916	0.1901195	1.7095644424083436e-28
917	0.1923818	1.510347485767012e-29
918	0.1970499	9.123699510993624e-32
919	0.191542	3.732001008627659e-29
920	0.1915979	3.5144099190550757e-29
921	0.1952523	6.631061778363106e-31
922	0.1952062	6.975269239608878e-31
923	0.1900746	1.7933060905317293e-28
924	0.1907621	8.610290434233462e-29
925	0.1939265	2.8272351496947468e-30
926	0.1908128	8.155805341070312e-29
927	0.1916125	3.459688084414066e-29
928	0.1938435	3.0947807446772995e-30
929	0.1900539	1.8332744510594642e-28
930	0.1951925	7.0809457934233395e-31
931	0.1917276	3.0569328703100917e-29
932	0.1900595	1.822375181766485e-28
933	0.1885283	9.234065234953519e-28
934	0.1908977	7.447546545160515e-29
935	0.196137	2.504414772828896e-31
936	0.1962518	2.206379860747467e-31
937	0.1873301	3.252045763125341e-27
938	0.1881203	1.4191908265158166e-27
939	0.2010386	1.0440302051326223e-33
940	0.1954534	5.316712550851913e-31
941	0.1886315	8.281435695703173e-28
942	0.1880737	1.4904869499371095e-27
943	0.1977751	4.0760561284328997e-32
944	0.1958294	3.5153817970138244e-31
945	0.1850353	3.528049527314148e-26
946	0.189936	2.07839969207042e-28
947	0.1909889	6.754750523304784e-29
948	0.1935826	4.110941619534833e-30
949	0.1928821	8.79229272590098e-30
950	0.1929794	7.912672684823777e-30
951	0.1937882	3.286868466495082e-30
952	0.1970956	8.672813940825526e-32
953	0.1860994	1.1731987884888731e-26
954	0.1994314	6.395954401739168e-33
955	0.1900515	1.837965383234523e-28
956	0.1962739	2.153194647675632e-31
957	0.1923693	1.530871907311144e-29
958	0.1919821	2.324366317557758e-29
959	0.1911446	5.716914326224151e-29
960	0.1948547	1.0255307335019591e-30
961	0.1950796	8.014702655992769e-31
962	0.1860825	1.1939664899446858e-26
963	0.1974296	5.985851456908798e-32
964	0.1896804	2.727401906183039e-28
965	0.1910325	6.446574292560506e-29
966	0.1906062	1.0171624801660623e-28
967	0.1925142	1.3090620700408713e-29
968	0.1886297	8.297183141975936e-28
969	0.1971824	7.876596236098726e-32
970	0.1949282	9.461821806682425e-31
971	0.1906378	9.833913891146332e-29
972	0.1905606	1.06793781283113e-28
973	0.1934682	4.655351597705108e-30
974	0.1935706	4.164937596458539e-30
975	0.1883752	1.085146018598826e-27
976	0.1920841	2.0824178558867755e-29
977	0.188746	7.338453507751885e-28
978	0.1980721	2.92774009349595e-32
979	0.1993084	7.343099733064016e-33
980	0.1942906	1.900561058050694e-30
981	0.1928663	8.944034395068923e-30
982	0.1938269	3.1512381322758568e-30
983	0.1873227	3.277331785776859e-27
984	0.1881075	1.4384295684580612e-27
985	0.196693	1.3548125813168164e-31
986	0.1905748	1.0518617351674567e-28
987	0.1950351	8.415539691782524e-31
988	0.1880315	1.5581172919708666e-27
989	0.1871719	3.837368026337469e-27
990	0.1975436	5.273456097593622e-32
991	0.1890267	5.454270720898642e-28
992	0.1972683	7.160301460826134e-32
993	0.1878823	1.822617471697046e-27
994	0.1899473	2.0535587778374725e-28
995	0.1893521	3.8642362103249267e-28
996	0.1930142	7.619802668550433e-30
997	0.1853916	2.4423313120173073e-26
998	0.1947809	1.111861502583359e-30
999	0.1969108	1.0644696785651451e-31
