Dataset	Random-mean	P-value
0	0.19966275	2.7852516135469196e-44
1	0.19688443	2.9345199250058345e-42
2	0.19370344	5.594492560653491e-40
3	0.19479828	9.276265714734709e-41
4	0.19849437	1.9901782835744164e-43
5	0.19558783	2.5216589558587176e-41
6	0.20035156	8.69167487958247e-45
7	0.19583958	1.6626871441997486e-41
8	0.19710791	2.0224967133780373e-42
9	0.20192579	5.984514170312979e-46
10	0.19854688	1.8222806490490765e-43
11	0.19960503	3.070219772208883e-44
12	0.19810695	3.8105576339512674e-43
13	0.19417677	2.576066189072266e-40
14	0.19622774	8.738832483436837e-42
15	0.20276068	1.4364902047468133e-46
16	0.19691153	2.8050773272408653e-42
17	0.19745877	1.1264856097418841e-42
18	0.19814845	3.554649978530788e-43
19	0.1922872	5.625314191218564e-39
20	0.20109454	2.4643868538854503e-45
21	0.1965171	5.40542834323472e-42
22	0.19695949	2.589792225823246e-42
23	0.19465885	1.166860019607783e-40
24	0.19702843	2.308868945329758e-42
25	0.20294848	1.0413114018239843e-46
26	0.1988945	1.0161760503977542e-43
27	0.19543396	3.2517575140543274e-41
28	0.19842174	2.2481149333615695e-43
29	0.19519434	4.829594224083076e-41
30	0.19264171	3.16222196089025e-39
31	0.1979854	4.670691610406503e-43
32	0.19744225	1.1579850495851524e-42
33	0.20054765	6.234754885093471e-45
34	0.19989828	1.87117267363353e-44
35	0.19440876	1.7601857592303365e-40
36	0.19997745	1.636825030904553e-44
37	0.19415951	2.650050518889478e-40
38	0.20108857	2.489516041543109e-45
39	0.19563296	2.3403429042967183e-41
40	0.19388816	4.134534366984328e-40
41	0.19746154	1.121288190729614e-42
42	0.19665677	4.2856572966445073e-42
43	0.19980691	2.183498547109803e-44
44	0.20163899	9.758289941480078e-46
45	0.19679072	3.42976576844357e-42
46	0.19403964	3.225706193036282e-40
47	0.19286035	2.2154294128786537e-39
48	0.19873181	1.3357727430743844e-43
49	0.19989286	1.8883887073254782e-44
50	0.19414410000000001	2.717892256361059e-40
51	0.19459537	1.2952704455332653e-40
52	0.1988423	1.1093927625469486e-43
53	0.19761266	8.711722605443946e-43
54	0.20151713	1.200917995313812e-45
55	0.2034366	4.506888430068706e-47
56	0.19723252	1.6431342194151205e-42
57	0.19902673	8.135249886016619e-44
58	0.19486745	8.277739251864182e-41
59	0.1971245	1.96734435516941e-42
60	0.19807912	3.992377763037728e-43
61	0.2020053	5.2252954510516e-46
62	0.19927221	5.381135077556025e-44
63	0.19629093	7.869037623413897e-42
64	0.2011031	2.4287964702336672e-45
65	0.19951026	3.602500865325311e-44
66	0.19880426	1.182649089732828e-43
67	0.20083242	3.846323126001233e-45
68	0.19791637	5.242718672150583e-43
69	0.2001771	1.1677747670011452e-44
70	0.19650243	5.5387853413802895e-42
71	0.19687041	3.00380604340308e-42
72	0.202422	2.5643752399429357e-46
73	0.19948461	3.761763188176288e-44
74	0.20151934	1.1964073444230829e-45
75	0.19916327	6.464848650981347e-44
76	0.19341617	8.948223940025752e-40
77	0.1984126	2.2828511902849055e-43
78	0.20004476	1.4607592446052694e-44
79	0.19893621	9.473387764984639e-44
80	0.19408851	2.9773285205884335e-40
81	0.19007574	1.9902382626214772e-37
82	0.19792143	5.198514028882522e-43
83	0.19724918	1.5981119560182086e-42
84	0.19629598	7.80336950467381e-42
85	0.19442681	1.7087588768732116e-40
86	0.19483445	8.739999332555114e-41
87	0.19269647	2.8927189775460106e-39
88	0.20099778	2.904729092731307e-45
89	0.20098855	2.950628484044204e-45
90	0.19618666	9.355039789533021e-42
91	0.19916252	6.473017847035139e-44
92	0.19686386	3.0367323782840525e-42
93	0.19715085	1.882811235551536e-42
94	0.20206232	4.740728208227413e-46
95	0.19685319	3.0911418114448245e-42
96	0.1910683	4.039299370915617e-38
97	0.19798446	4.678046796995815e-43
98	0.19547445	3.0413576454527523e-41
99	0.19792865	5.136082052574428e-43
100	0.20183754	6.956621122442977e-46
101	0.19660532	4.668336815330242e-42
102	0.20003183	1.4930486979461464e-44
103	0.19320704	1.2589893879658179e-39
104	0.20289568	1.1399225103581307e-46
105	0.19840421	2.315207938250771e-43
106	0.19393995	3.798220008452521e-40
107	0.19892109	9.717380281157607e-44
108	0.1974832	1.0814628259648314e-42
109	0.19483898	8.675051492530736e-41
110	0.1976316	8.440344392093664e-43
111	0.19955628	3.3334262567822896e-44
112	0.19967289	2.737986166529114e-44
113	0.19893554	9.484069112635412e-44
114	0.19936325	4.615830971974887e-44
115	0.20255564	2.040408665226473e-46
116	0.19701875	2.346400196339078e-42
117	0.19784436	5.913972815531488e-43
118	0.19963849	2.9016624290455973e-44
119	0.19605223	1.169063978184658e-41
120	0.18816811	4.1514934093895644e-36
121	0.20075624	4.377143165523849e-45
122	0.19322035	1.2319405193277526e-39
123	0.19770963	7.408384089655421e-43
124	0.19886166	1.0738653423935032e-43
125	0.19430096	2.1010744328612507e-40
126	0.19644311	6.112314459932127e-42
127	0.19900051	8.502182154142044e-44
128	0.20036427	8.506589088327725e-45
129	0.19903185	8.065463258978057e-44
130	0.19292873	1.9819254950036467e-39
131	0.19639211	6.652493979251608e-42
132	0.19987311	1.9524695876135748e-44
133	0.20383039	2.2902844114843783e-47
134	0.19860559	1.651228857020957e-43
135	0.1916544	1.5681722213587244e-38
136	0.19956354	3.292847727523605e-44
137	0.20293914	1.0581135891249561e-46
138	0.19443224	1.6935831180225775e-40
139	0.19997062	1.655832567357981e-44
140	0.20098459	2.9705420214677906e-45
141	0.19772295	7.245246463767136e-43
142	0.19178008	1.2796601543279622e-38
143	0.19507561	5.874221779406636e-41
144	0.19534849	3.744727350634726e-41
145	0.20313152	7.608297960119764e-47
146	0.19806236	4.106021456699231e-43
147	0.19604692	1.1793974595069808e-41
148	0.20074357	4.4722558886787686e-45
149	0.19546043	3.1126281501180914e-41
150	0.20133192	1.6459466227044297e-45
151	0.20022175	1.0827905305718344e-44
152	0.1969116	2.8047504548178713e-42
153	0.1928082	2.4117652914339312e-39
154	0.19605235000000001	1.1688314989972627e-41
155	0.19610898	1.0641071857578397e-41
156	0.20060261	5.680093281950977e-45
157	0.1980969	3.875244151027115e-43
158	0.19599008	1.2958789679890805e-41
159	0.19373353	5.325694553488542e-40
160	0.19861519	1.6248239346881944e-43
161	0.20046025	7.230117463198134e-45
162	0.19456577	1.3598699648581067e-40
163	0.19905762	7.723172846836049e-44
164	0.19450893	1.4930569364775726e-40
165	0.19439995	1.7858439501159685e-40
166	0.19732149	1.4165289055148673e-42
167	0.20011769	1.2912503383845245e-44
168	0.20123356	1.9456876536491116e-45
169	0.19659159	4.776095277063917e-42
170	0.19683459	3.188322337841888e-42
171	0.19556271	2.628579265985081e-41
172	0.19864262	1.5516747004955106e-43
173	0.19463622	1.2111123689885086e-40
174	0.19441848	1.7323033954502759e-40
175	0.20034685	8.761278082744214e-45
176	0.20079779	4.079159780579024e-45
177	0.19592533	1.4426003456870285e-41
178	0.19725584	1.580459869611319e-42
179	0.19874283	1.3112665959807193e-43
180	0.20270679	1.5753419972373583e-46
181	0.20119197	2.088262919659505e-45
182	0.19641891	6.362954484132194e-42
183	0.19858804	1.7006112215654234e-43
184	0.19704925	2.2301613283987202e-42
185	0.19527932	4.197693204843955e-41
186	0.20068828	4.9120251038620754e-45
187	0.20098985	2.9441202806207384e-45
188	0.19917058	6.385762634717926e-44
189	0.19501362	6.506218014957774e-41
190	0.19718327	1.783757547998179e-42
191	0.20176144	7.92039281782684e-46
192	0.19995527	1.6993578349316855e-44
193	0.19588134	1.5516137218623605e-41
194	0.19324194	1.1892910529863874e-39
195	0.2001889	1.144689210177997e-44
196	0.19474006	1.02091629949786e-40
197	0.19438845	1.8198981463642927e-40
198	0.19962977	2.944679890020556e-44
199	0.19627577	8.069499464396374e-42
200	0.19965935	2.801281430113103e-44
201	0.19954837	3.3782056199627545e-44
202	0.200258	1.0183523849863648e-44
203	0.19850928	1.9409952907576942e-43
204	0.19337474	9.574740760808693e-40
205	0.19933345	4.853567759854028e-44
206	0.1970364	2.27841736212389e-42
207	0.19669396	4.028669279642455e-42
208	0.19618948	9.311388343685665e-42
209	0.20236337	2.8347292296869055e-46
210	0.19982125	2.131245422886627e-44
211	0.19768228	7.754924144778861e-43
212	0.1951009	5.634314654870831e-41
213	0.19910357	7.148387260767045e-44
214	0.19792718	5.148732373481303e-43
215	0.20054988	6.211232225213907e-45
216	0.19785199	5.83896989551395e-43
217	0.19566428	2.222207966852114e-41
218	0.19965883	2.8037411464186e-44
219	0.19326357	1.148038197065686e-39
220	0.20019909	1.1251199967365776e-44
221	0.1972028	1.7266125397126975e-42
222	0.19592305	1.4480581022728037e-41
223	0.19720644	1.7161654228139334e-42
224	0.20175329	8.03119621414411e-46
225	0.19943073	4.1195356577759367e-44
226	0.20107527	2.5464215514064916e-45
227	0.19737984	1.2851156793412182e-42
228	0.20274471	1.4763143589190007e-46
229	0.19897416	8.887557391361264e-44
230	0.1983177	2.6767052293458164e-43
231	0.20024054	1.0488974240640341e-44
232	0.20089492	3.45913882848237e-45
233	0.19528065	4.1884886515083935e-41
234	0.20165014	9.574664268851287e-46
235	0.19653161	5.276674882741882e-42
236	0.19178139	1.276950128377094e-38
237	0.1935197	7.555501637483692e-40
238	0.19724716	1.6035046385340415e-42
239	0.19521317	4.681863491195106e-41
240	0.19960128	3.0897088930588885e-44
241	0.19756197	9.481583592539418e-43
242	0.2077803	2.420146880594774e-50
243	0.19747021	1.1051744729896724e-42
244	0.19468557	1.1166802166495795e-40
245	0.20130957	1.709733191905534e-45
246	0.19599231	1.291099994987086e-41
247	0.19768827	7.677670963796228e-43
248	0.19737457	1.296467508406783e-42
249	0.19560623	2.446102550980279e-41
250	0.19886105	1.0749672471264267e-43
251	0.2008854	3.515502663155667e-45
252	0.19080124	6.209630227295101e-38
253	0.19557539	2.574055244969872e-41
254	0.20044837	7.377121190710192e-45
255	0.20369946	2.868748946915319e-47
256	0.19444546	1.6571951457528928e-40
257	0.19591599	1.4650888784487051e-41
258	0.19717776	1.8002182048607495e-42
259	0.19522655	4.5796364150585494e-41
260	0.19658795	4.8050769108452695e-42
261	0.19758276	9.157952173237115e-43
262	0.19519004	4.863976265617267e-41
263	0.19313995	1.4046093667404645e-39
264	0.19398786	3.5114349519748285e-40
265	0.19302535	1.6931996217982963e-39
266	0.19604147	1.1900980708936065e-41
267	0.19642454	6.303745016854733e-42
268	0.19258298	3.479121538030506e-39
269	0.19926993	5.401844038053521e-44
270	0.20014751	1.2277270389199626e-44
271	0.19547399	3.043670034554341e-41
272	0.19809581	3.882325380546483e-43
273	0.19883307	1.126740852606574e-43
274	0.19863469	1.5724779953236498e-43
275	0.19981192	2.1650991363609672e-44
276	0.20048959	6.879458054546257e-45
277	0.19508312	5.801936379276236e-41
278	0.19727817	1.5226813203216874e-42
279	0.19917735	6.313379507934382e-44
280	0.19638792	6.698933767535509e-42
281	0.2000799	1.3764806573771334e-44
282	0.19764454	8.259798527852706e-43
283	0.19601391	1.245710008323464e-41
284	0.19397843	3.5661226205111993e-40
285	0.19946037	3.9187170246830694e-44
286	0.19829065	2.8008969556079665e-43
287	0.19536901	3.619971204879911e-41
288	0.19624569	8.482444246932372e-42
289	0.19433561	1.9848790564797396e-40
290	0.198409	2.2966793010200795e-43
291	0.20086412	3.644826067380002e-45
292	0.19889823	1.0098222561255907e-43
293	0.19865794	1.5122587249164327e-43
294	0.19919801	6.097506937294574e-44
295	0.19783061	6.0515686626013446e-43
296	0.19701619	2.3564271015653894e-42
297	0.19737489	1.2957753714192709e-42
298	0.20145584	1.3330004838381182e-45
299	0.19711072	2.013047796713513e-42
300	0.19801973	4.4098262362194565e-43
301	0.20128313	1.7883828449016048e-45
302	0.19592377	1.446332380331174e-41
303	0.1987281	1.3441253183600019e-43
304	0.19599422	1.287020763670782e-41
305	0.19790174	5.372647103307174e-43
306	0.19692816	2.7284791931203998e-42
307	0.18940484	5.816805086377512e-37
308	0.19304467	1.6407055425981304e-39
309	0.19670103	3.981581463820613e-42
310	0.19418844	2.5272132624306984e-40
311	0.1942326	2.3505640152028483e-40
312	0.19515013	5.194959768455713e-41
313	0.20397849	1.7749793583137777e-47
314	0.19861865	1.6154107279863856e-43
315	0.19857736	1.731380570021843e-43
316	0.19379528	4.813714331362021e-40
317	0.19442786	1.7058138055227555e-40
318	0.19387602	4.217568900271571e-40
319	0.20142956	1.3939828565754488e-45
320	0.20188102	6.459437411106879e-46
321	0.19458506	1.3174163990410784e-40
322	0.19755224	9.636939796911192e-43
323	0.19587535	1.567079553823923e-41
324	0.19436876	1.879714209932711e-40
325	0.19284438	2.2737988464699003e-39
326	0.2015484	1.1386436208971093e-45
327	0.19521853	4.640641277461214e-41
328	0.20140404	1.4558628978278693e-45
329	0.19895592	9.164474919059327e-44
330	0.19998476	1.6167226663347129e-44
331	0.19400331	3.4236360293434303e-40
332	0.19955136	3.361208826543801e-44
333	0.19969279	2.6475390921079934e-44
334	0.20019347	1.1358712042566206e-44
335	0.19723784	1.6286216180839767e-42
336	0.19766613	7.967094276958275e-43
337	0.19501083	6.53620410673691e-41
338	0.19846393	2.094480791032847e-43
339	0.20132323	1.6704607829884762e-45
340	0.19714689	1.8952801572774537e-42
341	0.19297844	1.827728356315617e-39
342	0.20013878	1.2459942495159008e-44
343	0.20167186	9.226801321517756e-46
344	0.20021938	1.0871423384540689e-44
345	0.19922227	5.853396141670718e-44
346	0.19326714	1.1413679255095331e-39
347	0.19882615	1.1399243973428048e-43
348	0.19611252	1.057880502166752e-41
349	0.20097263	3.0315022465111346e-45
350	0.19565574	2.2538173167641714e-41
351	0.19867048	1.48073945944158e-43
352	0.19674881	3.677422932861677e-42
353	0.19907139	7.546250352046894e-44
354	0.19875693	1.2805638071505885e-43
355	0.19868321	1.449412563244241e-43
356	0.19270342	2.860193614766885e-39
357	0.19786815	5.683233722353688e-43
358	0.20068567	4.9338187022111065e-45
359	0.19537644	3.5758277627865555e-41
360	0.19589073	1.5276749238014584e-41
361	0.19999391	1.591906923227676e-44
362	0.196476	5.787376756159218e-42
363	0.20429863	1.0225030106217537e-47
364	0.20039815	8.032198902604697e-45
365	0.19600956	1.254721295944061e-41
366	0.199105	7.131200967942536e-44
367	0.19571743	2.0351782633506043e-41
368	0.19932828	4.896038206438884e-44
369	0.20136166	1.5647343888114653e-45
370	0.19833869	2.5841322987333645e-43
371	0.19672245	3.8422424182710875e-42
372	0.19583083	1.686946292020022e-41
373	0.19998999	1.6024915190094108e-44
374	0.19688336	2.939751182711887e-42
375	0.19752434	1.0096624968011978e-42
376	0.19577154	1.860884600454745e-41
377	0.19660844	4.64418976528004e-42
378	0.19953766	3.439793425055997e-44
379	0.19713473	1.9340853944618472e-42
380	0.19879369	1.2038474495731272e-43
381	0.19230122	5.4987442415993365e-39
382	0.19843146	2.2117524502612117e-43
383	0.19619164	9.278090562378344e-42
384	0.19680896	3.3272418905320144e-42
385	0.20323249	6.398188734170031e-47
386	0.19272368	2.7674435337351187e-39
387	0.19208145	7.854088429848933e-39
388	0.19478588	9.46756042427856e-41
389	0.19673977	3.733137021201355e-42
390	0.19688992	2.907824776195569e-42
391	0.1955295	2.7769000165198156e-41
392	0.19746268	1.1191561311141149e-42
393	0.19381721	4.6439484271247736e-40
394	0.19675607	3.633279853201342e-42
395	0.19774195	7.018721699899745e-43
396	0.19357513	6.900935120645348e-40
397	0.20091858	3.322930550431476e-45
398	0.19819091	3.3105505762285007e-43
399	0.19893492	9.49396404177412e-44
400	0.20093746	3.218087802676804e-45
401	0.193087	1.531292067810056e-39
402	0.20260054	1.889527306428244e-46
403	0.19779798	6.3910046923312565e-43
404	0.2040008	1.7080937911160497e-47
405	0.19898176	8.774652202646482e-44
406	0.19739076	1.2619079055162526e-42
407	0.19826264	2.9355530567360476e-43
408	0.19566704	2.2120870839808592e-41
409	0.19395889	3.682157993403643e-40
410	0.19348391	8.01064939662723e-40
411	0.20019273	1.1372944552254328e-44
412	0.19587754	1.561407361338398e-41
413	0.19933599	4.832836972465554e-44
414	0.19663724	4.4270910506384726e-42
415	0.19999328	1.593603305220393e-44
416	0.19866703	1.4893451284667973e-43
417	0.19552431	2.800821312757082e-41
418	0.2003908	8.132820938024054e-45
419	0.20228995	3.2137064276742835e-46
420	0.1960273	1.2183747401022867e-41
421	0.20006045	1.4225111481232967e-44
422	0.19273127	2.7334736434763984e-39
423	0.19800276	4.536909326817104e-43
424	0.19829807	2.76626950464633e-43
425	0.20223902	3.5058828671223994e-46
426	0.196665	4.227414186355391e-42
427	0.19932676	4.908595024026869e-44
428	0.19908277	7.403089678640748e-44
429	0.19718579	1.776279350607214e-42
430	0.19759629	8.953274777402438e-43
431	0.19829154	2.796720824915224e-43
432	0.19504529	6.175300702800724e-41
433	0.19114061	3.5949022737095755e-38
434	0.19858207	1.717743112396107e-43
435	0.195168	5.044071491360318e-41
436	0.19981893	2.1396138643273336e-44
437	0.20068876	4.9080275493397265e-45
438	0.19552093	2.816510443292575e-41
439	0.19709984	2.0498794628372814e-42
440	0.19569239	2.1212517009167383e-41
441	0.19705666	2.2027988987058203e-42
442	0.19301402	1.7247592854650214e-39
443	0.19956131	3.3052592403606015e-44
444	0.19798122	4.703487326936359e-43
445	0.19530087	4.0510042219876986e-41
446	0.19401596	3.353380511983524e-40
447	0.19785626	5.797410433172324e-43
448	0.1977073	7.437294935895835e-43
449	0.193985	3.5279321328370818e-40
450	0.19117113	3.4222813963680593e-38
451	0.19753831	9.863783660654889e-43
452	0.19987007	1.9625239203289531e-44
453	0.19478929	9.414565827279148e-41
454	0.20008642	1.3613852134940342e-44
455	0.19871856	1.3658432623332177e-43
456	0.19755234	9.635330288729025e-43
457	0.19907168	7.542568094768811e-44
458	0.2006861	4.930221563015131e-45
459	0.19442325	1.7187818402128e-40
460	0.18980319	3.0786330619801445e-37
461	0.19965099	2.841088178709326e-44
462	0.1990754	7.495492206407466e-44
463	0.19834798	2.5441860233116605e-43
464	0.2018673	6.612370290835419e-46
465	0.19700975	2.3818403246961047e-42
466	0.19844944	2.1460279878184944e-43
467	0.2026709	1.6751627552426662e-46
468	0.19734221	1.3683972064569153e-42
469	0.19751957	1.0177376112884717e-42
470	0.1974462	1.1503744347142674e-42
471	0.19959917	3.1007289527511385e-44
472	0.20699714	9.500442555312785e-50
473	0.19651608	5.414596170915954e-42
474	0.19784923	5.865990591029563e-43
475	0.20009453	1.3428386939394476e-44
476	0.19365836	6.0227042649232734e-40
477	0.19559262	2.501768543290474e-41
478	0.19530337	4.034321163661471e-41
479	0.19799407	4.60339301900139e-43
480	0.19699448	2.4431953700878664e-42
481	0.1978894	5.484730601650343e-43
482	0.19589789	1.5096689720775931e-41
483	0.19766108	8.034618822339934e-43
484	0.19062254	8.276880168466393e-38
485	0.200138	1.2476395016287749e-44
486	0.20043767	7.512072861149509e-45
487	0.19368622	5.75436012472031e-40
488	0.19733971	1.3741169894113855e-42
489	0.19474455	1.0134003638695684e-40
490	0.19215122	7.013953425567152e-39
491	0.19982861	2.1049126620333545e-44
492	0.19966849	2.758396794592087e-44
493	0.1994471	4.0073886110384306e-44
494	0.19549402	2.944585702470127e-41
495	0.19836253	2.4828558480627807e-43
496	0.19052526	9.677179710004184e-38
497	0.19995875	1.6893912746833214e-44
498	0.19732177	1.4158673591327231e-42
499	0.19899935	8.518791417500311e-44
500	0.19775713	6.842825658131991e-43
501	0.19856962	1.7540260152758866e-43
502	0.19295506	1.8987028101627535e-39
503	0.19418079	2.5591323212440778e-40
504	0.19503031	6.329680765607707e-41
505	0.20043359	7.564176940184988e-45
506	0.19877862	1.2347273927171245e-43
507	0.19838969	2.3722896380314627e-43
508	0.19960289	3.081326497671322e-44
509	0.19713593	1.9302209666079453e-42
510	0.20083485	3.830491604916133e-45
511	0.1990531	7.782144515731089e-44
512	0.19466213	1.1605812085263975e-40
513	0.19589002	1.529472054752998e-41
514	0.2005128	6.614118992662002e-45
515	0.19298544	1.8069973895202012e-39
516	0.19963963	2.8960851000272773e-44
517	0.19749852	1.0541490563872916e-42
518	0.19564778	2.2836832947389994e-41
519	0.19546864	3.070693184154801e-41
520	0.19599703	1.2810427240048694e-41
521	0.19930885	5.058991246687667e-44
522	0.19755107	9.655790968132217e-43
523	0.19876514	1.263017797624711e-43
524	0.19626864	8.165532156439752e-42
525	0.19810813	3.803033570269282e-43
526	0.19767885	7.799509368583987e-43
527	0.19499102	6.753114400297374e-41
528	0.19832192	2.657831806090111e-43
529	0.20019022	1.1421352273365957e-44
530	0.19781788	6.181800869264449e-43
531	0.19832391	2.6489778729964473e-43
532	0.19507982	5.833589758269233e-41
533	0.19335677	9.859904115344015e-40
534	0.20096079	3.093079517358894e-45
535	0.20363952	3.1801554461913034e-47
536	0.19645268	6.015935345632427e-42
537	0.19821893	3.1586934125968537e-43
538	0.19667643	4.147831576152624e-42
539	0.19536252	3.6589740731232155e-41
540	0.1972931	1.4852297146549272e-42
541	0.20086787	3.621696986906679e-45
542	0.19676001	3.60954495094068e-42
543	0.19485545	8.442944343832852e-41
544	0.19341782	8.9241364597445e-40
545	0.1983531	2.5224341997956877e-43
546	0.19555453	2.6643625975358183e-41
547	0.19686883	3.011715861296686e-42
548	0.19380266	4.755904363675637e-40
549	0.19160245	1.705584548619367e-38
550	0.19783692	5.988032836875633e-43
551	0.19971985	2.529310819580977e-44
552	0.19668791	4.06940417599335e-42
553	0.19431083	2.0673026290127585e-40
554	0.19766397	7.995906541556822e-43
555	0.20094934	3.153814539725156e-45
556	0.19824534	3.0219261421508953e-43
557	0.1978241	6.117822754214956e-43
558	0.19986223	1.98869241436368e-44
559	0.2014467	1.353901885909502e-45
560	0.196469	5.855059031776708e-42
561	0.2014099	1.441415775127411e-45
562	0.19677101	3.54409500288728e-42
563	0.20456835	6.42101735674801e-48
564	0.19788541	5.5214679412080255e-43
565	0.20360803	3.357039872844e-47
566	0.19747311	1.0998363383221882e-42
567	0.20039803	8.033831700441952e-45
568	0.19749952	1.0523902752877912e-42
569	0.19872557	1.3498511236248465e-43
570	0.20070789	4.7513220681282164e-45
571	0.19681597	3.288657683844795e-42
572	0.19936555	4.597972298558478e-44
573	0.20051037	6.641413745065926e-45
574	0.19581776	1.7238411553347978e-41
575	0.19400425	3.4183653849640146e-40
576	0.19997585	1.6412581410127437e-44
577	0.19513905	5.290766432799808e-41
578	0.2015862	1.0676492695002638e-45
579	0.19602901	1.2149271620485206e-41
580	0.19373306	5.329792522394838e-40
581	0.19247219	4.165578615909176e-39
582	0.19301725	1.715702871810699e-39
583	0.2029559	1.02815309248447e-46
584	0.19597589	1.3267044681170057e-41
585	0.20302329	9.159881710131534e-47
586	0.19318219	1.3110839094112948e-39
587	0.20103109	2.7449262050179595e-45
588	0.19899222	8.621594035895247e-44
589	0.19561195	2.4230773813936454e-41
590	0.20075383	4.3950781683748614e-45
591	0.19386885	4.267388353238392e-40
592	0.19704833	2.2335821132831993e-42
593	0.19607408	1.1274841936551937e-41
594	0.192229	6.182522777447637e-39
595	0.20390825	2.003099348161707e-47
596	0.19318782	1.2990963213600648e-39
597	0.20055039	6.205865049875277e-45
598	0.19671108	3.9155889252683564e-42
599	0.20002576	1.5084515343240798e-44
600	0.201246	1.9049591855029363e-45
601	0.19781738	6.186972677095014e-43
602	0.19738683	1.2702116287107256e-42
603	0.19674138	3.7231532690627306e-42
604	0.19335494	9.88941476750508e-40
605	0.19926018	5.491302340723547e-44
606	0.19684384	3.13961847283584e-42
607	0.19821585	3.175040113176034e-43
608	0.19646168	5.92667943875447e-42
609	0.19612329	1.0391590677152449e-41
610	0.20395491	1.8485140143256348e-47
611	0.19685802	3.0663928807800145e-42
612	0.19594751	1.3905653053598186e-41
613	0.19793938	5.044677134996362e-43
614	0.19594816	1.3890689371119355e-41
615	0.20037437	8.362317456458164e-45
616	0.20097763	3.005866901072041e-45
617	0.19528747	4.141604489278606e-41
618	0.1973014	1.4648079771805405e-42
619	0.19709797	2.0562772210493286e-42
620	0.20448542	7.408933897472083e-48
621	0.19832314	2.6524002734354787e-43
622	0.19555887	2.645317258802304e-41
623	0.19784453	5.9122912987518245e-43
624	0.19516864	5.0387493399178e-41
625	0.19347678	8.104535372448688e-40
626	0.19718418	1.7810534741634343e-42
627	0.19877572	1.2407597754921314e-43
628	0.19466998	1.1456905730158305e-40
629	0.20119994	2.06015646962558e-45
630	0.1973754	1.2946730394052184e-42
631	0.19562193	2.3834201983415654e-41
632	0.19468469	1.1182980744380368e-40
633	0.19664731	4.353593846351526e-42
634	0.19743455	1.1729655272506801e-42
635	0.19492452	7.535093255098621e-41
636	0.19718777	1.770425557070232e-42
637	0.19581433	1.7336561110364425e-41
638	0.19779664	6.4053427956404266e-43
639	0.19695802	2.5961394038875995e-42
640	0.19682384	3.245871145408593e-42
641	0.19535124	3.727762591746696e-41
642	0.19902571	8.14922444330946e-44
643	0.19599339	1.2887918331595313e-41
644	0.19463346	1.2166226601996434e-40
645	0.2026895	1.6226673982458278e-46
646	0.19550535	2.889969085424764e-41
647	0.20015069	1.2211395684646151e-44
648	0.19764677	8.229075634113168e-43
649	0.19548644	2.981698512499262e-41
650	0.19679083	3.429138135011914e-42
651	0.20119195	2.0883339291081865e-45
652	0.19773717	7.075036989731844e-43
653	0.20270208	1.5880958494287418e-46
654	0.20080456	4.0325618517141795e-45
655	0.20136499	1.5558935324804335e-45
656	0.19142382	2.2762642927759965e-38
657	0.19667923	4.128565108387501e-42
658	0.19556592	2.614668386600063e-41
659	0.19612494	1.0363202033418437e-41
660	0.202689	1.624056868817699e-46
661	0.20121887	1.9949021736700284e-45
662	0.19647419	5.804802333750346e-42
663	0.19681328	3.3034108663957594e-42
664	0.19590925	1.4815339712727468e-41
665	0.1987908	1.2097090728527648e-43
666	0.19636835	6.920153473614558e-42
667	0.19738124	1.282116707844316e-42
668	0.20162863	9.93205145845727e-46
669	0.19400419	3.4187015673323852e-40
670	0.19375568	5.1360864916112105e-40
671	0.20199729	5.297211883303155e-46
672	0.19343272	8.709524776963589e-40
673	0.19304728	1.633739429776638e-39
674	0.20081702	3.9481828105195536e-45
675	0.19521889	4.637885621718844e-41
676	0.196303	7.71299085053302e-42
677	0.19759139	9.026868206904935e-43
678	0.19489007	7.975038714883939e-41
679	0.19499019	6.762357474980359e-41
680	0.19430542	2.0857462593694155e-40
681	0.19840147	2.3258737144987856e-43
682	0.19469483	1.099796724396309e-40
683	0.19755063	9.662889805912428e-43
684	0.19834791	2.5444847037522627e-43
685	0.19696214	2.5783890895203078e-42
686	0.19912414	6.905096303470932e-44
687	0.20047842	7.010911991856484e-45
688	0.19708718	2.093583345029194e-42
689	0.19503674000000001	6.262949141626902e-41
690	0.19829929	2.760617042939974e-43
691	0.19801302	4.459645519011103e-43
692	0.19509737	5.667205350666429e-41
693	0.19349919	7.813080819526234e-40
694	0.20247037	2.3608068801142406e-46
695	0.19532454	3.895766514003645e-41
696	0.1992251	5.825562221869511e-44
697	0.19859218	1.6888309513269814e-43
698	0.19617308	9.568121127918971e-42
699	0.19522195	4.614528301864297e-41
700	0.19469371	1.1018251859532084e-40
701	0.19704522	2.245184628395912e-42
702	0.19246039	4.246214346748842e-39
703	0.19456378	1.3643264173973699e-40
704	0.19869115	1.4302087686488981e-43
705	0.19664689	4.356634821362696e-42
706	0.19685198	3.097372981951755e-42
707	0.19760599	8.80934927931899e-43
708	0.19367448	5.865954259924442e-40
709	0.19819106	3.3097185635310534e-43
710	0.19597856	1.320849015574746e-41
711	0.19725133	1.5923920813217147e-42
712	0.19740499	1.2322914220959722e-42
713	0.19735595	1.3373823712152427e-42
714	0.19830082	2.7535445736340244e-43
715	0.19671847	3.867759788601551e-42
716	0.19607521	1.125374393479319e-41
717	0.1983121	2.7019569949169575e-43
718	0.1975857	9.11308376924459e-43
719	0.19919429	6.135825786521621e-44
720	0.19384421	4.443108394620509e-40
721	0.19608163	1.1134622182998557e-41
722	0.19093275	5.024997311784023e-38
723	0.19557782	2.563735692059076e-41
724	0.19309788	1.5043644547695147e-39
725	0.19337304	9.60136205339541e-40
726	0.19587356	1.5717309807471588e-41
727	0.19268721	2.9366282960756237e-39
728	0.19396978	3.6170328681979306e-40
729	0.19452899	1.4446300990282209e-40
730	0.20134774	1.6022364298300746e-45
731	0.19896221	9.068022403492974e-44
732	0.19676585	3.5746483378732705e-42
733	0.1971382	1.9229317979398738e-42
734	0.19807922	3.99170919696585e-43
735	0.19435038	1.9373173918189064e-40
736	0.20114966	2.2439997953365618e-45
737	0.1984781	2.045266153567683e-43
738	0.19436962	1.8770611637060204e-40
739	0.19322598	1.220674134567209e-39
740	0.19806158	4.1113882017619984e-43
741	0.19746171	1.1209699953061606e-42
742	0.19833149	2.6155213452863415e-43
743	0.19491669	7.632912951585414e-41
744	0.19754045	9.828591725329082e-43
745	0.20226325	3.3637157351423316e-46
746	0.19286835	2.1867536456376668e-39
747	0.19826311	2.9332411714851216e-43
748	0.1997784	2.29121016510224e-44
749	0.19866061	1.505492110368948e-43
750	0.19979444	2.2299749143452327e-44
751	0.19314184	1.4002859670317735e-39
752	0.20087026	3.6070324806753724e-45
753	0.19659591	4.741925534058416e-42
754	0.19579245	1.7975901537324922e-41
755	0.19971577	2.5467938463074333e-44
756	0.19502285	6.407990433257929e-41
757	0.19362189	6.392912525035306e-40
758	0.19995332	1.7049681543114924e-44
759	0.19803086	4.3284106244078155e-43
760	0.1945624	1.3674253655234162e-40
761	0.19756507	9.432613175964786e-43
762	0.19825494	2.9736883507410406e-43
763	0.19588502	1.5421877220674288e-41
764	0.20031575	9.235026861811037e-45
765	0.1946479	1.1880674922354176e-40
766	0.20149119	1.2551469816020076e-45
767	0.19951777	3.5571562870938474e-44
768	0.19659914	4.716536642076536e-42
769	0.19687007	3.0055064055264614e-42
770	0.19750765	1.0381995321105751e-42
771	0.19200111	8.946383110722296e-39
772	0.19563706	2.3245291016941846e-41
773	0.19724872	1.59933840060893e-42
774	0.19730606	1.453465234462659e-42
775	0.19822358	3.1341729731576014e-43
776	0.19696078	2.5842349989114835e-42
777	0.19771517	7.340092399211742e-43
778	0.19801883	4.416476047873305e-43
779	0.19527646	4.2175548042673e-41
780	0.19942219	4.179277770100642e-44
781	0.19678521	3.4613514697553517e-42
782	0.1945331	1.4349030732624483e-40
783	0.1966553	4.2961442619520073e-42
784	0.19947293	3.836592732529652e-44
785	0.19146663	2.1241922382110283e-38
786	0.20089617	3.451805361284607e-45
787	0.19873831	1.3212634216642638e-43
788	0.1987417	1.3137587098996978e-43
789	0.19643797	6.164712974843507e-42
790	0.19056722	9.046361596348272e-38
791	0.19853131	1.870535375937482e-43
792	0.19909403	7.264104247899511e-44
793	0.19992292	1.7948585061640026e-44
794	0.20345036	4.40162165208844e-47
795	0.19998319	1.6210192742673884e-44
796	0.19866122	1.5039504208875141e-43
797	0.19695449	2.6114446707645124e-42
798	0.19513797	5.300198663831191e-41
799	0.20033873	8.882580993791642e-45
800	0.20183239	7.017982760276396e-46
801	0.19766479	7.984956340088762e-43
802	0.1971434	1.9063374072868803e-42
803	0.19793974	5.0416387097632774e-43
804	0.20013776	1.2481461687396908e-44
805	0.20091089	3.3666039764656156e-45
806	0.19568576000000001	2.1446432559600242e-41
807	0.19430521	2.086465482841524e-40
808	0.1984697	2.0742997543197443e-43
809	0.19995607	1.6970614942562348e-44
810	0.19892492	9.654989029898484e-44
811	0.19801128	4.472655744400426e-43
812	0.20301638	9.269037701041165e-47
813	0.19558641	2.527585721533709e-41
814	0.20017863	1.164755471484957e-44
815	0.19132796	2.65726964484166e-38
816	0.19937854	4.498395318442252e-44
817	0.19812967	3.668261372708216e-43
818	0.19674485	3.701725904331237e-42
819	0.19355865	7.089409177008104e-40
820	0.20096032	3.0955494590376365e-45
821	0.19574909	1.9313153547945406e-41
822	0.19499581	6.700017337040064e-41
823	0.19254969	3.672602956955553e-39
824	0.1999634	1.676164805849771e-44
825	0.19895847	9.125249870143327e-44
826	0.1987894	1.2125588365302764e-43
827	0.19311566	1.461371537914848e-39
828	0.19757124	9.335895353369367e-43
829	0.19840724	2.303470073678819e-43
830	0.19919389	6.139960363306142e-44
831	0.20245165	2.43760573915104e-46
832	0.20049712	6.792231226965045e-45
833	0.19989116	1.8938210414066308e-44
834	0.2000965	1.3383717250716038e-44
835	0.196583	4.844770247539765e-42
836	0.19589661	1.512872311861096e-41
837	0.19675889	3.616276160101901e-42
838	0.19611999	1.044860073164456e-41
839	0.20123113	1.9537442607798467e-45
840	0.19832125	2.6608194128251475e-43
841	0.19423142	2.3551202595751707e-40
842	0.2003107	9.314329008198024e-45
843	0.19387065	4.254826512096659e-40
844	0.19062844	8.198763439421402e-38
845	0.19858356	1.7134512671338099e-43
846	0.19940162	4.3267468091956e-44
847	0.20456484	6.460034828006127e-48
848	0.19519618	4.814956015746768e-41
849	0.20304844	8.773306602333243e-47
850	0.1956567	2.2502418000176772e-41
851	0.19954406	3.402856928760962e-44
852	0.19226027	5.876633078473671e-39
853	0.19966732	2.7638496547482844e-44
854	0.19564489	2.294623931832054e-41
855	0.19892351	9.67791154137872e-44
856	0.19789886	5.3985999508863035e-43
857	0.20248349	2.3084250529081298e-46
858	0.19609132	1.0957202314415329e-41
859	0.20072986	4.577498752637712e-45
860	0.19284496	2.2716524042232903e-39
861	0.1964945	5.61223307523094e-42
862	0.19269712	2.889661478535109e-39
863	0.19405486	3.1462147836156065e-40
864	0.19542114	3.321351933989019e-41
865	0.2001604	1.2012423244317411e-44
866	0.19796231	4.854744831779317e-43
867	0.19735085	1.3488117840108907e-42
868	0.1967047	3.9573551569245e-42
869	0.19566632	2.214722876205409e-41
870	0.1962956	7.808291804545022e-42
871	0.20079182	4.1206966290293315e-45
872	0.19572768	2.0009569649905616e-41
873	0.20283147	1.2724745308034018e-46
874	0.19754173	9.807602199042735e-43
875	0.19349948	7.809378493665467e-40
876	0.19729296	1.4855766007892023e-42
877	0.1922404	6.069210181497318e-39
878	0.20083825	3.808449516175905e-45
879	0.19285743	2.225989154387794e-39
880	0.19917043	6.387375731801241e-44
881	0.20488665	3.7055257608280253e-48
882	0.19935068	4.714661435070912e-44
883	0.20133386	1.640523131233833e-45
884	0.19630474	7.69075114700477e-42
885	0.19970829	2.579159618044684e-44
886	0.19725533	1.5818047060282608e-42
887	0.19434547	1.9530009494355976e-40
888	0.19595171	1.3809247408402353e-41
889	0.19600556	1.2630648713018048e-41
890	0.19557768	2.564329113130805e-41
891	0.19400757	3.3998145526082243e-40
892	0.19328963	1.1002261187724391e-39
893	0.19618534	9.37554241081467e-42
894	0.19780176	6.350730612316382e-43
895	0.1993388	4.810005371140925e-44
896	0.19794835	4.969510870388677e-43
897	0.20236229	2.8399671903604303e-46
898	0.19517806	4.96105831327057e-41
899	0.1985462	1.824361957498741e-43
900	0.1943435	1.9593290503101783e-40
901	0.19401213	3.3744985269127463e-40
902	0.19748968	1.069824683889509e-42
903	0.20369473	2.892176218100896e-47
904	0.19735403	1.3416738323354612e-42
905	0.19837652	2.4252766924383546e-43
906	0.19689118	2.901732257829953e-42
907	0.19468303	1.1213563051423777e-40
908	0.20031366	9.267764966332998e-45
909	0.19900652	8.416644606763292e-44
910	0.19819168	3.306281788845331e-43
911	0.19568855	2.1347685805714637e-41
912	0.19733612	1.3823723105248596e-42
913	0.19781162	6.24686389680862e-43
914	0.20170353	8.742046186222787e-46
915	0.19947415	3.8287077181757917e-44
916	0.19861541	1.6242237823154903e-43
917	0.20567681	9.435607428883175e-49
918	0.19503461	6.284976605967896e-41
919	0.20033965	8.868753617824744e-45
920	0.20113087	2.3168267984489963e-45
921	0.19459725	1.291272375058719e-40
922	0.19892582	9.640385952295504e-44
923	0.19828538	2.8257529938042665e-43
924	0.1932477	1.1781633862721132e-39
925	0.19708007	2.118533992564091e-42
926	0.19605517	1.1633814846402995e-41
927	0.19939648	4.3643993007363536e-44
928	0.2006777	5.0009670894905486e-45
929	0.19653434	5.25279436642309e-42
930	0.19692186	2.757248657164719e-42
931	0.19805298	4.171025657439068e-43
932	0.20009434	1.3432703036305054e-44
933	0.19689408	2.887758101064336e-42
934	0.19502924	6.340853979815913e-41
935	0.19408359	3.001445679182813e-40
936	0.2006056	5.651370755452426e-45
937	0.19874359	1.3095931356348284e-43
938	0.1984426	2.1707983821727e-43
939	0.19900782	8.398255482252079e-44
940	0.20054545000000001	6.258048144081541e-45
941	0.19815644	3.5073839482113336e-43
942	0.19401044	3.3838590150687448e-40
943	0.20095633	3.116597069992994e-45
944	0.19624496	8.492723390953363e-42
945	0.1990705	7.557562267842519e-44
946	0.20118852	2.100547736934187e-45
947	0.19613235	1.0236661388584237e-41
948	0.20197822	5.472426286020781e-46
949	0.19755462	9.598706125850899e-43
950	0.19432735	2.01198306183682e-40
951	0.19827609	2.8701061542072096e-43
952	0.19506177	6.009794277177927e-41
953	0.19664412	4.37674387838956e-42
954	0.19347406	8.140639874859819e-40
955	0.19725173000000001	1.5913301725368415e-42
956	0.19899258	8.616373914576638e-44
957	0.19467302	1.139975293382502e-40
958	0.19824543	3.0214703098463925e-43
959	0.20157144	1.0948297574823078e-45
960	0.19416824	2.6123687851528427e-40
961	0.19565325	2.2631177283911835e-41
962	0.20093957	3.20657762320257e-45
963	0.19484563	8.580579050199454e-41
964	0.19701882	2.346126621391295e-42
965	0.19646637	5.880691648237245e-42
966	0.19549458	2.9418621947387074e-41
967	0.19939624	4.3661653554216855e-44
968	0.19063248	8.145697438243908e-38
969	0.19882239	1.1471520828498062e-43
970	0.19915724	6.530821019676018e-44
971	0.19463836	1.2068570229714019e-40
972	0.19491991	7.592533397751127e-41
973	0.19716126	1.8504217670558633e-42
974	0.19239769	4.701497022333108e-39
975	0.19888021	1.0408891235090566e-43
976	0.19995899	1.6887060781395196e-44
977	0.20004269	1.4658813416904164e-44
978	0.19522781	4.5701250367523235e-41
979	0.19516175	5.096341064544479e-41
980	0.19450546	1.5015965026195437e-40
981	0.198669	1.4844250777042205e-43
982	0.19494072	7.336656666899912e-41
983	0.19857607	1.73513446533088e-43
984	0.20228276	3.2534330263446824e-46
985	0.19607088	1.1334802651350685e-41
986	0.19485926	8.390138763298744e-41
987	0.19821219	3.194574785430117e-43
988	0.19906749	7.595944852469775e-44
989	0.19983391	2.086151379496168e-44
990	0.2015042	1.2276503125036766e-45
991	0.19596017	1.3617076767378247e-41
992	0.20142485	1.40520273175742e-45
993	0.19805886	4.130157779399283e-43
994	0.19784248	5.932600234750228e-43
995	0.19805923	4.12759955333876e-43
996	0.19473307	1.03272777297933e-40
997	0.20191995	6.044433166749038e-46
998	0.19979448	2.2298242662865454e-44
999	0.19751966	1.0175846562986441e-42
