Dataset	Random-mean	P-value
0	0.52262716	1.3281864015370275e-27
1	0.51690643	2.613022281965987e-30
2	0.51682825	2.3961251324714756e-30
3	0.51665665	1.980824240431206e-30
4	0.51988537	6.889160852244943e-29
5	0.51251812	1.8992775999842184e-32
6	0.52276263	1.5352371024925055e-27
7	0.51498409	3.0678590531916837e-31
8	0.52288346	1.746811733565613e-27
9	0.52325165	2.5872119649050733e-27
10	0.5199457	7.356669058022429e-29
11	0.52491401	1.5062514853477698e-26
12	0.5180514	9.253817706571153e-30
13	0.51739777	4.500553378229788e-30
14	0.52040557	1.2125210733923049e-28
15	0.52218923	8.307964595339328e-28
16	0.51910635	2.944520708889626e-29
17	0.51729128	4.000810292872247e-30
18	0.51315234	3.8985847516521604e-32
19	0.51688379	2.548276984889799e-30
20	0.5206495	1.5795971992687616e-28
21	0.51803878	9.126160701472898e-30
22	0.51833933	1.2701022654348058e-29
23	0.51634365	1.3991176325511473e-30
24	0.51503504	3.2480640230127814e-31
25	0.51988308	6.872009494507595e-29
26	0.51586031	8.168695209577888e-31
27	0.52207736	7.368018895777504e-28
28	0.51806034	9.3453230090151e-30
29	0.51392051	9.284062026310996e-32
30	0.51741	4.561782559910186e-30
31	0.52082829	1.9169935420640132e-28
32	0.52309249	2.183442833017792e-27
33	0.51469257	2.212393007793928e-31
34	0.52247297	1.1261116943792373e-27
35	0.52366756	4.0274898491004225e-27
36	0.51824908	1.1501646574373328e-29
37	0.5175867200000001	5.544824663004498e-30
38	0.52120629	2.884442009453293e-28
39	0.51870768	1.9029173067215845e-29
40	0.51626726	1.2851740939078209e-30
41	0.51170223	7.502888657075765e-33
42	0.51621623	1.2142500607740362e-30
43	0.52095542	2.1996072328600128e-28
44	0.51870488	1.8970846453474894e-29
45	0.5223799	1.0192529998795342e-27
46	0.51908426	2.874228531108435e-29
47	0.52283474	1.6582235355739974e-27
48	0.51525066	4.1347859867509875e-31
49	0.51849992	1.515077529912329e-29
50	0.51800836	8.825602397503713e-30
51	0.51872542	1.9402880613971244e-29
52	0.51207808	1.1514924577491297e-32
53	0.52210582	7.596609612800306e-28
54	0.51205836	1.1259256217135692e-32
55	0.51810031	9.76556655092873e-30
56	0.51677087	2.248420153098706e-30
57	0.516924	2.6643939777014166e-30
58	0.52179821	5.458496356322757e-28
59	0.52277558	1.556635566732664e-27
60	0.51263752	2.1750474356864576e-32
61	0.51752243	5.16493880927943e-30
62	0.51906472	2.813443004368818e-29
63	0.5164384	1.5545000091465253e-30
64	0.52258207	1.2656267124700523e-27
65	0.51801283	8.869142307683897e-30
66	0.52274884	1.5127719996245252e-27
67	0.51920043	3.2635423922877255e-29
68	0.51893548	2.4423636848599507e-29
69	0.51650634	1.6763719621536208e-30
70	0.52108285	2.524426870899795e-28
71	0.52275164	1.5173068486134354e-27
72	0.51680917	2.345969269830971e-30
73	0.52385062	4.891756962921777e-27
74	0.51942016	4.1488735829338943e-29
75	0.5221107	7.636507769934798e-28
76	0.52123711	2.9820216081583544e-28
77	0.51830191	1.2189333988379295e-29
78	0.51825316	1.155335214680475e-29
79	0.51626173	1.2772933083100492e-30
80	0.52032679	1.1131601542383376e-28
81	0.51450535	1.7929219403444683e-31
82	0.51775567	6.680851899948108e-30
83	0.52665266	9.31065283689888e-26
84	0.51787909	7.654400460221394e-30
85	0.52203643	7.051206853291254e-28
86	0.51387748	8.844465940601732e-32
87	0.51960195	5.059022186795767e-29
88	0.51864602	1.7785070151476666e-29
89	0.51371689	7.379150541900871e-32
90	0.52056937	1.4482232801718236e-28
91	0.52210341	7.576982313355469e-28
92	0.51779768	6.997554239221954e-30
93	0.51571958	6.982092463024542e-31
94	0.52006223	8.350816729960149e-29
95	0.52625546	6.152944404321273e-26
96	0.52146847	3.8272503242564147e-28
97	0.51678166	2.275486320563093e-30
98	0.52409622	6.347164408345961e-27
99	0.5214291	3.6682248026035065e-28
100	0.51998666	7.691921942850817e-29
101	0.51934749	3.8323985388934184e-29
102	0.5198457	6.597973682751354e-29
103	0.51137509	5.1641813274824565e-33
104	0.52068906	1.6487589218696893e-28
105	0.52201889	6.919621380140432e-28
106	0.51564489	6.423692862498174e-31
107	0.51966295	5.406900119626706e-29
108	0.52389131	5.107612804481738e-27
109	0.51811778	9.95509860607498e-30
110	0.52208266	7.410064103715965e-28
111	0.52013737	9.061569436019581e-29
112	0.51829091	1.2042855074311102e-29
113	0.51961897	5.153783318901714e-29
114	0.52402555	5.889120037710827e-27
115	0.51990879	7.067031308021817e-29
116	0.52170772	4.952130785017409e-28
117	0.5208453	1.952605666932316e-28
118	0.51450187	1.7859257315485328e-31
119	0.5239157	5.241509163992082e-27
120	0.51801919	8.931460178971959e-30
121	0.51596013	9.129991096122021e-31
122	0.51492852	2.8826390922889893e-31
123	0.51687228	2.5159754130870918e-30
124	0.51844981	1.433976235910335e-29
125	0.51452946	1.8421474975544475e-31
126	0.52343337	3.1395961725453333e-27
127	0.51645026	1.5751208016063693e-30
128	0.51845518	1.442456626069191e-29
129	0.52167978	4.805431498699392e-28
130	0.51913443	3.036346297349037e-29
131	0.51563245	6.335105222219793e-31
132	0.51938027	3.9720670713435756e-29
133	0.51722625	3.723197830821633e-30
134	0.51415238	1.2055054891851571e-31
135	0.51442279	1.6340644192879332e-31
136	0.5209799	2.258604303775856e-28
137	0.51927226	3.530052017282212e-29
138	0.51649291	1.6515499494166798e-30
139	0.51816006	1.04290718713294e-29
140	0.51457208	1.932477138980153e-31
141	0.51904409	2.7506536453078947e-29
142	0.51923863	3.402683387500114e-29
143	0.51394264	9.518540748965631e-32
144	0.51744056	4.718426467629639e-30
145	0.51940536	4.08237973138153e-29
146	0.52050379	1.3488330887215002e-28
147	0.52007219	8.441743101414742e-29
148	0.52031707	1.1014759869393222e-28
149	0.51711091	3.2771219621477674e-30
150	0.5225267	1.1927976185841674e-27
151	0.52049007	1.3289136739781433e-28
152	0.51757307	5.461910259084731e-30
153	0.51920553	3.2817863499429867e-29
154	0.52194651	6.401955856377864e-28
155	0.52114297	2.6938130204545656e-28
156	0.52060215	1.5005993204625676e-28
157	0.51703618	3.016915179846814e-30
158	0.51801745	8.914367804234602e-30
159	0.51482413	2.5642607933650904e-31
160	0.52078135	1.8220347506574328e-28
161	0.51529769	4.358135048300765e-31
162	0.51987413	6.805383175847542e-29
163	0.51823613	1.1339051737812576e-29
164	0.52031891	1.1036784084679914e-28
165	0.52088823	2.0454356920245784e-28
166	0.52135381	3.3821776779095186e-28
167	0.51973598	5.854795950239709e-29
168	0.51784887	7.403708563983779e-30
169	0.51444846	1.681895622364761e-31
170	0.51523332	4.05534259014092e-31
171	0.51903239	2.7156649251730307e-29
172	0.51505798	3.332602076109855e-31
173	0.51613871	1.1138903481274327e-30
174	0.52257089	1.2505737973460995e-27
175	0.52351815	3.435964183857347e-27
176	0.52157942	4.31323389066391e-28
177	0.51859497	1.6816506952632427e-29
178	0.51308387	3.60778996764476e-32
179	0.52247353	1.1267872442655243e-27
180	0.52343055	3.130187563338668e-27
181	0.5214782	3.867597100149436e-28
182	0.51080184	2.6794809454745814e-33
183	0.51995762	7.452705121055011e-29
184	0.52433551	8.177331879992869e-27
185	0.51693013	2.682552439361714e-30
186	0.51761765	5.737364636696034e-30
187	0.51925772	3.4744123133179876e-29
188	0.5176787	6.137132884793366e-30
189	0.51705589	3.0834791573478634e-30
190	0.51296881	3.1669373958875104e-32
191	0.52431628	8.012639822316877e-27
192	0.51789173	7.761744028123525e-30
193	0.51778492	6.8998127256123e-30
194	0.52392122	5.272293690840835e-27
195	0.51677449	2.2574648507854402e-30
196	0.51122629	4.356312202451286e-33
197	0.51661641	1.894303114834813e-30
198	0.51980154	6.288203708735587e-29
199	0.52085402	1.9711160898473261e-28
200	0.52062307	1.5350054938504645e-28
201	0.52177669	5.333596252377852e-28
202	0.52138484	3.4972791747877735e-28
203	0.51743238	4.6759806689621946e-30
204	0.52087696	2.020649471400516e-28
205	0.51874769	1.9882364532938688e-29
206	0.51518465	3.8403819333535096e-31
207	0.52106664	2.4805970426025715e-28
208	0.52204082	7.084528060217287e-28
209	0.52192247	6.238685696318405e-28
210	0.52309281	2.1841882203870606e-27
211	0.51452006	1.8227975122974677e-31
212	0.51398665	1.0002503854521288e-31
213	0.52051304	1.3624299818187272e-28
214	0.51811263	9.898849120955927e-30
215	0.51884398	2.2094861856492636e-29
216	0.52318973	2.421990777442332e-27
217	0.51901496	2.6643598822026225e-29
218	0.52131272	3.2355359770497917e-28
219	0.52046272	1.2900740159099147e-28
220	0.51911229	2.963712182696298e-29
221	0.51978929	6.204865543692592e-29
222	0.51697038	2.8048783610810536e-30
223	0.51986797	6.759899972292841e-29
224	0.51688341	2.5472040001795912e-30
225	0.5171457	3.405759280499877e-30
226	0.52345832	3.224072927815698e-27
227	0.5160963	1.0625232558170695e-30
228	0.5182967	1.2119736682100902e-29
229	0.51740363	4.529788634359896e-30
230	0.52143044	3.6735278331205406e-28
231	0.51869206	1.8706056331827882e-29
232	0.52326422	2.62209602429619e-27
233	0.51907054	2.831413089278322e-29
234	0.52044734	1.2687309111489364e-28
235	0.52148958	3.915322581455406e-28
236	0.5197951	6.24425382672563e-29
237	0.51575707	7.280319767941833e-31
238	0.51816239	1.0455834851479831e-29
239	0.51703813	3.023436435524209e-30
240	0.5197841	6.169889456166329e-29
241	0.52224197	8.791528861887275e-28
242	0.5202372	1.0099708455297114e-28
243	0.51696201	2.7789919004827742e-30
244	0.52352521	3.461863228527571e-27
245	0.52186347	5.855315051465522e-28
246	0.51838397	1.3339449731190165e-29
247	0.51861378	1.7167125702436854e-29
248	0.52153026	4.09076356278024e-28
249	0.51973018	5.817914353948468e-29
250	0.52134837	3.3623903391869832e-28
251	0.51810831	9.85190895889338e-30
252	0.51565645	6.507118155154282e-31
253	0.5195838	4.959877972726398e-29
254	0.51662591	1.9143840580550132e-30
255	0.52215199	7.982534189713802e-28
256	0.52444548	9.185865485407857e-27
257	0.51824677	1.1472474201069117e-29
258	0.52347815	3.292822221193246e-27
259	0.5188619	2.2532857049801054e-29
260	0.52000559	7.851952513464052e-29
261	0.51714893	3.417954141022653e-30
262	0.52343754	3.153560435876997e-27
263	0.51844312	1.4234806150309227e-29
264	0.51163154	6.921458716467635e-33
265	0.51960312	5.065480493664911e-29
266	0.51651399	1.690676622238814e-30
267	0.52286828	1.7187167039390197e-27
268	0.51782429	7.205839300936054e-30
269	0.5200278	8.043936745219792e-29
270	0.52059537	1.489613931011362e-28
271	0.51929136	3.6044898662134844e-29
272	0.51700933	2.928532321192623e-30
273	0.5170232	2.9738621272451952e-30
274	0.51797978	8.552201076063192e-30
275	0.5225763	1.2578355472716678e-27
276	0.51871896	1.9265957930209627e-29
277	0.51873635	1.963675437674699e-29
278	0.51978116	6.150163466620574e-29
279	0.51619192	1.1818458329277363e-30
280	0.51794894	8.266623273684964e-30
281	0.52287881	1.738157393871606e-27
282	0.51989714	6.977988218831155e-29
283	0.51798855	8.635188273458314e-30
284	0.52302436	2.0303675555621368e-27
285	0.51513972	3.6520195326285677e-31
286	0.5252829	2.2208767202101e-26
287	0.51374754	7.638810163815096e-32
288	0.52023908	1.0120352694486383e-28
289	0.52140009	3.5552658221542438e-28
290	0.51860503	1.700313027124486e-29
291	0.5199459	7.358270206575711e-29
292	0.52120318	2.874773493932908e-28
293	0.52320409	2.4593481250311003e-27
294	0.5227595	1.5301091470788027e-27
295	0.51789162	7.760803439543467e-30
296	0.51767313	6.099538988563074e-30
297	0.52040507	1.2118634461067478e-28
298	0.5176665	6.055089255069431e-30
299	0.51716064	3.462530521645475e-30
300	0.51741678	4.596082710006767e-30
301	0.52050141	1.3453565223762326e-28
302	0.51907181	2.8353495422253444e-29
303	0.51942186	4.1565800180898986e-29
304	0.51525271	4.144279844244017e-31
305	0.51716262	3.470124723210898e-30
306	0.51568073	6.685865992766092e-31
307	0.52033834	1.1272044345591572e-28
308	0.51988939	6.919372356542035e-29
309	0.51923605	3.3931029165073527e-29
310	0.51471621	2.2718721198037997e-31
311	0.52084863	1.9596539548090279e-28
312	0.51237066	1.6062689032749347e-32
313	0.51744725	4.7534254141063374e-30
314	0.51790892	7.910134368007917e-30
315	0.517361	4.321345487313465e-30
316	0.51838506	1.3355431328420472e-29
317	0.52188554	5.995899840456257e-28
318	0.51388685	8.938391265680185e-32
319	0.52217017	8.13978978810848e-28
320	0.5189121	2.3806342522401143e-29
321	0.51698721	2.857657891039207e-30
322	0.52337019	2.935388965227073e-27
323	0.52010816	8.778392560870855e-29
324	0.51914861	3.0837934009294667e-29
325	0.51370778	7.303679848893916e-32
326	0.51967104	5.454788553586328e-29
327	0.51750943	5.0913288645945935e-30
328	0.52014932	9.180020237675408e-29
329	0.52349212	3.34212812193329e-27
330	0.52631716	6.562360292929682e-26
331	0.52186632	5.873283506513907e-28
332	0.52233664	9.7307672620168e-28
333	0.5231561	2.336695212573985e-27
334	0.51804056	9.144059544687578e-30
335	0.51307023	3.5524922950724185e-32
336	0.51818219	1.0686036798821569e-29
337	0.51651631	1.695038715573573e-30
338	0.51569461	6.790235417825641e-31
339	0.51877226	2.0425050252108754e-29
340	0.51711353	3.2866388987696466e-30
341	0.52258636	1.271450523709553e-27
342	0.5205339	1.3935950575748864e-28
343	0.51718632	3.56232126287868e-30
344	0.51639017	1.473373661366528e-30
345	0.51596646	9.194612750491172e-31
346	0.51926361	3.4968455010257324e-29
347	0.52359132	3.71399448542153e-27
348	0.51633116	1.3798228912983207e-30
349	0.51820901	1.1005913731958405e-29
350	0.51828888	1.2016015038164187e-29
351	0.52118845	2.8294160647625743e-28
352	0.51598709	9.408394767536184e-31
353	0.52598749	4.6498371490660214e-26
354	0.51604186	1.0000252083777698e-30
355	0.51508859	3.4488242231146784e-31
356	0.52100451	2.319500272003702e-28
357	0.51954333	4.745713451505068e-29
358	0.51744736	4.754003035100649e-30
359	0.52083006	1.9206689070036828e-28
360	0.51696231	2.779915611155632e-30
361	0.51855491	1.6093344534111998e-29
362	0.51708145	3.171979589034881e-30
363	0.51741291	4.576473005800229e-30
364	0.51919193	3.233359654833605e-29
365	0.52185774	5.819354213661789e-28
366	0.5181907	1.078651941492135e-29
367	0.51667999	2.0327978763667868e-30
368	0.51568316	6.704022212263655e-31
369	0.52593178	4.386519572162611e-26
370	0.51506991	3.3774279178463064e-31
371	0.51731492	4.106752590228295e-30
372	0.5197999	6.27698239679421e-29
373	0.52310526	2.2133856197021367e-27
374	0.52424604	7.438603451887032e-27
375	0.51570967	6.9053118564034675e-31
376	0.52383353	4.803822794618851e-27
377	0.52278943	1.5798493295133713e-27
378	0.51897602	2.553196150812986e-29
379	0.52145283	3.7632719870778105e-28
380	0.52231062	9.463104887911282e-28
381	0.51967781	5.495187277226631e-29
382	0.51632407	1.3689881703574545e-30
383	0.51902714	2.700109060536759e-29
384	0.51876333	2.022612718194138e-29
385	0.51524715	4.118580866187755e-31
386	0.5193952	4.0373471315006604e-29
387	0.52254364	1.2146253369399906e-27
388	0.51649201	1.6498996562018525e-30
389	0.51532472	4.491892633887195e-31
390	0.51916318	3.133313510643726e-29
391	0.52043361	1.249974346003748e-28
392	0.51386857	8.756062861611497e-32
393	0.51926831	3.5148496241013944e-29
394	0.51873953	1.970532313250163e-29
395	0.52179676	5.449990090757144e-28
396	0.52355779	3.583916377548874e-27
397	0.51757343	5.464081097282332e-30
398	0.51460778	2.011522701383233e-31
399	0.52176554	5.270004262489846e-28
400	0.52045663	1.281580452363867e-28
401	0.52250407	1.1642453493529943e-27
402	0.51755615	5.3608427006146254e-30
403	0.51543149	5.0613766931155115e-31
404	0.5180059	8.801731594819888e-30
405	0.51966926	5.44421585460208e-29
406	0.51682032	2.3751511857526514e-30
407	0.52013442	9.032563095636702e-29
408	0.51692488	2.6669932031110966e-30
409	0.51881113	2.131382347131998e-29
410	0.52062662	1.5409213655813488e-28
411	0.51358654	6.369463406107203e-32
412	0.51799257	8.673495243531447e-30
413	0.51592161	8.746375366391908e-31
414	0.51953034	4.6789404086274845e-29
415	0.52352557	3.463189046023186e-27
416	0.51881927	2.1504761975125198e-29
417	0.51691757	2.645478227554115e-30
418	0.5156169	6.226078048295172e-31
419	0.51978992	6.209124592112379e-29
420	0.51909366	2.903933784852467e-29
421	0.51686721	2.501876534427573e-30
422	0.52252702	1.1932063131206685e-27
423	0.51415454	1.2084402435141827e-31
424	0.51948455	4.4509288602088067e-29
425	0.51545284	5.183591831197562e-31
426	0.51976764	6.06025499401168e-29
427	0.5181339	1.0133227941853445e-29
428	0.51533239	4.53058600218148e-31
429	0.52091522	2.106030696102272e-28
430	0.51742491	4.6375509188551e-30
431	0.51907102	2.83290024323214e-29
432	0.51735174	4.2773447883403375e-30
433	0.51881858	2.1488510998146624e-29
434	0.52232661	9.626710857545384e-28
435	0.52053053	1.3885126563061802e-28
436	0.5148844	2.7435422199577924e-31
437	0.52126173	3.0623235311520737e-28
438	0.51826792	1.1742343021248754e-29
439	0.51863495	1.7570436972662438e-29
440	0.5126191	2.1300395996969572e-32
441	0.5214352	3.692427160127976e-28
442	0.51816528	1.0489125057803392e-29
443	0.52296618	1.9081241915719814e-27
444	0.52113415	2.6682732776825605e-28
445	0.52266965	1.3899482152919562e-27
446	0.5199798	7.634732953188564e-29
447	0.51895965	2.507852536169008e-29
448	0.51747506	4.901703385260783e-30
449	0.519938	7.295287552036421e-29
450	0.5165138	1.6903198769446628e-30
451	0.51995523	7.433350173314641e-29
452	0.51626741	1.2853885309054143e-30
453	0.51907332	2.8400369746568714e-29
454	0.51849109	1.500462531863239e-29
455	0.51507496	3.396583054368045e-31
456	0.5216839	4.826788917611499e-28
457	0.51714173	3.390829823962824e-30
458	0.51807622	9.51008713083828e-30
459	0.52253381	1.2019111860786401e-27
460	0.51669589	2.0689786869562575e-30
461	0.5168262	2.3906855236162774e-30
462	0.52491654	1.5102728961927027e-26
463	0.52240837	1.0508240558251083e-27
464	0.52029986	1.0810865909814004e-28
465	0.52099023	2.2839692572409343e-28
466	0.52071466	1.6951108398669268e-28
467	0.51655192	1.7634151265609135e-30
468	0.5220933	7.495193185516125e-28
469	0.51253654	1.9394316264498069e-32
470	0.5149131	2.8332446133870275e-31
471	0.5191076	2.9485490247408887e-29
472	0.52456527	1.0425495163388264e-26
473	0.51137442	5.1602286287951666e-33
474	0.51926532	3.503385299156688e-29
475	0.52166583	4.7338120858560365e-28
476	0.51768935	6.209656253906437e-30
477	0.52336594	2.92213615356077e-27
478	0.51870824	1.9040859773183544e-29
479	0.5209281	2.135573243993937e-28
480	0.52471287	1.2183610508205302e-26
481	0.51926396	3.498183067361653e-29
482	0.51304117	3.4374775879680374e-32
483	0.51825612	1.159100866694797e-29
484	0.51848445	1.4895647565309093e-29
485	0.52461215	1.09546853128598e-26
486	0.51963799	5.261769304879581e-29
487	0.52081665	1.89299693105713e-28
488	0.51669426	2.0652403077582554e-30
489	0.51618525	1.1731063893281806e-30
490	0.51083336	2.7780560614709275e-33
491	0.51967907	5.50273886657553e-29
492	0.51643101	1.5417871658147058e-30
493	0.51709922	3.23499189941725e-30
494	0.51867705	1.8400700626915586e-29
495	0.51944446	4.260392959362431e-29
496	0.51335553	4.906121669228298e-32
497	0.51841299	1.377150045863148e-29
498	0.51789918	7.825712111276952e-30
499	0.52118681	2.8244103110593727e-28
500	0.52032409	1.1099022463688108e-28
501	0.51859349	1.6789223869846335e-29
502	0.52013903	9.077932350594225e-29
503	0.51846742	1.4619730999138905e-29
504	0.51884008	2.2000666879453137e-29
505	0.51963009	5.216646574844489e-29
506	0.51335753	4.917228627275936e-32
507	0.52025931	1.0345170257315747e-28
508	0.51804521	9.190982667987498e-30
509	0.52104733	2.429371636955813e-28
510	0.51476156	2.3904637533093347e-31
511	0.52122463	2.942119267752487e-28
512	0.51311925	3.755248388208433e-32
513	0.51849296	1.50354591890069e-29
514	0.52771291	2.7974096123620678e-25
515	0.52188553	5.995835387180218e-28
516	0.51401636	1.0342981074792996e-31
517	0.51785629	7.464494754823641e-30
518	0.51919021	3.2272859421724615e-29
519	0.51644045	1.5580450144868654e-30
520	0.52470095	1.2031306364005858e-26
521	0.51588108	8.36004566335151e-31
522	0.52198786	6.692784900482077e-28
523	0.51762861	5.807174664444981e-30
524	0.51731913	4.125910245330421e-30
525	0.51853422	1.5732047944605815e-29
526	0.52259039	1.2769456380139619e-27
527	0.51894666	2.4724418748992065e-29
528	0.52411082	6.446117513647217e-27
529	0.51811971	9.976260302873042e-30
530	0.51655642	1.7722487917568925e-30
531	0.5173257	4.155984862860868e-30
532	0.51936843	3.9210448933655384e-29
533	0.51925647	3.469669890289162e-29
534	0.51618316	1.1703811944037425e-30
535	0.5173646	4.3385728717911534e-30
536	0.52457491	1.0532197087071586e-26
537	0.52246025	1.110875024084202e-27
538	0.51503828	3.2598733451737635e-31
539	0.52197729	6.617216101235523e-28
540	0.51912432	3.002961649527132e-29
541	0.51459408	1.9808153023699622e-31
542	0.52225968	8.96010354254293e-28
543	0.51842783	1.3997788321057533e-29
544	0.52017305	9.419819854087343e-29
545	0.51734729	4.2563585650425894e-30
546	0.51795457	8.318039764524926e-30
547	0.51867773	1.841442637759049e-29
548	0.51972668	5.795770082683206e-29
549	0.52065148	1.582989176100292e-28
550	0.51911827	2.983158537932647e-29
551	0.51638578	1.46620190768839e-30
552	0.51652196	1.7057088068116067e-30
553	0.51955375	4.799960034083447e-29
554	0.5149627	2.995202561681866e-31
555	0.51984188	6.57058841190853e-29
556	0.5125472	1.9630543052356822e-32
557	0.51888601	2.3135799142353812e-29
558	0.52362015	3.829583680124074e-27
559	0.51956635	4.8663798917685415e-29
560	0.51928577	3.5825440169257615e-29
561	0.52180928	5.523873778139148e-28
562	0.51707634	3.154086645256411e-30
563	0.51720552	3.63879543510011e-30
564	0.51945564	4.3126973503319483e-29
565	0.52339986	3.0295882762181615e-27
566	0.51878245	2.0654418581478913e-29
567	0.52010384	8.737265923331712e-29
568	0.51746998	4.8742784541048786e-30
569	0.52170795	4.953356692834979e-28
570	0.52249887	1.1577810993521462e-27
571	0.51811569	9.932232919203922e-30
572	0.52139661	3.541949856632142e-28
573	0.52162376	4.524186925208156e-28
574	0.52420846	7.148459015289783e-27
575	0.5170431	3.0401207563305674e-30
576	0.52236182	9.996950299260204e-28
577	0.51845395	1.4405097971197514e-29
578	0.51300985	3.317664570705921e-32
579	0.52182131	5.595803610626992e-28
580	0.51941116	4.108310909771162e-29
581	0.51973608	5.85543387433436e-29
582	0.51826206	1.1666944803666787e-29
583	0.52000899	7.881044164288026e-29
584	0.51196265	1.0096413763119858e-32
585	0.52061547	1.5224163404535808e-28
586	0.51618938	1.1785101589090971e-30
587	0.5218211	5.59454002793972e-28
588	0.51883807	2.1952276297412406e-29
589	0.5176534	5.9682075033966536e-30
590	0.52280617	1.6083666749392771e-27
591	0.51633218	1.3813886270361438e-30
592	0.51596201	9.149136312309452e-31
593	0.5220623	7.2498369427721735e-28
594	0.51889603	2.3391073850124005e-29
595	0.51857107	1.63812660061176e-29
596	0.52498589	1.6247559715743064e-26
597	0.51501515	3.1764949121170703e-31
598	0.52081161	1.882699521670426e-28
599	0.51802286	8.967618289821263e-30
600	0.51400832	1.0249720483325711e-31
601	0.51950821	4.567329302967406e-29
602	0.51367037	7.00173100116107e-32
603	0.51301176	3.3248506821528124e-32
604	0.52254557	1.2171372601083998e-27
605	0.51830432	1.2221662068756634e-29
606	0.51773461	6.527492914988386e-30
607	0.51768606	6.187161797342159e-30
608	0.52073427	1.7314914408289871e-28
609	0.52372918	4.299975879912143e-27
610	0.51908207	2.8673513557118495e-29
611	0.52043473	1.2514939955777573e-28
612	0.51655381	1.767119918411126e-30
613	0.51703555	3.0148113044303516e-30
614	0.52120554	2.8821074200033433e-28
615	0.5115301	6.164606276035146e-33
616	0.51756285	5.400639149199291e-30
617	0.51686469	2.4948980749743935e-30
618	0.51788191	7.678220255774071e-30
619	0.51553587	5.687443321397192e-31
620	0.51934155	3.8076172844257717e-29
621	0.52136488	3.4228016349534654e-28
622	0.51979103	6.216635703874038e-29
623	0.51992845	7.219865577579911e-29
624	0.5187114	1.9106940091145956e-29
625	0.52091186	2.0983909985531267e-28
626	0.52033118	1.1184775812274921e-28
627	0.52184507	5.7406162742199525e-28
628	0.52498511	1.623421588104869e-26
629	0.51819965	1.08932113384728e-29
630	0.52038409	1.1845867082797432e-28
631	0.52419591	7.054091430590602e-27
632	0.51846383	1.4562218464763378e-29
633	0.52299575	1.9693115071048003e-27
634	0.51825	1.1513285540593125e-29
635	0.52184395	5.733707173017427e-28
636	0.51618408	1.171580024892565e-30
637	0.52229676	9.323530590608661e-28
638	0.52314251	2.3030800914450886e-27
639	0.52185037	5.773423540012017e-28
640	0.51754616	5.3020454817426404e-30
641	0.52233417	9.705038908066884e-28
642	0.51380012	8.105605039097803e-32
643	0.52152658	4.07457642690279e-28
644	0.51515573	3.718060864289055e-31
645	0.5144093	1.6094734034124434e-31
646	0.52313695	2.2894662704944748e-27
647	0.5174316	4.67195315859359e-30
648	0.52280936	1.6138587395844511e-27
649	0.52021256	9.832976549512414e-29
650	0.51821088	1.1028568733078618e-29
651	0.51977846	6.132103008649946e-29
652	0.51859453	1.6808391163358584e-29
653	0.51872697	1.9435877275659518e-29
654	0.51524452	4.1064799936734395e-31
655	0.52188517	5.9935155278644345e-28
656	0.51195145	9.968401384460303e-33
657	0.52348757	3.325989249571269e-27
658	0.51858032	1.6548371945428596e-29
659	0.52630379	6.471405630576655e-26
660	0.52190844	6.145319281628736e-28
661	0.51879396	2.0916581061290368e-29
662	0.52005783	8.310959211420532e-29
663	0.51989976	6.997915623525095e-29
664	0.51821252	1.1048475460952704e-29
665	0.52012138	8.905447280050775e-29
666	0.5189875	2.585480301469953e-29
667	0.52000856	7.877359014290532e-29
668	0.51929314	3.611506012456039e-29
669	0.52090125	2.074447242668351e-28
670	0.52011356	8.83007163601862e-29
671	0.5231476	2.3156136322704544e-27
672	0.52280191	1.6010614022154305e-27
673	0.51981336	6.369671378462139e-29
674	0.52206795	7.293952293156854e-28
675	0.51409253	1.1269495793655676e-31
676	0.5176342	5.8431050148863826e-30
677	0.51894057	2.4560122109115964e-29
678	0.51770626	6.326563512675403e-30
679	0.52376368	4.4604568272910656e-27
680	0.5251579	1.9472935981834954e-26
681	0.52332482	2.7969431838999068e-27
682	0.51876893	2.0350645303843664e-29
683	0.51948902	4.472691650755924e-29
684	0.52157193	4.278577555744075e-28
685	0.5264822	7.795373785272051e-26
686	0.51835397	1.29069773595061e-29
687	0.51564926	6.455104094244625e-31
688	0.52632234	6.597939597111122e-26
689	0.52260114	1.2917195627652085e-27
690	0.51708559	3.186550034286831e-30
691	0.51888891	2.3209394810220542e-29
692	0.51511163	3.5389561604106838e-31
693	0.51958359	4.958742230310639e-29
694	0.52275451	1.5219690917036411e-27
695	0.52437225	8.501394390524127e-27
696	0.52181299	5.5459580533269015e-28
697	0.51937447	3.946991135465038e-29
698	0.51997212	7.571209448678557e-29
699	0.52015061	9.192898685953868e-29
700	0.51889553	2.3378269447693136e-29
701	0.52153196	4.098262887570946e-28
702	0.52042991	1.2449671052042084e-28
703	0.51675323	2.2048591821832162e-30
704	0.51845405	1.4406679782574445e-29
705	0.52344654	3.183909866481942e-27
706	0.51631834	1.36029363264639e-30
707	0.5175432	5.284747588414889e-30
708	0.52121429	2.9094615794976903e-28
709	0.51892794	2.4222841394039384e-29
710	0.51675197	2.2017800042895327e-30
711	0.52375191	4.405049237762437e-27
712	0.51735269	4.281838307384661e-30
713	0.51656496	1.7891343417285585e-30
714	0.51911692	2.978757414862251e-29
715	0.51896015	2.509225567027685e-29
716	0.52533681	2.35035056623077e-26
717	0.52086758	2.0002478125949207e-28
718	0.5147548	2.3724031282775223e-31
719	0.51939754	4.047674829662926e-29
720	0.5212185	2.922714651990292e-28
721	0.51886195	2.2534091135023548e-29
722	0.51661739	1.8963648921996677e-30
723	0.52180256	5.484094421095106e-28
724	0.52654086	8.286942177816664e-26
725	0.51838885	1.3411148730337898e-29
726	0.52166116	4.7100741387441965e-28
727	0.52039228	1.1951613723399538e-28
728	0.52047959	1.313895536198046e-28
729	0.52022738	9.992553893126387e-29
730	0.51798996	8.648605102579302e-30
731	0.5255242	2.8615433311069263e-26
732	0.52110992	2.599343737264738e-28
733	0.51929099	3.6030331562458707e-29
734	0.51881993	2.1520317824395144e-29
735	0.51954688	4.764125956973064e-29
736	0.5227682	1.5444048508279621e-27
737	0.5219805	6.640075443268011e-28
738	0.52120401	2.8773506808792386e-28
739	0.51780079	7.021584798006106e-30
740	0.51857553	1.646162760893702e-29
741	0.52276166	1.5336461039174919e-27
742	0.51539706	4.870298106677473e-31
743	0.51840972	1.3722129088727477e-29
744	0.51905836	2.7939352622177574e-29
745	0.51754966	5.3225717485937605e-30
746	0.51545538	5.198325758968449e-31
747	0.51577132	7.396971056306742e-31
748	0.52247586	1.1296023417715426e-27
749	0.51723306	3.7513475310980024e-30
750	0.52097698	2.2514852544197833e-28
751	0.51648413	1.6355203024485005e-30
752	0.52267264	1.3944003441640233e-27
753	0.51498836	3.0825717924155613e-31
754	0.51802312	8.970185415389657e-30
755	0.51703788	3.022599594159364e-30
756	0.51886932	2.2716732384523195e-29
757	0.51610711	1.075388133186982e-30
758	0.51879947	2.1043250601536649e-29
759	0.51924357	3.42110251583588e-29
760	0.5175585	5.374767834143e-30
761	0.52060926	1.5122059271024614e-28
762	0.51416869	1.2278422155606198e-31
763	0.51823108	1.1276267401589212e-29
764	0.51934261	3.812027817981788e-29
765	0.51744452	4.739112254782049e-30
766	0.5179817	8.570301223979833e-30
767	0.519237	3.396627485200268e-29
768	0.52036151	1.155911501382626e-28
769	0.51844526	1.426829621044359e-29
770	0.51995976	7.470078010667238e-29
771	0.51683549	2.415434947785937e-30
772	0.5160845	1.0486549170128258e-30
773	0.52479979	1.3353660712616665e-26
774	0.51901602	2.6674522687118856e-29
775	0.51734906	4.264693599357181e-30
776	0.5153766	4.760167520012463e-31
777	0.5190389	2.735078024581997e-29
778	0.51492424	2.8688438106679997e-31
779	0.51793259	8.119090478315388e-30
780	0.51576826	7.3717659601952436e-31
781	0.52152144	4.05207374939962e-28
782	0.51990823	7.062725391248547e-29
783	0.5192581000000001	3.4758552871428576e-29
784	0.52177135	5.3030459169502916e-28
785	0.52163963	4.602156882797191e-28
786	0.5214885	3.910768242160111e-28
787	0.52111463	2.612602687500133e-28
788	0.52209297	7.492538353258116e-28
789	0.51876375	2.0235439700878972e-29
790	0.52235433	9.917024512254543e-28
791	0.51844207	1.4218402712243788e-29
792	0.51619899	1.1911801011593762e-30
793	0.51781981	7.170346152742523e-30
794	0.52028471	1.0634486042683722e-28
795	0.51747291	4.890077694092829e-30
796	0.51757815	5.492622710805211e-30
797	0.52266447	1.3822685797574327e-27
798	0.51764222	5.89504098111896e-30
799	0.5188079	2.1238526032276475e-29
800	0.50842801	1.7337489676541346e-34
801	0.51947583	4.4087769899782936e-29
802	0.51546943	5.280582298308224e-31
803	0.52137792	3.4712776138102907e-28
804	0.51840776	1.3692620881623764e-29
805	0.52270008	1.435926345316448e-27
806	0.51715792	3.452125029655525e-30
807	0.51473868	2.3298815081048645e-31
808	0.5195559	4.8112294513208637e-29
809	0.52230466	9.40283319718453e-28
810	0.5196237	5.180430222868875e-29
811	0.51919229	3.234632334854267e-29
812	0.51712678	3.335191147289267e-30
813	0.52310564	2.214282859664261e-27
814	0.51692461	2.6661954453915897e-30
815	0.51813383	1.0132447615365922e-29
816	0.52018243	9.51631635511317e-29
817	0.51765886	6.0042675564791525e-30
818	0.51973203	5.829653149481436e-29
819	0.52180669	5.508508292927211e-28
820	0.52121184	2.9017765029480864e-28
821	0.51941232	4.1135167670865795e-29
822	0.51690228	2.6010329485544154e-30
823	0.52014823	9.169152431822401e-29
824	0.52329405	2.706762003904889e-27
825	0.51506878	3.3731564564257087e-31
826	0.52298346	1.9436472867204024e-27
827	0.51874749	1.987800643057457e-29
828	0.51552412	5.613285381354238e-31
829	0.51922754	3.3616919729291795e-29
830	0.52031338	1.0970723347317716e-28
831	0.51907545	2.846662153222314e-29
832	0.51870301	1.8931991664487953e-29
833	0.52015344	9.221214373123928e-29
834	0.5110137	3.415563691381856e-33
835	0.52487542	1.4462155492894133e-26
836	0.51724915	3.818700683739271e-30
837	0.51799708	8.716672675862794e-30
838	0.51936433	3.9035290912979757e-29
839	0.52203369	7.030488572896874e-28
840	0.51259361	2.069281701245202e-32
841	0.51782911	7.244221284408839e-30
842	0.52061798	1.5265626794509206e-28
843	0.51782469	7.20901681679176e-30
844	0.51388597	8.929528035893721e-32
845	0.52184029	5.711186809003185e-28
846	0.51951226	4.587555384061696e-29
847	0.51701168	2.936163919435256e-30
848	0.51738939	4.459071769444842e-30
849	0.5148191	2.549836308481283e-31
850	0.51935965	3.883630523808084e-29
851	0.51589518	8.49248114460183e-31
852	0.51436432	1.5301093617514463e-31
853	0.52123551	2.9768760098121588e-28
854	0.52118066	2.805717024464632e-28
855	0.51610503	1.0729007631678835e-30
856	0.5162848	1.3104917230256493e-30
857	0.52290926	1.795613207696478e-27
858	0.52036635	1.1619993107026576e-28
859	0.51508309	3.427648258773414e-31
860	0.51732389	4.14767777188506e-30
861	0.52256185	1.2385324373110292e-27
862	0.51818496	1.0718641211213313e-29
863	0.51767961	6.143296659724007e-30
864	0.52308638	2.169258994146588e-27
865	0.52018174	9.509184629702276e-29
866	0.51963246	5.23014284101784e-29
867	0.52069934	1.6672187309310782e-28
868	0.52092031	2.117656635205175e-28
869	0.52060749	1.5093082012968951e-28
870	0.51672801	2.1440341070249108e-30
871	0.52045404	1.2779851197899955e-28
872	0.52049659	1.3383430140323125e-28
873	0.51729518	4.0180989303907505e-30
874	0.51692984	2.6816906255631454e-30
875	0.52393338	5.340744207779494e-27
876	0.51521873	3.989676118212735e-31
877	0.51780546	7.057823518730757e-30
878	0.52286345	1.7098719146387502e-27
879	0.52453707	1.011948691687037e-26
880	0.52596308	4.5325822256938446e-26
881	0.51899673	2.611731132306106e-29
882	0.52060442	1.5042952883494591e-28
883	0.52274024	1.498927596001115e-27
884	0.52128891	3.1534739022923306e-28
885	0.51965685	5.371068073672962e-29
886	0.51895551	2.4965125081893636e-29
887	0.51702795	2.9895459224399166e-30
888	0.52139525	3.53675940112606e-28
889	0.52518098	1.9951553559109967e-26
890	0.51867544	1.8368243443545978e-29
891	0.51985142	6.639192245166492e-29
892	0.52198653	6.683229264689322e-28
893	0.5159309	8.837399802051507e-31
894	0.51994805	7.375504453053942e-29
895	0.51701189	2.9368468541579007e-30
896	0.51845851	1.447740451084178e-29
897	0.51530137	4.376109771387718e-31
898	0.52039996	1.2051627943309676e-28
899	0.52033942	1.128526638677061e-28
900	0.51717473	3.516933961113151e-30
901	0.5195599	4.8322658629176614e-29
902	0.51728237	3.9615895261502225e-30
903	0.52109955	2.570386845335214e-28
904	0.52176712	5.278969458908119e-28
905	0.52056816	1.4463251199983139e-28
906	0.52023304	1.0054176300276553e-28
907	0.51914177	3.0608150190332016e-29
908	0.51696114	2.7763148657011782e-30
909	0.51549118	5.410479988511825e-31
910	0.52620065	5.810588704245573e-26
911	0.51958324	4.956849900942752e-29
912	0.51736827	4.3562055510032604e-30
913	0.51869727	1.8813219777208186e-29
914	0.52541953	2.5637414491157615e-26
915	0.51616993	1.153275840936306e-30
916	0.5226812	1.4072247677119145e-27
917	0.51910089	2.9269890916105407e-29
918	0.51783216	7.268613613062605e-30
919	0.52070222	1.6724270992243372e-28
920	0.52013473	9.035606873329057e-29
921	0.52055657	1.4282684268366198e-28
922	0.52493902	1.5464764054736357e-26
923	0.52340377	3.04222412033674e-27
924	0.51761986	5.751373780363165e-30
925	0.51390761	9.150041027731943e-32
926	0.52172165	5.026924938898659e-28
927	0.51325088	4.3584850267271476e-32
928	0.51689125	2.569432655946023e-30
929	0.51684105	2.430369046072093e-30
930	0.52259671	1.2856108618489082e-27
931	0.52507818	1.790583728339617e-26
932	0.51833547	1.2647267051470926e-29
933	0.52103339	2.3930466917735174e-28
934	0.51974002	5.880623166692536e-29
935	0.5193675	3.91706495585266e-29
936	0.5191167	2.97804080692685e-29
937	0.51858321	1.660092801768978e-29
938	0.51725648	3.849781743488221e-30
939	0.51921255	3.307064610904135e-29
940	0.51773506	6.530732916414624e-30
941	0.51863783	1.7626027319006862e-29
942	0.5179646	8.41042897151012e-30
943	0.5137652	7.792529390064458e-32
944	0.52380407	4.655913071669645e-27
945	0.5211503200000001	2.7152816819415713e-28
946	0.51902141	2.683232067330393e-29
947	0.52056701	1.444523376177002e-28
948	0.52095065	2.188291113136005e-28
949	0.52269712	1.4313883613892881e-27
950	0.52518293	1.999252283228886e-26
951	0.51447646	1.7356580094047021e-31
952	0.51487487	2.714385481072101e-31
953	0.5190326200000001	2.7163484541987094e-29
954	0.52058364	1.4707967426443814e-28
955	0.51785416	7.446994734353352e-30
956	0.51756729	5.427173468228551e-30
957	0.51584078	7.992745714212493e-31
958	0.51805095	9.249235365356769e-30
959	0.51720454	3.634852813319599e-30
960	0.52228991	9.255306583898503e-28
961	0.51705874	3.093224217069553e-30
962	0.5165857	1.8308113528244536e-30
963	0.52376453	4.4644849357796296e-27
964	0.52311635	2.2397200705142367e-27
965	0.51887467	2.285023605970972e-29
966	0.52242691	1.0719041717325153e-27
967	0.51926106	3.487115713607002e-29
968	0.51625007	1.2608338772277057e-30
969	0.52029871	1.0797375928157437e-28
970	0.52107219	2.4955177123007614e-28
971	0.52193719	6.338159972575934e-28
972	0.51929109	3.603426803902143e-29
973	0.52241388	1.0570455604748867e-27
974	0.519632	5.227520599849993e-29
975	0.51963956	5.270782855235977e-29
976	0.52073036	1.724176148844493e-28
977	0.51434774	1.5018478944093361e-31
978	0.52039381	1.1971472385067736e-28
979	0.51303995	3.432730937231076e-32
980	0.52124955	3.0223314360503654e-28
981	0.51676483	2.2334091806930322e-30
982	0.51400533	1.0215251616490019e-31
983	0.52035232	1.1444393502654513e-28
984	0.51926179	3.489898350095261e-29
985	0.5195387	4.721805683918674e-29
986	0.51933778	3.791971843195781e-29
987	0.51398942	1.0033770897396646e-31
988	0.51996273	7.494255726676025e-29
989	0.51915927	3.119947202914588e-29
990	0.51698063	2.8369061561874525e-30
991	0.52106091	2.465285509636986e-28
992	0.5170138	2.943065566534878e-30
993	0.5154823	5.357066260172941e-31
994	0.51835289	1.2891671160534693e-29
995	0.52018727	9.566491501532742e-29
996	0.5170891	3.198955373662846e-30
997	0.5210113	2.3365871605732035e-28
998	0.51936583	3.9099282672127094e-29
999	0.51752707	5.19146743339745e-30
