Dataset	Random-mean	P-value
0	0.10403852	1.773358200673369e-07
1	0.10460089	3.190245475554995e-07
2	0.10160154	1.2278138478622576e-08
3	0.10001145	1.92885755587798e-09
4	0.1041313	1.9552312463610215e-07
5	0.10432407	2.3926739064445385e-07
6	0.10157424	1.1902651694734632e-08
7	0.10451104	2.906680685320974e-07
8	0.10203891	2.0125169705615616e-08
9	0.10173986	1.4365057501732983e-08
10	0.10171921	1.4032896318299709e-08
11	0.10296277	5.5945545743167545e-08
12	0.10456169	3.063384693852322e-07
13	0.10266868	4.053144724808479e-08
14	0.10242824	3.1074231063292706e-08
15	0.10332006	8.24306797390523e-08
16	0.10204542	2.0272745168680908e-08
17	0.10207393	2.0931537330148988e-08
18	0.1032949	8.022282529895344e-08
19	0.10311957	6.635440868621188e-08
20	0.10300801	5.87737831956567e-08
21	0.1014935	1.085641365956578e-08
22	0.10199966	1.9257310598578773e-08
23	0.10394454	1.6058864186590344e-07
24	0.09980831	1.5134123666178703e-09
25	0.1034976	9.977516582096856e-08
26	0.10342269	9.20634811738886e-08
27	0.10333727	8.397474671397797e-08
28	0.10110994	6.991337438936045e-09
29	0.10599132	1.2998413320811157e-06
30	0.10513112	5.494353012037495e-07
31	0.10346376	9.621686247020777e-08
32	0.10447783	2.80817517198243e-07
33	0.10219784	2.404496346582003e-08
34	0.10249701	3.35345028806527e-08
35	0.10368477	1.218834831818925e-07
36	0.10362226	1.1401794635260078e-07
37	0.10268548	4.128789297813303e-08
38	0.10208775	2.1258331904341963e-08
39	0.10259776	3.748394910704317e-08
40	0.10155277	1.1615229751302857e-08
41	0.10356737	1.0751896526542434e-07
42	0.10152416	1.1242708726404057e-08
43	0.1031038	6.5227895716546e-08
44	0.10142893	1.0084688763844313e-08
45	0.10212612	2.2191888107310245e-08
46	0.10392369	1.5708654190193435e-07
47	0.10329737	8.043700769038713e-08
48	0.10353393	1.037373546706344e-07
49	0.10299795	5.813310726102134e-08
50	0.10112006999999999	7.073522008470104e-09
51	0.10451823	2.928443425298313e-07
52	0.10296525	5.609710099432838e-08
53	0.10081832	4.986618838160621e-09
54	0.10449187	2.8494190472155066e-07
55	0.10461439	3.2351002397414643e-07
56	0.10219871999999999	2.4068610011484883e-08
57	0.10370944	1.2513034363328425e-07
58	0.10211906	2.2017172834984542e-08
59	0.10324802	7.626109564702485e-08
60	0.1027802	4.5816477311077325e-08
61	0.10248118	3.2951927941078145e-08
62	0.10492461	4.4511192574865826e-07
63	0.10130424	8.742760621155047e-09
64	0.10325745	7.704243312104971e-08
65	0.10419567	2.0918964307889504e-07
66	0.1033505	8.518077751824193e-08
67	0.10202774	1.9874388477096086e-08
68	0.10353386	1.0372957559851403e-07
69	0.10558088	8.646680094878454e-07
70	0.10230032	2.69563004439474e-08
71	0.10426282	2.2443116805147978e-07
72	0.10347202999999999	9.70749187787032e-08
73	0.10107699	6.730400405942815e-09
74	0.10321177	7.332853406462174e-08
75	0.10396920999999999	1.64830160987555e-07
76	0.10353316	1.0365181599308534e-07
77	0.10462812	3.2813448490682355e-07
78	0.10428926	2.307229269482055e-07
79	0.10305542	6.188657730176038e-08
80	0.10402431	1.746991995698503e-07
81	0.10129162	8.617065426885697e-09
82	0.10523545	6.10761023178023e-07
83	0.10304645	6.128560964581285e-08
84	0.10436499	2.4970371799992044e-07
85	0.10253962999999999	3.5153216074233114e-08
86	0.10143972	1.0209820923974153e-08
87	0.10494128	4.5276721531474226e-07
88	0.10195059	1.8223429938190453e-08
89	0.10417834	2.0542187463063598e-07
90	0.10258488	3.695491098512226e-08
91	0.10117964	7.576205417037297e-09
92	0.10306161999999999	6.230530235339355e-08
93	0.10253918	3.513573472900887e-08
94	0.10456011999999999	3.058406829124489e-07
95	0.10063939	4.0471302970698475e-09
96	0.10405472	1.8038872098972388e-07
97	0.10247755	3.2819730224802047e-08
98	0.1011185	7.06072323834794e-09
99	0.10275026	4.433525022334385e-08
100	0.10599954	1.3104180531736654e-06
101	0.10438113	2.5394015313692656e-07
102	0.10165488	1.3045356623137451e-08
103	0.10171416	1.3952810627109068e-08
104	0.10363514	1.1559725274111052e-07
105	0.1036295	1.1490309931615715e-07
106	0.10420147	2.1046552337261624e-07
107	0.10382411	1.4135616570254498e-07
108	0.10271703	4.274572605414437e-08
109	0.10202465	1.980555255965002e-08
110	0.10460987	3.2200146732126893e-07
111	0.10299351	5.7852505840490246e-08
112	0.10154507	1.1513804769066847e-08
113	0.10304351	6.108987294704939e-08
114	0.10175432	1.4602194527205022e-08
115	0.10007262	2.074455787329019e-09
116	0.10426497	2.2493652045243646e-07
117	0.10259932	3.754852277574765e-08
118	0.10197093	1.8645256934558273e-08
119	0.10215462	2.2910997486089208e-08
120	0.10346577	9.642473122375255e-08
121	0.10213508	2.2415566118966238e-08
122	0.1020109	1.9502046587976354e-08
123	0.10152885	1.130296795816005e-08
124	0.10457664	3.1111798433962854e-07
125	0.10312193	6.65246094515098e-08
126	0.10298993	5.7627213444971556e-08
127	0.10284576	4.922978720967528e-08
128	0.10265565	3.9954042441141206e-08
129	0.10258068	3.678397304691289e-08
130	0.10349159	9.913402102588206e-08
131	0.10193157	1.7837390168781828e-08
132	0.10242063	3.081301724592226e-08
133	0.10416398	2.0234969872966597e-07
134	0.10280509	4.7084367193667374e-08
135	0.10235543	2.8660819404219954e-08
136	0.10374343	1.2974152397726354e-07
137	0.1034385	9.364131959025417e-08
138	0.10491133	4.391031115814076e-07
139	0.10151258	1.1095260593537368e-08
140	0.10143992	1.0212154551852447e-08
141	0.10352128	1.0234071553850089e-07
142	0.10317067	7.013596628681026e-08
143	0.10034936	2.8787641910582162e-09
144	0.10215995	2.3047976967778107e-08
145	0.10562179	9.007626203687656e-07
146	0.10241737	3.070177184170522e-08
147	0.10322161	7.411356654463563e-08
148	0.10309295	6.446364403552559e-08
149	0.10365574	1.1816735795962616e-07
150	0.1012243	7.975738806355638e-09
151	0.10121123	7.856735144133418e-09
152	0.10312691	6.688515397099036e-08
153	0.10358501	1.095673374879824e-07
154	0.1023835	2.9568842940592393e-08
155	0.10473123	3.64966298444371e-07
156	0.10433663	2.424249545893572e-07
157	0.10258188	3.683273387773996e-08
158	0.10461149	3.225413604560901e-07
159	0.10271379	4.259374045926513e-08
160	0.10348882	9.883986566483992e-08
161	0.10236821	2.9070820348314465e-08
162	0.10178428	1.510571481433215e-08
163	0.10339764	8.961616972220377e-08
164	0.10192205	1.7647167819396356e-08
165	0.10626769	1.7047440687011497e-06
166	0.10400424999999999	1.7104169509068166e-07
167	0.10360838	1.1233945107516748e-07
168	0.10302686999999999	5.999341902963349e-08
169	0.10276228	4.4924241148058825e-08
170	0.10220697	2.4291399307377973e-08
171	0.1025761	3.659844528755099e-08
172	0.10375044	1.30712807284913e-07
173	0.10221334	2.446479077059178e-08
174	0.10307761	6.339794439028523e-08
175	0.10311382	6.59414926383913e-08
176	0.10289484	5.194551210563329e-08
177	0.1031401	6.784928121635174e-08
178	0.10367442	1.2054576451156962e-07
179	0.10429685	2.325604024465393e-07
180	0.10273873	4.377732426518552e-08
181	0.10338129	8.805299635975738e-08
182	0.10386653	1.4786096324249362e-07
183	0.10546152	7.671576844352613e-07
184	0.10437562	2.524861219672534e-07
185	0.10350033	1.0006772823320723e-07
186	0.10240976	3.044360313292597e-08
187	0.10175331	1.4585507948774315e-08
188	0.10193535	1.791347182625341e-08
189	0.1035526	1.0583247435084644e-07
190	0.10328675	7.95200292297763e-08
191	0.10298422	5.7269640581015984e-08
192	0.10241295	3.055156566403507e-08
193	0.10582616	1.1039691459113498e-06
194	0.10154458	1.150737972593668e-08
195	0.10062359	3.9730069432498745e-09
196	0.10388591	1.5092842830014475e-07
197	0.10368572	1.2200698774445746e-07
198	0.10330744	8.131597078808615e-08
199	0.10251281	3.412595322755135e-08
200	0.10294689	5.498448667992934e-08
201	0.10397792	1.663534469660105e-07
202	0.10172107	1.4062505856337646e-08
203	0.10369309	1.2296925448535244e-07
204	0.10559122	8.736568162841867e-07
205	0.10406601	1.8254637426630068e-07
206	0.10186095	1.6472472733509365e-08
207	0.10281752	4.7730245840341394e-08
208	0.10173861	1.434473507533253e-08
209	0.10253708	3.505426679082505e-08
210	0.10268931	4.146225535082305e-08
211	0.10435059	2.4598182059195667e-07
212	0.10320957	7.31541259541179e-08
213	0.10415746	2.0096954638542532e-07
214	0.10153597	1.1395050638556247e-08
215	0.10163338	1.2730653053470449e-08
216	0.10281717	4.7711942185069816e-08
217	0.10178294	1.508283747786752e-08
218	0.10369978	1.2384910596435275e-07
219	0.10198963	1.9041446045002127e-08
220	0.10221206	2.4429852785999674e-08
221	0.10148088	1.0701193819412726e-08
222	0.10208044	2.1084862452656563e-08
223	0.1035999	1.1132579264978826e-07
224	0.10156031	1.1715390173002727e-08
225	0.10006293	2.050696419772048e-09
226	0.10249172	3.333871530563067e-08
227	0.10399554	1.6947682033321867e-07
228	0.10115797	7.389438942717087e-09
229	0.10248247	3.299903185340796e-08
230	0.10235576	2.867133520777835e-08
231	0.10398664	1.6789214342386936e-07
232	0.10257515	3.656007651277387e-08
233	0.10149085	1.0823639124124164e-08
234	0.1041417	1.9767102586250346e-07
235	0.10485217	4.132745474121851e-07
236	0.10209027	2.1318453823495574e-08
237	0.10515636	5.637015558219878e-07
238	0.10343567	9.33569706599326e-08
239	0.09932896	8.49211952316255e-10
240	0.10310286	6.516133749730198e-08
241	0.10324335	7.587700856188667e-08
242	0.10236146	2.8853565015235868e-08
243	0.10406246	1.8186524611847644e-07
244	0.10239264	2.987050054488448e-08
245	0.1022109	2.4398232162118737e-08
246	0.10285357	4.965251237573184e-08
247	0.10461891	3.25025417927743e-07
248	0.10196627999999999	1.8547991630127813e-08
249	0.10196892	1.860315246752663e-08
250	0.10227022	2.6067384702594726e-08
251	0.10368334	1.2169780487529678e-07
252	0.10328496	7.936647506708739e-08
253	0.10222917	2.4900913155214405e-08
254	0.10339161	8.903655097123831e-08
255	0.10382226	1.4107888806473558e-07
256	0.10534985	6.856026234035623e-07
257	0.10294309	5.475689899407733e-08
258	0.10453163	2.969424194571291e-07
259	0.10137074	9.435184410837432e-09
260	0.10373767	1.2894867732361184e-07
261	0.10437439	2.521626400998442e-07
262	0.10378242	1.3523402659230115e-07
263	0.10254645	3.541919291121724e-08
264	0.10266844	4.0520739067894464e-08
265	0.10294674	5.497548556369025e-08
266	0.10195967	1.841057785025737e-08
267	0.10386684	1.4790955104213737e-07
268	0.10158062	1.1989388524217809e-08
269	0.10209975	2.1546112055544446e-08
270	0.10257568	3.65814774258443e-08
271	0.1035405	1.0447000076080918e-07
272	0.10388942	1.5149054930151032e-07
273	0.10081339	4.958091453877358e-09
274	0.1027892	4.6271058353507404e-08
275	0.10100628	6.2020760356307024e-09
276	0.10393076	1.582656881342264e-07
277	0.10258639	3.701655573990576e-08
278	0.10270712	4.228250799900304e-08
279	0.1030978	6.480418733968683e-08
280	0.10341941	9.173938333340256e-08
281	0.10099841	6.145836479725522e-09
282	0.10420794	2.118976834057302e-07
283	0.10415016	1.9943510327193915e-07
284	0.10171399	1.395012242997218e-08
285	0.10287884	5.104458271583685e-08
286	0.10150078	1.0946949204589708e-08
287	0.10280048	4.6846990952153746e-08
288	0.10475079	3.7239085999355033e-07
289	0.10195656	1.8346267992195505e-08
290	0.10344323	9.411845112147678e-08
291	0.10182527	1.582207588761148e-08
292	0.10405864	1.8113506431469294e-07
293	0.10054596	3.627632339125112e-09
294	0.10423233	2.173818440599968e-07
295	0.10055226	3.6545323294021685e-09
296	0.1016116	1.2419392824169724e-08
297	0.10408017	1.8528788554213152e-07
298	0.10179033999999999	1.5209597522964272e-08
299	0.10251764	3.430877245517616e-08
300	0.10333452	8.372614849297556e-08
301	0.10287701	5.0942511409862774e-08
302	0.10313088	6.71739343696436e-08
303	0.10421282	2.1298413053145911e-07
304	0.10238682	2.967807243329475e-08
305	0.10385718	1.4640274124163706e-07
306	0.10081936	4.992657197683858e-09
307	0.10347925	9.783009808942759e-08
308	0.10324789	7.625037822506509e-08
309	0.10249672	3.3523740826107454e-08
310	0.10478064	3.840036226400737e-07
311	0.103611	1.1265443935222597e-07
312	0.10249622	3.350519344425654e-08
313	0.10498253	4.7226144431181635e-07
314	0.10518188	5.7848968534773e-07
315	0.10137025	9.429892069823347e-09
316	0.10267893	4.099135143947333e-08
317	0.1028998	5.222792307377532e-08
318	0.10233498	2.801642489177731e-08
319	0.10337161	8.714002509041417e-08
320	0.10230412	2.7070596917936274e-08
321	0.10210198	2.160000723343425e-08
322	0.10315898	6.925283565205154e-08
323	0.10368536	1.2196017174179524e-07
324	0.10109904	6.903945389823389e-09
325	0.10262219	3.850769239080185e-08
326	0.10282646	4.82000928590524e-08
327	0.10326762	7.789379264405101e-08
328	0.10306575	6.258575251244574e-08
329	0.1039147	1.5559946668611073e-07
330	0.10418880999999999	2.0769025342509295e-07
331	0.10353089	1.0340004150652135e-07
332	0.10182378	1.579546620195292e-08
333	0.10330065	8.072228602944075e-08
334	0.10372335	1.2699787582311992e-07
335	0.10156978	1.184238072050233e-08
336	0.10361627	1.132906190520111e-07
337	0.10225342999999999	2.5583996706268007e-08
338	0.10482802	4.0315872349608104e-07
339	0.10245595	3.204369633073021e-08
340	0.10197062999999999	1.863896680318092e-08
341	0.10098201	6.030233823663644e-09
342	0.10523051	6.077137722547513e-07
343	0.10196527	1.8526930554439308e-08
344	0.10015787	2.2954026178966685e-09
345	0.10105541	6.564675134460599e-09
346	0.10233791	2.810787900177926e-08
347	0.10357046	1.0787507521353596e-07
348	0.10365325	1.178537799533575e-07
349	0.10366072	1.187969431814121e-07
350	0.10487432	4.2276810108228545e-07
351	0.0998629	1.6155665342767708e-09
352	0.10180917	1.5536845554405857e-08
353	0.10234396	2.8297637233171713e-08
354	0.10339748	8.960074294222968e-08
355	0.10346024	9.585388049396064e-08
356	0.10400837	1.7178678049044012e-07
357	0.10369124	1.227270190396161e-07
358	0.10476087	3.762738455543983e-07
359	0.10371342	1.2566195441831534e-07
360	0.1038227	1.4114478735141463e-07
361	0.10275352	4.4494247461324614e-08
362	0.10316015	6.934073578030733e-08
363	0.10200551	1.938431119513418e-08
364	0.10091777	5.5974830000180504e-09
365	0.10168629	1.351877376524755e-08
366	0.10384351	1.4429583485044029e-07
367	0.10268392	4.121707772755659e-08
368	0.10151094	1.1074531332143396e-08
369	0.10241731	3.069972804455914e-08
370	0.10275373	4.450450858720832e-08
371	0.10293727	5.441010325219385e-08
372	0.10533402	6.747419809994248e-07
373	0.10364308	1.1658137985212307e-07
374	0.10282368	4.805350899860538e-08
375	0.10421605	2.1370619902886246e-07
376	0.10210782	2.1741772028077187e-08
377	0.10378292	1.3530590474865947e-07
378	0.10399952999999999	1.70191950580237e-07
379	0.10234646	2.837641296091098e-08
380	0.10283812	4.8819647447740994e-08
381	0.10304074	6.090600986736952e-08
382	0.10183389	1.5976877767146486e-08
383	0.09998355	1.8658097934895783e-09
384	0.1025032	3.376501968680571e-08
385	0.10280781	4.722497204048187e-08
386	0.10169416	1.363998799813104e-08
387	0.10352809	1.030902997710711e-07
388	0.10377773	1.3456160916926804e-07
389	0.1026075	3.788889447901435e-08
390	0.10475847	3.7534578849682337e-07
391	0.10522051	6.015901427634037e-07
392	0.10246246	3.2275686500242276e-08
393	0.10198246	1.888857927093813e-08
394	0.104568	3.0834704666001645e-07
395	0.10235145	2.853428745931607e-08
396	0.10142752	1.0068447701508425e-08
397	0.10305436	6.181526288511761e-08
398	0.10332357	8.274334043203866e-08
399	0.10331383	8.18785506400484e-08
400	0.10451877	2.930084252253364e-07
401	0.10379808	1.3750292230827472e-07
402	0.10211356	2.1881991254793252e-08
403	0.10247895	3.287065437437431e-08
404	0.10446956	2.784152284018451e-07
405	0.1035776	1.0870231256879322e-07
406	0.10334938	8.507803185308898e-08
407	0.10321921	7.39213463297003e-08
408	0.10183141	1.593219037101719e-08
409	0.10109777	6.893832536381047e-09
410	0.10199911	1.9245412098052005e-08
411	0.1040286	1.754911665483718e-07
412	0.10261926	3.8383490755420733e-08
413	0.10129758999999999	8.676305598491295e-09
414	0.10340991	9.080691947709052e-08
415	0.10121996	7.936029179868604e-09
416	0.1016545	1.303972921748708e-08
417	0.10349333	9.931923142582822e-08
418	0.10295646	5.556172632371436e-08
419	0.10160605	1.2341269686607067e-08
420	0.10342725	9.25159026649146e-08
421	0.10493247	4.487057163100896e-07
422	0.10238067	2.9476043380570417e-08
423	0.1029076	5.2675056378151094e-08
424	0.10207889	2.1048257657354888e-08
425	0.10280441	4.7049279581854724e-08
426	0.10574831999999999	1.021838804107582e-06
427	0.10284452	4.916299321772848e-08
428	0.10404498	1.7854716229918874e-07
429	0.10304841	6.141643897121629e-08
430	0.10412833	1.949138953367922e-07
431	0.10438523	2.550273571231534e-07
432	0.10141343	9.907545405832339e-09
433	0.1042008	2.1031775304666532e-07
434	0.10149682	1.0897611023213591e-08
435	0.10421189	2.127766669495646e-07
436	0.10037466	2.9659243052364803e-09
437	0.10257372	3.650239512187885e-08
438	0.10206522999999999	2.0728325414177713e-08
439	0.10098569	6.0559880131154524e-09
440	0.10191595	1.7526321025282366e-08
441	0.10289197	5.178277898978559e-08
442	0.10342033	9.183017694744963e-08
443	0.10201753	1.9647822324803867e-08
444	0.10171439	1.3956448402500172e-08
445	0.10469726	3.524109424998968e-07
446	0.10329442	8.01812670924804e-08
447	0.10381574	1.4010586908937622e-07
448	0.10134579	9.169350951296612e-09
449	0.1037446	1.2990314751473628e-07
450	0.10212789	2.2235901692028048e-08
451	0.10226166	2.5819840787601407e-08
452	0.10195136	1.823922829599941e-08
453	0.10185849	1.642680730378254e-08
454	0.10446046	2.7579482561915783e-07
455	0.10402304	1.7446541290812992e-07
456	0.10535987	6.925641865672131e-07
457	0.10459254999999999	3.1628365443676215e-07
458	0.10366618	1.1949094967353614e-07
459	0.10242244	3.087495143983108e-08
460	0.10473373	3.6590720293936895e-07
461	0.10120722	7.82057185241936e-09
462	0.10318651	7.135007429052675e-08
463	0.10340179	9.00172033877004e-08
464	0.10286499	5.027698706030321e-08
465	0.10414469	1.9829276602139381e-07
466	0.10631628	1.7874940271858042e-06
467	0.10175546	1.4621051211121442e-08
468	0.10176106	1.471402532742226e-08
469	0.10234686	2.8389036851519335e-08
470	0.10453547	2.9812698877224906e-07
471	0.10264453999999999	3.946804019438439e-08
472	0.10357366	1.0824506797960613e-07
473	0.10357386	1.0826823335128901e-07
474	0.10320222	7.257435935309585e-08
475	0.10391655	1.5590436399245938e-07
476	0.10322343	7.42596569305489e-08
477	0.10344839	9.464164838618834e-08
478	0.10358589	1.0967050895415677e-07
479	0.10297719	5.683236515273998e-08
480	0.10301282	5.9082528308990627e-08
481	0.10347345	9.722299617628804e-08
482	0.10336443	8.646878222667813e-08
483	0.10246424999999999	3.2339760582352105e-08
484	0.10552958	8.213755909812343e-07
485	0.10566964	9.448265935521523e-07
486	0.10335292	8.540319288456737e-08
487	0.10491249	4.396248360289177e-07
488	0.10333771	8.401458884680814e-08
489	0.10448868	2.8399969485295927e-07
490	0.10129275	8.628248068445562e-09
491	0.1020584	2.05701386332948e-08
492	0.10246583	3.239642033607242e-08
493	0.10379113	1.3649145474365925e-07
494	0.10463802	3.315085651753075e-07
495	0.10480408	3.933674064309894e-07
496	0.1037084	1.2499179003027472e-07
497	0.10643616	2.008531335496086e-06
498	0.10454126	2.999217478431614e-07
499	0.10224343	2.5300249030601614e-08
500	0.1033153	8.200850386119488e-08
501	0.10139027	9.648494387508028e-09
502	0.10340222	9.00588556986448e-08
503	0.10273151	4.343143518048882e-08
504	0.10274923	4.42851297672138e-08
505	0.10449665	2.863594083065995e-07
506	0.102299	2.6916707396548792e-08
507	0.1033555	8.564093407975767e-08
508	0.10548318	7.840262408322091e-07
509	0.10251334	3.414596778594245e-08
510	0.10074374	4.5716741042837805e-09
511	0.10375314	1.3108878822147528e-07
512	0.10091611	5.586711742678156e-09
513	0.10215063	2.2808974288910922e-08
514	0.10511847	5.424170956630626e-07
515	0.10363444	1.1551087839708843e-07
516	0.10315919	6.926860462844518e-08
517	0.10291017	5.282319380960459e-08
518	0.10245204	3.190513981905707e-08
519	0.10377143999999999	1.3366488253002255e-07
520	0.1020693	2.0823151125904942e-08
521	0.10214013	2.2542599502621714e-08
522	0.10230441	2.7079338874344577e-08
523	0.10347192	9.706345713013984e-08
524	0.10459953	3.185760283562915e-07
525	0.10360089	1.1144367354394289e-07
526	0.10284359	4.911295550807402e-08
527	0.10426652	2.253015276714361e-07
528	0.10123736	8.096405252921004e-09
529	0.10093281	5.696000484078352e-09
530	0.10422353	2.153874720719999e-07
531	0.10233689	2.807600884222283e-08
532	0.10396998	1.6496427923557823e-07
533	0.10109781	6.89415083111889e-09
534	0.10362404	1.1423495176826351e-07
535	0.10071930999999999	4.443223826845736e-09
536	0.10182379	1.5795644645158983e-08
537	0.1024007	3.013899499385002e-08
538	0.10224279	2.528219377146774e-08
539	0.1037845	1.355332832524423e-07
540	0.10370528	1.2457702120471742e-07
541	0.10224292	2.528586023139499e-08
542	0.10195537	1.8321718557187967e-08
543	0.10302947999999999	6.016412623077625e-08
544	0.10152923999999999	1.1307992996616762e-08
545	0.10304086999999999	6.091462678969368e-08
546	0.10209148	2.1347380643566655e-08
547	0.10348488	9.842292252030154e-08
548	0.10268435	4.123658552373047e-08
549	0.10271515	4.2657472824426856e-08
550	0.10223663	2.5109051499365346e-08
551	0.10109827	6.897812250319124e-09
552	0.1044898	2.843301580572069e-07
553	0.10285688	4.983273192539307e-08
554	0.10045277	3.2515827084131e-09
555	0.10139384	9.687991196746336e-09
556	0.10497156	4.6699938340943717e-07
557	0.10251833	3.433496708609634e-08
558	0.10334519	8.469471849364266e-08
559	0.10273105	4.340948814089791e-08
560	0.10202042	1.971169691695292e-08
561	0.1026809	4.1080321939822966e-08
562	0.10136236	9.345071729058428e-09
563	0.10226339	2.586968504615079e-08
564	0.10085665	5.21394196389809e-09
565	0.10081138	4.94650633980952e-09
566	0.1024238	3.092156725446785e-08
567	0.10388991	1.5156918326761736e-07
568	0.10541947	7.354045068425298e-07
569	0.10187187	1.6676678753164863e-08
570	0.1022242	2.476317973961993e-08
571	0.1038736	1.489729350858064e-07
572	0.10539991	7.210702598075247e-07
573	0.10247515	3.273261007269559e-08
574	0.10400766	1.7165815594385497e-07
575	0.10260468	3.777121628450758e-08
576	0.1059597	1.2599176508223289e-06
577	0.1037259	1.27343153263037e-07
578	0.10221429	2.4490752723211667e-08
579	0.10262515	3.863356230871877e-08
580	0.10300129	5.8345060984857705e-08
581	0.10505165	5.067592171552873e-07
582	0.1030066	5.8683575231070004e-08
583	0.10429878	2.3302989429079756e-07
584	0.10498536	4.7362820413848553e-07
585	0.10295454	5.544544651960214e-08
586	0.1024365	3.136019292351705e-08
587	0.10421991	2.1457221439558845e-07
588	0.10147958	1.068532780643839e-08
589	0.10044064	3.2055238094336904e-09
590	0.10371052	1.2527438384624852e-07
591	0.10245537	3.2023106299608215e-08
592	0.10230887	2.7214130437871018e-08
593	0.10471558	3.5912919911525913e-07
594	0.10122321	7.965747481343203e-09
595	0.10206582	2.0742045562565223e-08
596	0.10505898	5.105573238937222e-07
597	0.10387386	1.4901398210916468e-07
598	0.10122096	7.945161746062675e-09
599	0.10403598	1.7686171804630575e-07
600	0.10468042	3.463427861483761e-07
601	0.10379624999999999	1.3723589087517437e-07
602	0.10464738999999999	3.347329172802233e-07
603	0.10370301	1.2427608935866668e-07
604	0.10303167	6.03077271716588e-08
605	0.10282959	4.836565142338994e-08
606	0.10253728	3.5062017724046e-08
607	0.10367341	1.2041598895070898e-07
608	0.10452433	2.947030520199026e-07
609	0.10336434	8.646040024354421e-08
610	0.10557673	8.610854744646177e-07
611	0.10248047	3.292603042837552e-08
612	0.10330367	8.09858189594527e-08
613	0.10310771	6.550545861946305e-08
614	0.10283952	4.889455470815197e-08
615	0.10176929	1.4851709398897098e-08
616	0.1028025	4.6950860506185384e-08
617	0.10388637	1.510019813007858e-07
618	0.10389866	1.5298004022437447e-07
619	0.10379682999999999	1.3732046932267153e-07
620	0.10423414	2.1779426199598832e-07
621	0.10124609	8.178055222442634e-09
622	0.10281004	4.7340551580024187e-08
623	0.102383	2.9552426621971842e-08
624	0.10265832	4.007170445714653e-08
625	0.10447696	2.805638563519413e-07
626	0.10398486	1.6757693561401283e-07
627	0.10289047999999999	5.169848924870874e-08
628	0.10249729	3.354489701683518e-08
629	0.10452905	2.961490966430182e-07
630	0.10337542	8.749826451280048e-08
631	0.10274186	4.392810376678998e-08
632	0.10305786	6.205103875686226e-08
633	0.10279992	4.681823498013882e-08
634	0.10409789	1.8877487898550092e-07
635	0.10353299	1.0363294005287464e-07
636	0.10318415	7.116789963234595e-08
637	0.10358613	1.0969866297626251e-07
638	0.10387481999999999	1.4916563533572455e-07
639	0.10122933	8.022003994728411e-09
640	0.10136923	9.418884634413558e-09
641	0.10398445	1.675044128670072e-07
642	0.1023853	2.9628015141604414e-08
643	0.10286358	5.0199473784649375e-08
644	0.10305697	6.199100165889183e-08
645	0.1043489	2.455485525313037e-07
646	0.10257325	3.64834562243374e-08
647	0.10283245	4.8517411515508936e-08
648	0.10377707	1.3446724382487239e-07
649	0.10432146	2.386162563706693e-07
650	0.10413142	1.9554777869256322e-07
651	0.10268577	4.130107037814447e-08
652	0.10271476	4.263918716107248e-08
653	0.10470878	3.5662118972830307e-07
654	0.10342149	9.194478012891042e-08
655	0.10127004	8.406196811420745e-09
656	0.10425117	2.2171192536162265e-07
657	0.10364178	1.164196963248764e-07
658	0.10411173	1.91542490328757e-07
659	0.10311276	6.586564529559192e-08
660	0.09980675	1.5105878752660537e-09
661	0.10209482	2.142742656335896e-08
662	0.10358716999999999	1.0982074476623193e-07
663	0.10148451	1.074561820315526e-08
664	0.10116918	7.485486871591258e-09
665	0.1039247	1.572544685640229e-07
666	0.10562671	9.052002206379402e-07
667	0.10213447	2.2400268715812295e-08
668	0.1024101	3.045509242573875e-08
669	0.10306784	6.27281419598842e-08
670	0.10336688	8.669726158301196e-08
671	0.10216992	2.330634520434563e-08
672	0.10330965	8.151011497420463e-08
673	0.10446455	2.769696000518699e-07
674	0.10244821999999999	3.1770335205366106e-08
675	0.10333489	8.375955462381283e-08
676	0.10290992	5.2808765804664685e-08
677	0.10245204	3.190513981905707e-08
678	0.1030049	5.857499263046865e-08
679	0.10101575	6.2704146058348955e-09
680	0.10212749	2.2225947697895118e-08
681	0.10219265	2.3905961568386146e-08
682	0.10154688	1.1537568394777756e-08
683	0.10321574	7.364428335341927e-08
684	0.10134977	9.211261791469215e-09
685	0.10551393	8.085902782006061e-07
686	0.10112856	7.143125925395135e-09
687	0.10300865	5.88147730756976e-08
688	0.10368263999999999	1.216070134245703e-07
689	0.1027042	4.2146952850894304e-08
690	0.10273504	4.360021406908222e-08
691	0.10210189	2.159782955404254e-08
692	0.10155803	1.1685014547953496e-08
693	0.10156725	1.1808323364115735e-08
694	0.1019746	1.8722373617788116e-08
695	0.10472163	3.6137492598675054e-07
696	0.10427112	2.2638815513114233e-07
697	0.10219451	2.3955687171631178e-08
698	0.10319355	7.189620403821258e-08
699	0.10393069	1.5825397148217828e-07
700	0.10269589	4.176348473923665e-08
701	0.10259393	3.732586993468921e-08
702	0.10332675	8.302759915448237e-08
703	0.10262575	3.865912517973906e-08
704	0.1024191	3.076075825944574e-08
705	0.10383259	1.426339216619519e-07
706	0.10236142	2.8852282294001476e-08
707	0.10178349	1.509222334557711e-08
708	0.10347923	9.782799832880368e-08
709	0.10192272	1.7660490479944027e-08
710	0.10359826	1.1113078126591844e-07
711	0.10398566	1.6771853103094456e-07
712	0.10107746	6.7340548050780454e-09
713	0.10160345999999999	1.2304976197760952e-08
714	0.10331	8.154090302592964e-08
715	0.10165438	1.3037952633153394e-08
716	0.1005943	3.839084496726097e-09
717	0.10096126	5.887002807590044e-09
718	0.10287383	5.076561302771022e-08
719	0.10308658	6.401901255891803e-08
720	0.10352386	1.0262407479857975e-07
721	0.10503637	4.989293436404076e-07
722	0.10566079	9.365230618131322e-07
723	0.10258371	3.690721512862614e-08
724	0.10138284	9.566794682559674e-09
725	0.10103049	6.378246087217174e-09
726	0.10304234	6.10121467124188e-08
727	0.10286474	5.026323509693152e-08
728	0.10164204	1.2856513362955217e-08
729	0.10351988	1.0218727251538196e-07
730	0.10267472	4.080184375479842e-08
731	0.10232143	2.7597238516394588e-08
732	0.10513838	5.535026865728071e-07
733	0.10414619	1.9860538892465372e-07
734	0.10257045	3.637082653540752e-08
735	0.10200102	1.9286763088689018e-08
736	0.10151972	1.1185949994720398e-08
737	0.10308827	6.413668494206738e-08
738	0.10401951	1.7381718764620918e-07
739	0.10372658	1.27435380862924e-07
740	0.10296009	5.57822153693923e-08
741	0.10205726	2.054385020983751e-08
742	0.10273853	4.376770690435806e-08
743	0.10274848	4.4248668933569024e-08
744	0.10409925	1.8904511503229973e-07
745	0.10484479	4.101574923644336e-07
746	0.1026097	3.798094752831694e-08
747	0.10377602	1.3431724935394429e-07
748	0.10269258	4.1611689588456975e-08
749	0.1034033	9.016355329307061e-08
750	0.10373726	1.288924215050439e-07
751	0.10262320999999999	3.855102140931295e-08
752	0.10437273	2.51726707176945e-07
753	0.10353398999999999	1.037440228971477e-07
754	0.10134015	9.110277739053087e-09
755	0.10288717	5.151171818570093e-08
756	0.10232965	2.785080099999345e-08
757	0.10285931	4.996544245238353e-08
758	0.10495044	4.5702774835950095e-07
759	0.1018289	1.5887086293956415e-08
760	0.10128345	8.536633039039869e-09
761	0.10228378	2.6464253540867488e-08
762	0.10248678	3.3156885243860226e-08
763	0.10460171	3.192952734489313e-07
764	0.10489176	4.3039097930282644e-07
765	0.10309625	6.469516443901678e-08
766	0.10205773	2.05546844567402e-08
767	0.10414695	1.9876396670703558e-07
768	0.10423207	2.1732266386587754e-07
769	0.10353244	1.0357189367705886e-07
770	0.09969149	1.3155497557731747e-09
771	0.10484938	4.120934649346665e-07
772	0.10096933	5.9423090510655456e-09
773	0.10251084	3.405165942055906e-08
774	0.10231683	2.7456323422873044e-08
775	0.10126247	8.333424738822561e-09
776	0.10348649	9.859309118880826e-08
777	0.10257801	3.66757052062496e-08
778	0.10059944	3.862263140161394e-09
779	0.10274814	4.4232149632603235e-08
780	0.10357123	1.07963992490156e-07
781	0.10062762	3.991786294422203e-09
782	0.10294712	5.499829117166053e-08
783	0.10358687	1.0978551534815114e-07
784	0.10199715	1.920306831413966e-08
785	0.10161636	1.248677919926288e-08
786	0.10440739	2.609820093276323e-07
787	0.10350402	1.0046449268491732e-07
788	0.10110845	6.97932787225005e-09
789	0.1036435	1.1663366259537611e-07
790	0.10337149	8.712876511039368e-08
791	0.10237631999999999	2.9333952915748556e-08
792	0.10585077	1.1312348480464975e-06
793	0.10238693	2.9681698189749443e-08
794	0.10454980999999999	3.0259117373823324e-07
795	0.10383084	1.423693203040171e-07
796	0.10323274	7.501134851840923e-08
797	0.10369767	1.235709472548763e-07
798	0.10139264	9.674697416311125e-09
799	0.10302811	6.007446257030754e-08
800	0.1053639	6.953833028301663e-07
801	0.10386471	1.4757601773080987e-07
802	0.10210713	2.1724975379594652e-08
803	0.10310751	6.54912332416763e-08
804	0.10442444	2.6565494288476285e-07
805	0.10188646999999999	1.695355470884171e-08
806	0.10098084	6.022068064426597e-09
807	0.10091187	5.559291265610776e-09
808	0.10520992	5.951702198998038e-07
809	0.10454777999999999	3.019553064707946e-07
810	0.10318969	7.159626303477068e-08
811	0.10264997	3.9704851067104186e-08
812	0.10401306	1.7263877613406112e-07
813	0.10201866	1.967277349551999e-08
814	0.10426114	2.2403705342985854e-07
815	0.10151665	1.114686795897752e-08
816	0.10361229	1.1280984353896161e-07
817	0.10196291	1.8477809219282576e-08
818	0.10279318	4.6473478793440037e-08
819	0.10345313	9.512474569213797e-08
820	0.10134836	9.196392677650676e-09
821	0.10277747	4.567944754176906e-08
822	0.10419323	2.0865513502993856e-07
823	0.1030685	6.277317236481893e-08
824	0.10297897	5.694277597495436e-08
825	0.10507571	5.19329465654924e-07
826	0.10600336	1.3153614588063437e-06
827	0.10646298	2.061468342823952e-06
828	0.10446278	2.7646060804165693e-07
829	0.10145844	1.0430515137693077e-08
830	0.1014572	1.0415753908776725e-08
831	0.10170172	1.375742376842469e-08
832	0.10322691	7.453977322022141e-08
833	0.10526194999999999	6.273612559512255e-07
834	0.10253749	3.507015799693568e-08
835	0.10164291	1.2869224300524184e-08
836	0.10133843	9.09233640273755e-09
837	0.10370299	1.2427344111194501e-07
838	0.10132665	8.970381052319469e-09
839	0.10174759	1.4491355445619758e-08
840	0.10216551	2.3191716322086924e-08
841	0.10444423	2.711804320407803e-07
842	0.1009648	5.91120147470231e-09
843	0.10117471	7.533315307391851e-09
844	0.10312849	6.699993951972107e-08
845	0.10274652	4.415352228357965e-08
846	0.1028153	4.7614263859548415e-08
847	0.10163546	1.2760772851515943e-08
848	0.10298991	5.762595722476804e-08
849	0.10153268	1.1352410752775944e-08
850	0.1025771	3.6638875754931466e-08
851	0.10108961	6.829199031991257e-09
852	0.10347537	9.742356200933237e-08
853	0.10136948	9.421581376620635e-09
854	0.10405195	1.798631279315477e-07
855	0.10194915	1.8193920690237856e-08
856	0.10468094	3.4652864215141833e-07
857	0.10389334	1.5212072981342756e-07
858	0.10483657	4.0671241323316513e-07
859	0.1025496	3.554270089545741e-08
860	0.10303555	6.056296108737525e-08
861	0.10488645	4.280560608954e-07
862	0.10070986999999999	4.394538091678084e-09
863	0.10410372	1.8993596011336684e-07
864	0.10442421	2.6559137063686425e-07
865	0.10301144	5.899378787533391e-08
866	0.10242766	3.1054246959289126e-08
867	0.10288482	5.137951440713339e-08
868	0.10378214	1.3519379099600385e-07
869	0.10250154	3.3703050243130686e-08
870	0.10490769	4.3746985981713917e-07
871	0.10370405	1.2441387362069315e-07
872	0.1042945	2.3198997791593233e-07
873	0.10128717	8.573164739413961e-09
874	0.10249994	3.364342531023697e-08
875	0.1009396	5.741029437455549e-09
876	0.10272918	4.332037955267256e-08
877	0.09985512	1.6006066723379348e-09
878	0.10171544	1.3973067371832689e-08
879	0.10313543	6.750639318144959e-08
880	0.10322215	7.415688291120837e-08
881	0.10550068	7.979160214398951e-07
882	0.10407315	1.8392379762228216e-07
883	0.1025872	3.704966463198497e-08
884	0.10297589	5.675185944125458e-08
885	0.10371176	1.2543996162201415e-07
886	0.10294926	5.5126894435763307e-08
887	0.10226023	2.5778710568025796e-08
888	0.10108646	6.8044069394142015e-09
889	0.10174346	1.4423742827359865e-08
890	0.10395248	1.6194209079381674e-07
891	0.10094245	5.7600329003308405e-09
892	0.10214647	2.270307487953826e-08
893	0.10428295	2.2920603795700434e-07
894	0.10264668	3.9561204627442824e-08
895	0.10297819	5.689436808587092e-08
896	0.10106253999999999	6.618985603935894e-09
897	0.10150935999999999	1.1054596137201593e-08
898	0.10349444	9.94375582188645e-08
899	0.10225437	2.5610827581715985e-08
900	0.10239894	3.008016640458224e-08
901	0.1019935	1.9124455305599736e-08
902	0.10418224	2.0626401075128872e-07
903	0.10328348	7.92397314614907e-08
904	0.10276439	4.5028414529492945e-08
905	0.10510253	5.336968814632424e-07
906	0.10353118	1.0343217344464214e-07
907	0.10440211	2.595511144958596e-07
908	0.1017042	1.3796161671664516e-08
909	0.10331604999999999	8.207488361973872e-08
910	0.10242774	3.105700264432526e-08
911	0.10345036	9.484213956643696e-08
912	0.10326297	7.750340093158976e-08
913	0.10184172	1.6118769590774583e-08
914	0.10359479	1.1071925725757403e-07
915	0.10395808	1.6290330531654787e-07
916	0.10315553	6.899427228847108e-08
917	0.10328042	7.897830315797115e-08
918	0.10142989	1.0095761108262724e-08
919	0.10115581	7.371070452991929e-09
920	0.10343248	9.303745449409496e-08
921	0.10536397	6.954323678907714e-07
922	0.10136191	9.34025653823512e-09
923	0.10132878	8.992313731016635e-09
924	0.10492015	4.430850931177664e-07
925	0.10249688	3.352967809608906e-08
926	0.10094369	5.768320207402896e-09
927	0.10238836999999999	2.972920238208358e-08
928	0.10323095	7.486625231034778e-08
929	0.10322658	7.451316651132516e-08
930	0.10261587999999999	3.824069738856775e-08
931	0.10278599	4.610842395278656e-08
932	0.10341217	9.102791051435727e-08
933	0.10175513	1.4615590260731132e-08
934	0.10412808999999999	1.9486474506933996e-07
935	0.1038489	1.4512304205142765e-07
936	0.10357111	1.0795013057761779e-07
937	0.10079866	4.873801346911217e-09
938	0.10366191	1.1894786707683611e-07
939	0.10182038	1.5734909129685068e-08
940	0.10112755	7.134810747229922e-09
941	0.10395965	1.6317377952047747e-07
942	0.1024878	3.31943499443041e-08
943	0.10280283	4.696785054341559e-08
944	0.10370242	1.2419798907949385e-07
945	0.10372819	1.276540015451806e-07
946	0.1024508	3.186132040729319e-08
947	0.10309039	6.428459462904376e-08
948	0.10454163	3.0003679359054295e-07
949	0.10332602	8.296226110475968e-08
950	0.10364089	1.1630913071879489e-07
951	0.10361688	1.1336448115857753e-07
952	0.10292094	5.344840088352665e-08
953	0.1030619	6.232427729868095e-08
954	0.10275313	4.447519718316071e-08
955	0.10066449	4.1676652574882945e-09
956	0.09980416	1.505909862184076e-09
957	0.10199255	1.9104045803109804e-08
958	0.10396183	1.635500642227093e-07
959	0.10177881	1.5012539456036254e-08
960	0.10153581	1.139297336266912e-08
961	0.10313202	6.72570821847376e-08
962	0.10203893	2.012562148168807e-08
963	0.10521207	5.964682255460573e-07
964	0.10360442	1.1186498256716444e-07
965	0.10206317	2.0680490371545945e-08
966	0.10145874	1.0434089462997178e-08
967	0.10247539	3.274131196039766e-08
968	0.10255947	3.5932409597965253e-08
969	0.10295983	5.576639455208845e-08
970	0.10254067	3.519364976099048e-08
971	0.10352431	1.0267357581216607e-07
972	0.10385846	1.466015427857812e-07
973	0.10263478	3.904583761978494e-08
974	0.10272751	4.3240951557041163e-08
975	0.10268158	4.1111076115426286e-08
976	0.10277011999999999	4.5312497473826636e-08
977	0.10334505	8.468193986531509e-08
978	0.10365243	1.1775069004925143e-07
979	0.10373816	1.290159411152395e-07
980	0.10257534	3.6567747138499286e-08
981	0.10253643	3.502908775927171e-08
982	0.10450378	2.884864922581366e-07
983	0.10147282	1.0603193186614606e-08
984	0.1022382	2.5153070459936296e-08
985	0.10252533	3.4601811203739426e-08
986	0.10254365	3.530975834700625e-08
987	0.10305333	6.174604324773379e-08
988	0.10058242	3.7860301305230734e-09
989	0.10106891999999999	6.667954309233984e-09
990	0.1016391	1.281364955561867e-08
991	0.10472347	3.620606136575658e-07
992	0.1010512	6.5328110513555735e-09
993	0.10348985	9.894914570759596e-08
994	0.10204119	2.0176735788665466e-08
995	0.10320604	7.287512130815651e-08
996	0.10375616	1.3151057220473382e-07
997	0.10350126	1.0016758225983246e-07
998	0.10332757	8.310105213417837e-08
999	0.10461655	3.242333397140435e-07
