Dataset	Random-mean	P-value
0	0.10181501	0.00021457409586413177
1	0.10226204	0.00027316540185783663
2	0.10049589	0.00010312744516703657
3	0.101875	0.00022168458214627253
4	0.09916728	4.781953828823701e-05
5	0.10041377	9.843063553730666e-05
6	0.10182838	0.00021613997368010802
7	0.10126922	0.00015904319179198964
8	0.1009187	0.00013085734318337715
9	0.10319703	0.0004475367611751726
10	0.09744178	1.683885138339767e-05
11	0.10376196	0.0005986341705927429
12	0.10202036	0.00023984399069952415
13	0.10078976	0.00012173097107125835
14	0.10101024	0.0001377247311778836
15	0.10442361	0.0008356902656725819
16	0.09958185	6.0978958982989486e-05
17	0.10245374	0.00030263858636100493
18	0.0998456	7.106781915228341e-05
19	0.09990005	7.333898219683012e-05
20	0.10133827	0.0001652320308930712
21	0.10225594	0.0002722733614156636
22	0.09814538	2.593271528972763e-05
23	0.0994741	5.726177300339451e-05
24	0.10172262	0.00020404178898438444
25	0.10107334	0.00014265513883040542
26	0.09991208	7.384996199736265e-05
27	0.10086893	0.00012726059216313658
28	0.10138287	0.0001693494151260747
29	0.10143819	0.00017459088510692945
30	0.09925318	5.0302200961546754e-05
31	0.09997373	7.652196727578835e-05
32	0.10184356	0.00021793087045265244
33	0.10324202	0.0004581190157863561
34	0.09906131	4.491706874453244e-05
35	0.10138989	0.00017000623224423258
36	0.1009623	0.00013408689155793276
37	0.09930413	5.183209176818644e-05
38	0.10027282	9.083748108709013e-05
39	0.10030239	9.238296686503741e-05
40	0.10170351	0.00020192491335586484
41	0.10251741	0.0003130705402758616
42	0.10344564	0.0005090054665379933
43	0.10287712	0.000378630453873697
44	0.09764777	1.912495894965078e-05
45	0.09981855	6.996448529301919e-05
46	0.10082929	0.00012446293231917004
47	0.10098032	0.00013544353193720415
48	0.10115189	0.00014902566107163908
49	0.10175568	0.00020775336778179856
50	0.10076756	0.00012022165232299705
51	0.10155359	0.00018602094580175501
52	0.10019254	8.676411142918646e-05
53	0.1001436	8.4366433240614e-05
54	0.10195838	0.0002319362913775362
55	0.10027105	9.074575218269559e-05
56	0.09924551	5.007564024110912e-05
57	0.10191949	0.0002271004286145503
58	0.09937474	5.402552573239549e-05
59	0.10188002	0.0002222895370616802
60	0.10209354	0.000249506924652503
61	0.10064618	0.00011227716710044506
62	0.10014221	8.429925931573473e-05
63	0.10257153	0.0003222021174096112
64	0.10224838	0.0002711716132891971
65	0.10143653	0.00017443140213894648
66	0.10082636	0.00012425846558925902
67	0.10138498	0.00016954658262362902
68	0.10076378	0.00011996642866592431
69	0.10135142	0.0001664360949683804
70	0.100429	9.9286130829324e-05
71	0.09992369	7.434630063939962e-05
72	0.10079057	0.00012178637793314356
73	0.10252787	0.00031481628558286946
74	0.10172392	0.00020418655050988678
75	0.10307299	0.0004195330690825641
76	0.10125335	0.0001576520211973115
77	0.09935829	5.350678248045814e-05
78	0.10196691	0.00023300984612922564
79	0.09911281	4.630606374642002e-05
80	0.10183789	0.0002172603110939533
81	0.09949392	5.7928973428659265e-05
82	0.09950927	5.845076388251828e-05
83	0.10136649	0.0001678261333490653
84	0.10076789	0.00012024395808913869
85	0.10004485	7.971819664482609e-05
86	0.10216576	0.0002594009641444181
87	0.09956446	6.036392396628594e-05
88	0.10087079	0.0001273933129552101
89	0.10043646	9.970773419876081e-05
90	0.10156582	0.0001872727733258869
91	0.10284906	0.0003730864524916863
92	0.10292169	0.0003875953430292373
93	0.10053033	0.00010515965451894485
94	0.10154553	0.00018520026172265034
95	0.10359762	0.0005503772942489309
96	0.10080166	0.0001225473736876487
97	0.10232103	0.0002819346581067216
98	0.09912523	4.664709883724007e-05
99	0.09883941	3.9372583429676954e-05
100	0.0984858	3.186029287489555e-05
101	0.10049339	0.00010298138249409527
102	0.09870183	3.62687531023502e-05
103	0.09850839	3.229621362174288e-05
104	0.09914082	4.7078556707524954e-05
105	0.1031109	0.00042791276710195646
106	0.09963584	6.2926543778298e-05
107	0.09973161	6.65272746520534e-05
108	0.10201707	0.00023941794388104834
109	0.10045425	0.00010071998575717314
110	0.09825578	2.7729163363576374e-05
111	0.1020621	0.00024531148181743047
112	0.0977003	1.9753715262300874e-05
113	0.10358709	0.0005474125420477497
114	0.10127145	0.000159239599764501
115	0.09846505	3.14648204772033e-05
116	0.10074818	0.0001189185316200266
117	0.10172389	0.0002041832087696475
118	0.10151283	0.00018190555193014842
119	0.10170726	0.0002023386751509539
120	0.10190697	0.00022556389330663303
121	0.10175903	0.00020813299122387054
122	0.10067821	0.0001143239546049222
123	0.10130864	0.00016254903101867843
124	0.10365451	0.0005666557942583881
125	0.10168656	0.00020006462855634541
126	0.10253383	0.00031581507377382814
127	0.10073488	0.00011803196932572667
128	0.10198764	0.0002356383607780537
129	0.1016379	0.00019481338890696193
130	0.0999543	7.567010903467738e-05
131	0.10254231	0.0003172412937419465
132	0.10019527	8.689974254385173e-05
133	0.10050592	0.00010371542116596406
134	0.10156057	0.0001867344294062879
135	0.10219896	0.0002640719730042851
136	0.10083338	0.00012474887992584068
137	0.10103896	0.00013994852026876482
138	0.09939096	5.454168948347034e-05
139	0.10034294	9.454283327879303e-05
140	0.10089632	0.00012922827745575662
141	0.10176634	0.00020896363176135715
142	0.10292734	0.00038874588774545535
143	0.10373067	0.0005891522992762528
144	0.10361922	0.0005565058106461034
145	0.10023882	8.909071526575845e-05
146	0.10348503	0.00051943988140471
147	0.10109087	0.00014405416143257256
148	0.0984512	3.120346080711428e-05
149	0.10043761	9.977287716274078e-05
150	0.10258162	0.0003239319834122875
151	0.10303029	0.0004102786009577143
152	0.10020331	8.730035089542813e-05
153	0.10193011	0.00022841149643427488
154	0.10059403	0.00010901861431759692
155	0.09966004	6.381853679970484e-05
156	0.09797977	2.344448648962195e-05
157	0.09829207	2.8345144236773723e-05
158	0.10022878	8.858101852430545e-05
159	0.09853682	3.2852903702298415e-05
160	0.10176794	0.00020914585667366727
161	0.1005234	0.00010474771469805523
162	0.10052634	0.00010492229029645637
163	0.09958082	6.09423657448645e-05
164	0.09594551	6.534175045325916e-06
165	0.10166942	0.000198199909226238
166	0.10029202	9.183816322360555e-05
167	0.10190643	0.0002254978415308427
168	0.10022036	8.815569357993868e-05
169	0.09965566	6.365620941307327e-05
170	0.09982335	7.015907819918837e-05
171	0.10129611	0.00016142684403546182
172	0.10172883	0.00020473417638055435
173	0.10114303	0.00014829389443195325
174	0.10065864	0.0001130692368851858
175	0.10065736	0.00011298762575672912
176	0.10277235	0.00035831602277763445
177	0.1005529	0.00010651192937068167
178	0.09820212	2.684167233367167e-05
179	0.09811037	2.5386584384648193e-05
180	0.09988582	7.273888307154912e-05
181	0.10238749	0.00029213083986627216
182	0.10488808	0.0010513989445823258
183	0.10154587	0.00018523481212682472
184	0.09756518	1.817487304378259e-05
185	0.09820684	2.6918638045121774e-05
186	0.10234954	0.0002862669878996766
187	0.09883088	3.9173018632058426e-05
188	0.09931778	5.22494100115906e-05
189	0.1022627	0.00027326208212161655
190	0.10005568	8.021587045014811e-05
191	0.09924796	5.014790412192183e-05
192	0.10031332	9.296050171647497e-05
193	0.1008634	0.00012686676856426743
194	0.10086579	0.00012703683295414508
195	0.10174198	0.00020620765068653013
196	0.10293477	0.00039026377436274283
197	0.1037871	0.0006063553261295385
198	0.1017358	0.0002055139347498125
199	0.10055879	0.00010686752338586983
200	0.09914232	4.71202690615865e-05
201	0.10154410999999999	0.000185056028596559
202	0.09971616	6.593346129219266e-05
203	0.09679588	1.1243284256728076e-05
204	0.10059702	0.0001092029995163167
205	0.10263062	0.00033245730583381
206	0.10105067	0.0001408649172297404
207	0.10019859	8.706495642558442e-05
208	0.10177106	0.0002095016255592154
209	0.09987925	7.246339033773749e-05
210	0.10211125	0.00025189980052624575
211	0.1020456	0.0002431363010397522
212	0.10129887	0.00016167340044918315
213	0.10007953	8.13222541198188e-05
214	0.10124132	0.0001566051231157318
215	0.10420148	0.0007477821943456899
216	0.10050852	0.00010386835439353263
217	0.10127523	0.00015957304711877452
218	0.10265656	0.00033705525039819003
219	0.10083616	0.0001249435945797997
220	0.10059575	0.00010912464606118634
221	0.10160168	0.00019098920529417364
222	0.1013581	0.00016705090520680702
223	0.09962657	6.258800252231094e-05
224	0.10072626	0.00011746071048761257
225	0.10112103	0.00014649150184640645
226	0.0985527	3.31678156837607e-05
227	0.09986369	7.18148696432844e-05
228	0.09847296	3.1615021918842516e-05
229	0.10442346	0.0008356277884497898
230	0.10010653	8.259220666183826e-05
231	0.1057115	0.0015650651961395773
232	0.10041125	9.828975705939068e-05
233	0.10263482	0.0003331977558035637
234	0.10115359	0.00014916645680510657
235	0.09971935999999999	6.605603744424609e-05
236	0.10030439	9.248839118759315e-05
237	0.10346656	0.0005145225420822616
238	0.10148476	0.00017912147136079485
239	0.10044136	9.998557972232976e-05
240	0.09983522	7.064249619342083e-05
241	0.1013825	0.00016931486301443834
242	0.10232735	0.0002828896888698661
243	0.10325075	0.00046019935127163526
244	0.10041653	9.858515022249954e-05
245	0.1008806	0.00012809547412942834
246	0.10101629	0.00013819039062984355
247	0.10060139	0.000109473016083282
248	0.10176253	0.00020853031016023355
249	0.09956699	6.0453035519388136e-05
250	0.09780246	2.10334532650964e-05
251	0.10122166	0.00015490833548902574
252	0.09956592	6.041533280130089e-05
253	0.10297012999999999	0.00039756389422295087
254	0.10023923	8.911158847271471e-05
255	0.10070336	0.00011595576248119508
256	0.09940171	5.488635964506713e-05
257	0.10042685	9.916493661238178e-05
258	0.10077667	0.00012083886488680909
259	0.10173322	0.00020522497574880657
260	0.09891807	4.1259025279475994e-05
261	0.09779158	2.0893487234259467e-05
262	0.10058335	0.0001083624085120321
263	0.10200972	0.00023846870659395997
264	0.10257523	0.00032283545005713885
265	0.09948348	5.7576617443621634e-05
266	0.10124662	0.00015706553933384008
267	0.10023488	8.889036468575983e-05
268	0.10230646	0.0002797444734228112
269	0.10199981	0.00023719445230486506
270	0.10256916	0.0003217970547579931
271	0.09979105	6.885945781229549e-05
272	0.10128434	0.0001603793809824732
273	0.10310165	0.0004258538040921704
274	0.10401715	0.0006814513106826515
275	0.09994742	7.537063365965416e-05
276	0.09839261	3.012052270777172e-05
277	0.10168993	0.00020043320035132824
278	0.10059398	0.00010901553345709848
279	0.10073264999999999	0.00011788393301478511
280	0.10290303	0.0003838181109417552
281	0.09942249	5.555848616418264e-05
282	0.10047437	0.00010187652822237693
283	0.1002922	9.18475938046909e-05
284	0.10246826	0.0003049884785964584
285	0.09983758	7.073898524527595e-05
286	0.0997481	6.716665434107656e-05
287	0.10378156	0.0006046459095068996
288	0.09916554	4.777047315064794e-05
289	0.10106834	0.00014225845885114797
290	0.09775743	2.0459913363001522e-05
291	0.10379305	0.0006081962716596245
292	0.10181178	0.00021419740670322672
293	0.10068662	0.00011486718965779995
294	0.10111242	0.00014579175574791728
295	0.10100821	0.00013756881732663866
296	0.1012754	0.00015958805889190156
297	0.10090523	0.0001298745380753629
298	0.09992233	7.428799625854089e-05
299	0.10368185	0.0005746377267663251
300	0.10146784	0.00017746273581561257
301	0.1011356	0.00014768284988809848
302	0.1002803	9.122609657408025e-05
303	0.09896454	4.241354186605973e-05
304	0.10256014	0.00032025978859580144
305	0.09899391	4.3158992476383794e-05
306	0.09735368	1.5942972049684743e-05
307	0.09775421	2.0419477640251893e-05
308	0.10246145	0.00030388423545220096
309	0.10090566	0.00012990580394203944
310	0.10003557	7.929407906322788e-05
311	0.10189477	0.00022407604303263608
312	0.10189488	0.0002240894167304999
313	0.10347692	0.0005172753434049687
314	0.10181952	0.00021510110430527927
315	0.10125982	0.00015821779245304987
316	0.10035385	9.513205465168438e-05
317	0.10107399	0.00014270678384653337
318	0.10072249	0.00011721168979923714
319	0.10101249	0.0001378977370204377
320	0.09824151	2.7490458212738365e-05
321	0.09969201	6.501532797192856e-05
322	0.10083579	0.0001249176627660287
323	0.10579428	0.0016278566258093093
324	0.10046876	0.00010155279602687464
325	0.102028	0.00024083610320652885
326	0.0995278	5.90865952488284e-05
327	0.1004138	9.843231381225713e-05
328	0.10068137	0.00011452778602239604
329	0.09883464	3.9260867356418446e-05
330	0.09989303	7.304235478635612e-05
331	0.09903534	4.423174861198097e-05
332	0.1031702	0.00044133527923804583
333	0.09914113	4.708717438305363e-05
334	0.10402439	0.0006839496881626632
335	0.09832153	2.885475967892308e-05
336	0.10274282	0.00035277756360814434
337	0.10112417	0.00014674748159728944
338	0.10180633	0.00021356322724616565
339	0.10110195	0.00014494509505026782
340	0.1006862	0.0001148400024175178
341	0.09847846	3.1719862511219875e-05
342	0.10213848	0.0002556210840065993
343	0.10134013	0.00016540183944710964
344	0.10055126	0.00010641311781180515
345	0.0987571	3.7486589255869725e-05
346	0.10139968	0.00017092623160774043
347	0.10077772	0.00012091019568134657
348	0.09947889	5.742234701670635e-05
349	0.10121607	0.00015442905743254053
350	0.10190817	0.00022571074020132458
351	0.10109708	0.0001445528637355093
352	0.09878417	3.8097157853448e-05
353	0.09975186	6.731325750157654e-05
354	0.09996802	7.627068871407707e-05
355	0.10124637	0.00015704379292556776
356	0.10234735	0.00028593199547078253
357	0.09928274	5.118450171547787e-05
358	0.09967094	6.422420856530328e-05
359	0.10246663	0.0003047238314178757
360	0.10140705	0.00017162190969611298
361	0.10011818	8.314594924797955e-05
362	0.1004035	9.785769447957238e-05
363	0.10258396	0.00032433440404803186
364	0.10154065	0.0001847050302856915
365	0.10359344	0.0005491986133024289
366	0.10023763	8.90301582682277e-05
367	0.10230676	0.00027978940831269443
368	0.10086108	0.00012670189086209856
369	0.10026093	9.022297257665279e-05
370	0.10204349	0.00024285945296756184
371	0.09970871	6.564892397924139e-05
372	0.1020423	0.0002427034466463451
373	0.10224328	0.00027043073758281616
374	0.09871957	3.665547854496589e-05
375	0.0988104	3.869779693764056e-05
376	0.10008698	8.167080670725782e-05
377	0.10005009	7.995862531964141e-05
378	0.09940019	5.483749965918279e-05
379	0.10035283	9.507682011632814e-05
380	0.10003017	7.90482713789626e-05
381	0.10364171	0.0005629544987709402
382	0.10367337	0.0005721508287803124
383	0.10078096	0.00012113055302555006
384	0.1038564	0.000628122803718265
385	0.10119948	0.0001530148792587254
386	0.09919339	4.856157240791335e-05
387	0.10279205	0.0003620560345944277
388	0.09817877	2.6463995448669648e-05
389	0.10159057	0.000189830432272693
390	0.09857051	3.3524419588959924e-05
391	0.10000833	7.806146132831669e-05
392	0.10174372	0.00020640336610981051
393	0.10037837	9.646902524707334e-05
394	0.09974184	6.692324722199797e-05
395	0.10228183	0.00027607835225817225
396	0.09961077	6.201496440249916e-05
397	0.10254807	0.0003182134907662454
398	0.10207086	0.00024647372693697544
399	0.10121106	0.00015400069670232442
400	0.09995798	7.583075611344343e-05
401	0.10024572	8.944261342210088e-05
402	0.10201605	0.00023928600100089938
403	0.10264625	0.00033522067667114143
404	0.0988374	3.9325471290239325e-05
405	0.1003424	9.45137591479169e-05
406	0.09978444	6.859632736131787e-05
407	0.10210837	0.00025150920797328613
408	0.10056675	0.00010734987265047287
409	0.100349	9.486969067706937e-05
410	0.0996656	6.402516191230978e-05
411	0.1015912	0.00018989596375830085
412	0.10159417	0.0001902051850299487
413	0.10211127	0.00025190251496692634
414	0.10099765	0.0001367604426319235
415	0.09971404	6.585237343576552e-05
416	0.10203052	0.00024116418991860597
417	0.10280833	0.00036517434123350354
418	0.10024835	8.957708878634964e-05
419	0.10074928	0.00011899213740355877
420	0.09837111	2.9732184994750312e-05
421	0.1015452	0.00018516673331320693
422	0.10318554	0.0004448710512416312
423	0.1012458	0.00015699422173366044
424	0.10322194	0.0004533673384730633
425	0.10435328	0.0008068683943233333
426	0.10099938	0.00013689256732466918
427	0.10221084	0.0002657625209014814
428	0.10257561	0.00032290056111675564
429	0.100614	0.00011025571492499194
430	0.10025505	8.99205340952343e-05
431	0.10112206	0.00014657542324843632
432	0.1010829	0.00014341649916253747
433	0.10443152	0.0008389910571660733
434	0.1020302	0.00024112250483195093
435	0.10159848	0.00019065476394285094
436	0.10182767	0.00021605654971295471
437	0.1009958	0.00013661928644359715
438	0.10429833	0.0007849956634015893
439	0.09976872	6.797437162369534e-05
440	0.10382549	0.0006183253196771891
441	0.10530117	0.001285531644850487
442	0.10167432	0.0001987313195938201
443	0.10380547	0.0006120558626959311
444	0.10143798	0.0001745707019598591
445	0.0985013	3.2158789577873366e-05
446	0.1023927	0.00029294461188360407
447	0.10053611	0.00010550440636511025
448	0.09659669	9.912114857897772e-06
449	0.09941671	5.5370752382451446e-05
450	0.0984707	3.1572037692333604e-05
451	0.10064588	0.0001122581612249923
452	0.10020736	8.750281159070476e-05
453	0.10283587	0.0003705067777836158
454	0.09896312	4.2377812398849647e-05
455	0.10249894	0.00031001010861350236
456	0.10200598	0.00023798705299289167
457	0.10154967	0.0001856213771418834
458	0.10153515	0.00018414837569089
459	0.09827992	2.8137474463545985e-05
460	0.09897776	4.2747555627132576e-05
461	0.09989494	7.312294828862988e-05
462	0.10091194	0.00013036324186652834
463	0.10179623	0.00021239262817473737
464	0.10065908	0.00011309730357874141
465	0.10234183	0.0002850892634637466
466	0.1006621	0.00011329012096888467
467	0.10294034	0.00039140531692609404
468	0.10231647	0.0002812474666260135
469	0.10029787	9.21451267744157e-05
470	0.10145164	0.00017588815891795672
471	0.10186846	0.0002208987770271974
472	0.10390273	0.0006430793310358673
473	0.10032388	9.352173058072356e-05
474	0.09996099	7.596239520090529e-05
475	0.10263881	0.0003339026155495072
476	0.10192676	0.00022799716308409808
477	0.10195813	0.00023190489757019496
478	0.09929851	5.166119453500276e-05
479	0.10075502	0.0001193769247939534
480	0.10106294	0.00014183121401635193
481	0.09889284	4.0644784167871844e-05
482	0.10289624	0.00038245222841358614
483	0.10104791	0.00014064841733543964
484	0.10235486	0.00028708229507217283
485	0.10088647	0.00012851737209937508
486	0.10125839	0.0001580925810224301
487	0.10287125	0.00037746433389964447
488	0.09866932	3.5570103012514195e-05
489	0.10034218	9.450191655784016e-05
490	0.10099918	0.0001368772866350507
491	0.09737168	1.612222782696227e-05
492	0.10118273	0.00015159946327120973
493	0.10191836	0.0002269613445132468
494	0.10162213	0.00019313957911970157
495	0.1019361	0.00022915411520604495
496	0.10105853	0.00014148319616299698
497	0.10076028	0.00011973056707087511
498	0.10038978	9.709720789692887e-05
499	0.09893814	4.175393641211012e-05
500	0.10038152	9.664206451112463e-05
501	0.09822318	2.718671052597721e-05
502	0.0996563	6.367990402244605e-05
503	0.09876947	3.776443255042377e-05
504	0.09984945	7.12261901790256e-05
505	0.09862148	3.4565256366052754e-05
506	0.09760694	1.8649488568468784e-05
507	0.10260005	0.0003271141998814177
508	0.10238321	0.00029146391686065234
509	0.09946333	5.690228812283516e-05
510	0.10161424	0.0001923072360951545
511	0.09967673	6.444069208212685e-05
512	0.09930965	5.200047073812525e-05
513	0.10354418	0.0005354846161787506
514	0.10371724	0.0005851257145030145
515	0.1004797	0.00010218500685330587
516	0.10032703	9.368976262756482e-05
517	0.10179635	0.000212406500764686
518	0.10144212	0.00017496900425302905
519	0.10202317	0.00024020844308066163
520	0.10212934	0.0002543662781575367
521	0.10289178	0.00038155752977688835
522	0.10364176	0.0005629689129524708
523	0.10072595	0.00011744021513298083
524	0.10342993	0.0005048987766638296
525	0.10032525	9.359477610389632e-05
526	0.10137145	0.0001682860266985372
527	0.101864	0.0002203643954634504
528	0.10191836	0.0002269613445132468
529	0.09734695	1.5876440631234843e-05
530	0.09935916	5.353409865370391e-05
531	0.10111965	0.00014637913453597763
532	0.10003364	7.920614253022979e-05
533	0.09906924	4.512833641022568e-05
534	0.09915756	4.754606242268758e-05
535	0.10001266	7.825617388543153e-05
536	0.10131249	0.0001628953118864181
537	0.10106507	0.00014199959351442337
538	0.10047296	0.00010179507065008624
539	0.09831652	2.8767482273084123e-05
540	0.10076415	0.00011999138825137807
541	0.10035436	9.515968330619341e-05
542	0.09957617	6.077742249837554e-05
543	0.0986416	3.498452620801295e-05
544	0.10537268	0.001330657858819699
545	0.10043897	9.984996776664038e-05
546	0.09914113	4.708717438305363e-05
547	0.09920566	4.8914046659285315e-05
548	0.09963434	6.287164607385166e-05
549	0.0994247	5.563042630731173e-05
550	0.09734696	1.5876539292152227e-05
551	0.10359459	0.0005495226563395755
552	0.10198518	0.00023532498671919748
553	0.09948083	5.748750270502084e-05
554	0.09973837	6.678868410226961e-05
555	0.10184833	0.00021849649969093887
556	0.10041506	9.850282581447689e-05
557	0.09966911	6.41559299241428e-05
558	0.09693303	1.2257515798090569e-05
559	0.09958062	6.093526267810932e-05
560	0.09956525	6.039173591928699e-05
561	0.10241033	0.0002957141293336837
562	0.09962629	6.25778038320096e-05
563	0.10062497	0.00011094092028350704
564	0.10183154	0.0002165116369075818
565	0.10163683	0.00019469938969012137
566	0.10167331	0.00019862167433524035
567	0.10252206	0.00031384548806926007
568	0.099524	5.8955670791895466e-05
569	0.10368394	0.0005752522008647818
570	0.10004154	7.956667596474195e-05
571	0.09824314	2.751762507374892e-05
572	0.10058692	0.00010858134149633865
573	0.10546728	0.001392606747120302
574	0.10193235	0.00022868893823344908
575	0.10227271	0.00027473234563249623
576	0.10128513	0.00016044948532244877
577	0.10361935	0.0005565428873426052
578	0.10034832	9.483296040900282e-05
579	0.10244053	0.0003005154749809834
580	0.10278855	0.0003613889042022318
581	0.09962759	6.262516823203799e-05
582	0.10147076	0.00017774795772576037
583	0.09812578	2.5625604614269708e-05
584	0.10049945	0.00010333577665671187
585	0.101709	0.00020253093163065302
586	0.10071738	0.00011687495420529225
587	0.1004068	9.804144935684174e-05
588	0.09822047	2.714207523335716e-05
589	0.10059068	0.0001088123785905033
590	0.10130284	0.00016202867149868084
591	0.10070505	0.00011606620047395827
592	0.09729374	1.535967730050717e-05
593	0.10103557	0.00013968427912739305
594	0.10219174	0.0002630494943701493
595	0.10166246	0.00019744738939480826
596	0.10006490999999999	8.064234097413188e-05
597	0.10142115	0.00017296029842332747
598	0.101152	0.00014903476758796374
599	0.10097423	0.0001349836013680344
600	0.09960132	6.16746124355806e-05
601	0.10372817	0.000588400796012347
602	0.1020666	0.00024590788044140225
603	0.09820474	2.6884368889997767e-05
604	0.10354285	0.000535118816219713
605	0.09777423	2.0672124709714053e-05
606	0.09770797	1.98471555760633e-05
607	0.09897788	4.275059894502932e-05
608	0.10115522	0.00014930157293034156
609	0.0990434	4.44433723017359e-05
610	0.10243218	0.00029918068261964654
611	0.0973062	1.5479224908486392e-05
612	0.10048328	0.00010239269846158935
613	0.09947029	5.713435574483384e-05
614	0.10369146	0.0005774682076108202
615	0.10283759	0.00037084222191884986
616	0.09978606	6.866072786749074e-05
617	0.10244233	0.00030080394605988336
618	0.10264936	0.00033577308512762493
619	0.10046061	0.00010108422331612245
620	0.10166977	0.00019823782268943449
621	0.10187218	0.00022134542675740027
622	0.1007089	0.0001163181613184749
623	0.1002885	9.165392709416439e-05
624	0.10201552	0.0002392174694426695
625	0.09912075	4.6523810276030505e-05
626	0.09986005	7.16639552915776e-05
627	0.10072241	0.00011720641095094027
628	0.09942476	5.5632380665976055e-05
629	0.10011358	8.29268852869378e-05
630	0.10157739	0.00018846434676882617
631	0.10395981	0.000661962684646635
632	0.10026352	9.035649481783673e-05
633	0.10178633	0.0002112510721452189
634	0.09910897	4.620110341589848e-05
635	0.09883822	3.9344684688639574e-05
636	0.0983035	2.8541840136019215e-05
637	0.09931464	5.215312986410724e-05
638	0.10303078	0.0004103837072616921
639	0.10128907	0.00016079955133135532
640	0.09839638	3.018911322256558e-05
641	0.10230336	0.00027928054292629184
642	0.1000736	8.104582334887964e-05
643	0.10160039	0.00019085431719720656
644	0.1029567	0.00039477632117212666
645	0.09959044	6.128495257041776e-05
646	0.10418404	0.0007412580942334911
647	0.10094488	0.00013278762798154495
648	0.10009262	8.193561810418777e-05
649	0.09879016	3.8233535934306595e-05
650	0.10244387	0.00030105095538122983
651	0.09779392	2.092351500004203e-05
652	0.1021667	0.0002595321407127268
653	0.10203937	0.0002423197317535571
654	0.10141768	0.00017263001222238717
655	0.10107228	0.00014257095556755302
656	0.10040222	9.778650761611263e-05
657	0.1029892	0.0004015538034768474
658	0.09885705	3.9788354550102553e-05
659	0.10178702	0.00021133044754611602
660	0.10351661	0.0005279493769206951
661	0.10201084	0.0002386131233659776
662	0.09639248	8.70467878712108e-06
663	0.10121993	0.0001547598582053104
664	0.10150455	0.0001810801012993438
665	0.10195628	0.0002316727075831157
666	0.10078776	0.00012159426599867547
667	0.10567165	0.0015356415281315011
668	0.09583006	6.064223095645475e-06
669	0.10088852	0.00012866502193566723
670	0.10119293	0.00015245991020410184
671	0.10045668	0.0001008590051749589
672	0.10088202	0.00012819741450190278
673	0.10202073	0.00023989194934946777
674	0.10270484	0.00034577221268029123
675	0.10059719	0.00010921349181020905
676	0.10302075	0.00040823726029665976
677	0.10400974	0.0006789030758418838
678	0.10076128	0.00011979791134417073
679	0.09898667	4.297408304253396e-05
680	0.09960712	6.188329500744233e-05
681	0.09907902	4.5390191865858275e-05
682	0.10229785	0.0002784577269765426
683	0.10522028	0.0012361949019160275
684	0.10345749	0.0005121237540827916
685	0.10000683	7.79941160671335e-05
686	0.09882856	3.911890741324895e-05
687	0.10280174	0.0003639090585824501
688	0.10030044	9.228028767767556e-05
689	0.099883	7.262051364716894e-05
690	0.1013161	0.00016322063826354634
691	0.09910133	4.599294816892696e-05
692	0.09950596	5.83378716366316e-05
693	0.10257089	0.00032209268628670775
694	0.09872787	3.6837759892486486e-05
695	0.09940748	5.5072211263595726e-05
696	0.10279064	0.000361787137649108
697	0.09590386	6.36074354944256e-06
698	0.10213376	0.00025497236335571803
699	0.10118073	0.00015143128633852558
700	0.10311774	0.0004294412738885378
701	0.10193739	0.0002293143417307173
702	0.10255582	0.00031952597934171637
703	0.09717021	1.4221231564303013e-05
704	0.10100207	0.00013709824917781
705	0.10131949	0.00016352669639174106
706	0.0996657	6.402888399477707e-05
707	0.09894649	4.196149959247253e-05
708	0.10067654	0.00011421637212020106
709	0.10022561	8.842066270738225e-05
710	0.10334482	0.00048318348802410896
711	0.10075326	0.00011925881638266425
712	0.10426899	0.0007735440735426137
713	0.09954752	5.977046781059734e-05
714	0.09944779	5.638736239500177e-05
715	0.10315406	0.0004376435056666264
716	0.10281418	0.00036630099655093966
717	0.10144701	0.00017544056609949696
718	0.10438642	0.0008203323174087717
719	0.1004508	0.00010052292387264386
720	0.10027211	9.08006753385723e-05
721	0.09882023	3.892520552031875e-05
722	0.09931926	5.2294848976516486e-05
723	0.09984915	7.121383756908682e-05
724	0.09887409	4.019394674114226e-05
725	0.10273029	0.00035045185107964295
726	0.10176616	0.00020894314081354592
727	0.0994539	5.658929036224065e-05
728	0.10012266	8.335982528216123e-05
729	0.09761656	1.87604877243152e-05
730	0.1018251	0.0002157548317346028
731	0.10219992	0.00026420820677746726
732	0.10110562	0.00014524134144910242
733	0.10253332	0.0003157294908201772
734	0.10061486	0.00011030928714197718
735	0.09956669	6.044246241193473e-05
736	0.10005238	8.006391373601636e-05
737	0.10103958	0.0001399968985714985
738	0.10124723	0.00015711861249128283
739	0.10251757	0.0003130971752930781
740	0.10233893	0.000284647458900104
741	0.10258378	0.00032430343197331575
742	0.1014007	0.0001710223539520232
743	0.10230719	0.00027985382680962895
744	0.10319833	0.00044783930364639406
745	0.10226095	0.0002730058032846885
746	0.10113686	0.000147786304944186
747	0.09911969	4.649468465945427e-05
748	0.10298748	0.0004011924050338736
749	0.10266738	0.000338990696442421
750	0.10073692	0.00011816754653857565
751	0.0958182	6.017824877658244e-06
752	0.103089	0.00042305303918734836
753	0.10189471	0.00022406874860484322
754	0.10002287	7.87171233280233e-05
755	0.10130288	0.00016203225479933609
756	0.10269316	0.0003436442140492687
757	0.10161098	0.00019196431491112773
758	0.10056915	0.000107495708071302
759	0.0979886	2.3571196803247796e-05
760	0.10116231	0.00014989063139395336
761	0.09965188999999999	6.351680301794525e-05
762	0.1000908	8.185007602357231e-05
763	0.1025498	0.0003185060328281065
764	0.09975171	6.730740316398233e-05
765	0.10251477	0.0003126313693217187
766	0.09977114	6.806976847254303e-05
767	0.10052816	0.00010503049877215254
768	0.10051059	0.00010399026525724309
769	0.10178015	0.00021054139475389663
770	0.10223462999999999	0.0002691785002424918
771	0.10199209	0.0002362062339184626
772	0.10246588	0.0003046021336548277
773	0.10155413	0.0001860760518821886
774	0.10227869	0.00027561422690735503
775	0.10241132	0.00029587037617109205
776	0.10204015	0.00024242182536151203
777	0.10301865	0.0004077891873048797
778	0.10116298	0.00014994641026551267
779	0.101184	0.00015170634708429418
780	0.10113566	0.0001476877747692555
781	0.10264706999999999	0.0003353662449862677
782	0.10238802	0.0002922135257462436
783	0.10233242	0.000283658024295871
784	0.10086747	0.00012715650498824842
785	0.10089025	0.0001287897486381638
786	0.09911209	4.628636643818364e-05
787	0.10000823	7.805696993053979e-05
788	0.10295408	0.000394234643817954
789	0.10121853	0.00015463980146929567
790	0.09800175	2.376111020764961e-05
791	0.10018473	8.637720331635266e-05
792	0.10050775	0.000103823040413295
793	0.10269894	0.0003446957424899244
794	0.10347457	0.0005166497107538215
795	0.09948703	5.769620307594391e-05
796	0.10250481	0.0003109796960037796
797	0.1000364	7.933192476541133e-05
798	0.10208524	0.00024839284383849843
799	0.10087761	0.00012788107533420084
800	0.10262301	0.0003311196106538862
801	0.09907105	4.5176689878186745e-05
802	0.10099264	0.00013637849451782
803	0.09916129	4.765083118356218e-05
804	0.10063416	0.00011151804098024685
805	0.09999803	7.760013143742159e-05
806	0.10186498	0.000220481711251011
807	0.10062503	0.00011094467903507929
808	0.10199409	0.00023646187677631083
809	0.10406257	0.0006972665812229083
810	0.10270246	0.00034533759684798074
811	0.10134227	0.00016559741414539926
812	0.10008516	8.158552655075082e-05
813	0.10020498	8.738378088676272e-05
814	0.0984574	3.1320202726751596e-05
815	0.10297609	0.00039880686600949174
816	0.1034412	0.0005078416708878081
817	0.10158537	0.0001892903504371095
818	0.10067375	0.00011403685197448993
819	0.10434153	0.0008021442310007852
820	0.09939549	5.468668058846234e-05
821	0.10268102	0.00034144542504643913
822	0.1025783	0.00032336183125271297
823	0.10075101	0.00011910798633739
824	0.10182723	0.0002160048655618758
825	0.10038438	9.679942754302017e-05
826	0.10060973	0.00010999008673478846
827	0.10362009	0.0005567539832331427
828	0.09768685	1.9590872531439407e-05
829	0.10124687	0.0001570872885825053
830	0.09988521	7.271326284582678e-05
831	0.1022011	0.0002643757512618527
832	0.10015384	8.486286196333833e-05
833	0.09851548	3.2434196721914754e-05
834	0.10095471	0.00013351932563544877
835	0.10183926	0.00021742215525364535
836	0.10020155	8.721250631287579e-05
837	0.10275764	0.00035554700045608087
838	0.10027205	9.079756564065201e-05
839	0.10042062	9.881454516901144e-05
840	0.10252605	0.00031451187769302184
841	0.1014004	0.00017099407738592083
842	0.10086318	0.0001268511249155924
843	0.10218248	0.00026174356058652874
844	0.09799904	2.3721853183474962e-05
845	0.10153453	0.00018408572476341046
846	0.10104522	0.00014043771066505465
847	0.10030155	9.233872257839405e-05
848	0.09828796	2.827473254133837e-05
849	0.10149362	0.0001799958705015349
850	0.10190589	0.00022543180795134618
851	0.1023739	0.0002900181368907478
852	0.09916403	4.772793240858987e-05
853	0.09925464	5.034543742629137e-05
854	0.10208808	0.0002487735200413355
855	0.10122611	0.00015529087445259956
856	0.10070283	0.00011592114854488285
857	0.102053	0.00024410958433815876
858	0.10069932	0.00011569215924890088
859	0.10207225	0.00024665862230530936
860	0.1005478	0.0001062049338390858
861	0.09944692	5.635866566354899e-05
862	0.09939597	5.4702065310504596e-05
863	0.10325754	0.0004618234941504912
864	0.10196114	0.00023228314477340966
865	0.09906982	4.514382553303627e-05
866	0.09898067	4.282141418652358e-05
867	0.09977953	6.840148789147459e-05
868	0.10139443	0.00017043228939757615
869	0.10386464	0.0006307589515148586
870	0.10154405	0.00018504993657003356
871	0.10091964	0.00013092618948607043
872	0.09926583	5.067799242600604e-05
873	0.09993585	7.486954148925611e-05
874	0.10127381	0.00015944770667422308
875	0.10129885	0.00016167161253178634
876	0.10178685	0.00021131088868226196
877	0.10112625	0.00014691728016038403
878	0.10212592	0.0002538982457918419
879	0.10167735	0.00019906059744333532
880	0.09916368	4.771807711194677e-05
881	0.10155457	0.00018612096450352648
882	0.09998973	7.723026110992981e-05
883	0.09738181	1.6223954011334327e-05
884	0.09601827	6.848083363156484e-06
885	0.10204623	0.00024321901934511514
886	0.10174446	0.00020648665439231575
887	0.10203942	0.000242326275002771
888	0.10374738	0.0005941983892067484
889	0.10212127	0.00025326318430374717
890	0.10115816	0.00014954557136325795
891	0.10296556	0.00039661326834759114
892	0.09857371	3.358887776551112e-05
893	0.1025087	0.00031162380037456835
894	0.10138211	0.00016927845041575163
895	0.10164363	0.00019542494114648622
896	0.10156317	0.0001870008553404015
897	0.1033569	0.00048621154388887703
898	0.10050599	0.00010371953580757455
899	0.10121553	0.00015438283282517373
900	0.09813978	2.5844613231707566e-05
901	0.0990006	4.3330527144201825e-05
902	0.10060848	0.0001099124412927547
903	0.09956526	6.03920880472509e-05
904	0.10385597	0.0006279855201743665
905	0.09980836	6.955307581832342e-05
906	0.09995069	7.551283117845002e-05
907	0.1028424	0.0003717818065197587
908	0.10142316	0.00017315188929626968
909	0.09968506	6.475335885119635e-05
910	0.10068763	0.00011493259340632251
911	0.09883632	3.9300179456612805e-05
912	0.10109141	0.0001440974623038756
913	0.09969297	6.505159256079284e-05
914	0.10227252	0.0002747043694848768
915	0.10051985	0.00010453728377636956
916	0.10284092	0.0003714924662668279
917	0.10113265	0.000147440900933093
918	0.10077209	0.00012052819150705604
919	0.09890631	4.0971629900363665e-05
920	0.10025162	8.974455515618399e-05
921	0.09918403	4.829431634955785e-05
922	0.10152409	0.00018303377551930725
923	0.10211288	0.0002521211176543443
924	0.10091187	0.0001303581346623752
925	0.10032689	9.368228847272341e-05
926	0.09760016	1.8571635353934265e-05
927	0.10163885	0.00019491465584504673
928	0.10127632	0.00015966932218696328
929	0.09934905	5.3217481516571626e-05
930	0.1011886	0.00015209408074220467
931	0.09928551	5.1267929184426e-05
932	0.09589159	6.310498561135623e-06
933	0.10008503	8.157943834002536e-05
934	0.10173225	0.00020511643509228819
935	0.1006021	0.00010951694562327684
936	0.10032624	9.364759443164089e-05
937	0.10131322	0.00016296104874335748
938	0.09696918	1.2539082151741445e-05
939	0.10175226	0.00020736648434030845
940	0.10093046	0.00013172112142258998
941	0.10029442	9.196397970298236e-05
942	0.09896689	4.247273455078794e-05
943	0.10051068	0.0001039955687985003
944	0.10056781	0.00010741426021035835
945	0.09904515	4.448944737538593e-05
946	0.10267757	0.0003408229744585901
947	0.10213334	0.0002549147132435289
948	0.09910137	4.599403566219863e-05
949	0.10160785	0.00019163561053374076
950	0.10147937	0.0001785914887282292
951	0.1008642	0.00012692366992326392
952	0.10053353	0.00010535038872057103
953	0.09924417	5.0036158182953274e-05
954	0.09876742	3.7718252333998654e-05
955	0.09904925	4.459757256433432e-05
956	0.09931422	5.214026441181635e-05
957	0.10304128	0.00041264205153906665
958	0.10100827	0.00013757342322694166
959	0.10050073	0.00010341077961215356
960	0.10097622	0.00013513372821009987
961	0.10045169	0.00010057372518576216
962	0.10153613	0.00018424744555108462
963	0.10107147	0.00014250665845612053
964	0.10342416	0.0005033982522947778
965	0.1003782	9.645969496376716e-05
966	0.10243835	0.0003001664521278815
967	0.10260126	0.00032732414696992835
968	0.10283675	0.00037067836483024576
969	0.10101603	0.0001381703482893394
970	0.09720492	1.453269736579542e-05
971	0.10018699	8.648899560695944e-05
972	0.10242422	0.00029791341676538004
973	0.10268099	0.00034144000784163835
974	0.10049895	0.00010330649260547742
975	0.10175117	0.00020724332197510884
976	0.10160631	0.0001914740784360073
977	0.1013469	0.00016602129652032774
978	0.104037	0.0006883215289426393
979	0.10008213	8.144373624300085e-05
980	0.10081561	0.00012351100382006425
981	0.10389303	0.0006399207079843696
982	0.09975617	6.748167857236551e-05
983	0.10332871	0.00047917266927515975
984	0.10174225	0.0002062380088655522
985	0.10172939	0.0002047967224985849
986	0.10319112	0.0004461637652143325
987	0.09992229	7.42862820800645e-05
988	0.10269474	0.0003439313569903516
989	0.10063446	0.00011153692836811347
990	0.10160976	0.0001918361306110069
991	0.10029695	9.209678789114838e-05
992	0.10219666	0.0002637458480376671
993	0.10299838	0.00040348782302733493
994	0.10029425	9.195506233573882e-05
995	0.10276222	0.00035640698577698275
996	0.10117713	0.00015112901135447434
997	0.10219878	0.00026404643652094795
998	0.10285708	0.0003746632052561206
999	0.09714722	1.401845742998073e-05
