Dataset	Random-mean	P-value
0	0.5170948	1.1164512639328806e-19
1	0.5147955	3.1520149131391954e-20
2	0.5121231	7.113773014142571e-21
3	0.5159734	6.036347130086492e-20
4	0.5117985	5.9290714330514945e-21
5	0.5122326	7.564136143891358e-21
6	0.5210065	9.272426559790561e-19
7	0.5168958	1.0012912497290582e-19
8	0.5212791	1.0728685679037994e-18
9	0.5164499	7.842307589430867e-20
10	0.5116699	5.515800149930317e-21
11	0.519065	3.260456581387662e-19
12	0.5192657	3.634296159038766e-19
13	0.5093804	1.5123824497727988e-21
14	0.5200594	5.576432018485426e-19
15	0.5175732	1.4497723039730304e-19
16	0.5179741	1.8036863343381076e-19
17	0.5110886	3.97671696434899e-21
18	0.5145471	2.74702763643017e-20
19	0.5157261	5.2682989333995504e-20
20	0.52222	1.7721180516141957e-18
21	0.5208182	8.382568649822649e-19
22	0.5188697	2.9333008620021957e-19
23	0.5208836	8.681612058254623e-19
24	0.5172133	1.1911605248103133e-19
25	0.5185078	2.410657752599516e-19
26	0.508326	8.294064982833743e-22
27	0.5124903	8.738623529944617e-21
28	0.5111063	4.016585100067177e-21
29	0.5160393	6.259092680745274e-20
30	0.5159732	6.035683216915903e-20
31	0.5164595	7.883718170161611e-20
32	0.5145762	2.791667694797918e-20
33	0.5183779	2.246500895980593e-19
34	0.5169542	1.0338093115608184e-19
35	0.5137455	1.760408684576898e-20
36	0.5134811	1.5194997161495433e-20
37	0.5165629	8.343708780883742e-20
38	0.5145377	2.7327595195568057e-20
39	0.514118	2.165274778561887e-20
40	0.5159491	5.95620895039604e-20
41	0.5133856	1.440770285860534e-20
42	0.5227268	2.3196387113681433e-18
43	0.5140043	2.0327803061633706e-20
44	0.5119307	6.38590580116414e-21
45	0.5141355	2.1864136618203155e-20
46	0.5187438	2.739857089974533e-19
47	0.5195824	4.3122771410010385e-19
48	0.5155059	4.666381179669274e-20
49	0.5208666	8.602878282518788e-19
50	0.5247523	6.752538640035381e-18
51	0.510353	2.6251019356992153e-21
52	0.5202036	6.026325752835864e-19
53	0.5116838	5.5590560707080155e-21
54	0.5157177	5.2439859712356956e-20
55	0.517893	1.7257869363004483e-19
56	0.5083086	8.212040137584831e-22
57	0.5103881	2.677736432430167e-21
58	0.518659	2.6167386220594094e-19
59	0.5190038	3.1542295807218056e-19
60	0.5213383	1.107369070299302e-18
61	0.518953	3.0686627167822806e-19
62	0.5085312	9.324893506150683e-22
63	0.5205905	7.418788626973171e-19
64	0.5191918	3.491949829592975e-19
65	0.5193965	3.900465790799767e-19
66	0.5150086	3.546221822183765e-20
67	0.5207839	8.229830692930325e-19
68	0.5192374	3.5791182910650794e-19
69	0.5154767	4.591860336077701e-20
70	0.5151121	3.754933037147617e-20
71	0.5153075	4.1826879225150134e-20
72	0.5192458	3.595409034868415e-19
73	0.5082083	7.75466346579455e-22
74	0.5176617	1.521450676969402e-19
75	0.5117029	5.619043015395574e-21
76	0.5148264	3.206362212060955e-20
77	0.5228553	2.4832226030283382e-18
78	0.5044867	9.073371764007633e-23
79	0.5113259	4.5454357957393256e-21
80	0.5173053	1.2525585674221089e-19
81	0.5241448	4.907255493302625e-18
82	0.5164859	7.99871744581911e-20
83	0.5138265	1.8415201605561306e-20
84	0.5122277	7.543391898448451e-21
85	0.5222216	1.7736270807177846e-18
86	0.5234265	3.359821145791287e-18
87	0.5062567	2.5289882405315e-22
88	0.515937	5.916698730983008e-20
89	0.5156136	4.951747200742576e-20
90	0.5173263	1.267006941431995e-19
91	0.5109069	3.589464794976711e-21
92	0.5110079	3.799860186381864e-21
93	0.5160661	6.351989898433874e-20
94	0.5181263	1.9593968703875007e-19
95	0.5121138	7.076770648448719e-21
96	0.5178078	1.6475371322636936e-19
97	0.5175867	1.4604860787597006e-19
98	0.5221731	1.7284447345839449e-18
99	0.5162007	6.839616723473194e-20
100	0.5167194	9.090956519084223e-20
101	0.5180977	1.9291548000557095e-19
102	0.5119311	6.387339679163713e-21
103	0.515988	6.085008703842149e-20
104	0.5152844	4.129704258151268e-20
105	0.5126629	9.624583421044323e-21
106	0.509376	1.5086053940449845e-21
107	0.5095151	1.6326612511970507e-21
108	0.5228244	2.4428729487828556e-18
109	0.509665	1.777687822651462e-21
110	0.5100612	2.2254308937629808e-21
111	0.516161	6.69205919490443e-20
112	0.5235799	3.643400905026588e-18
113	0.5172864	1.2396946241880056e-19
114	0.5120574	6.856420909128338e-21
115	0.513288	1.3644868286846524e-20
116	0.5144744	2.6385711624179107e-20
117	0.5184989	2.3990412055497635e-19
118	0.5162523	7.036230681811724e-20
119	0.5189134	3.003558762089708e-19
120	0.5162668	7.092481441533031e-20
121	0.5231505	2.903518425810812e-18
122	0.5107878	3.3561616031734165e-21
123	0.5170965	1.1174895040850705e-19
124	0.5113591	4.6311823437591114e-21
125	0.5182956	2.1482771518697898e-19
126	0.5141696	2.2281934753468092e-20
127	0.5126879	9.760083645208002e-21
128	0.5188402	2.886795343964499e-19
129	0.5173978	1.317449134092435e-19
130	0.5182149	2.0560956395779636e-19
131	0.5155969	4.9063916432173014e-20
132	0.5216023	1.275080468032028e-18
133	0.51918	3.469737560770459e-19
134	0.5226457	2.2219336876291645e-18
135	0.5138829	1.9001741049485973e-20
136	0.510112	2.2903896634496773e-21
137	0.5157447	5.322532898496601e-20
138	0.5131928	1.2939389352216048e-20
139	0.5098297	1.9517905527845113e-21
140	0.5113626	4.6403147918056325e-21
141	0.5104894	2.835580778957082e-21
142	0.5104517	2.7757875704835797e-21
143	0.5195707	4.285134932071718e-19
144	0.5212557	1.05952685306272e-18
145	0.5110068	3.797504176667901e-21
146	0.5126988	9.819752011338025e-21
147	0.5075445	5.303360350090866e-22
148	0.5183377	2.1979794660620847e-19
149	0.5170657	1.0988264674343466e-19
150	0.5148057	3.1698531153276343e-20
151	0.5184126	2.28923576902832e-19
152	0.5117042	5.623149139887485e-21
153	0.5124071	8.340920411283573e-21
154	0.5185886	2.518701415072088e-19
155	0.5229649	2.6317305069648354e-18
156	0.5230175	2.706091672460733e-18
157	0.5127228	9.952409298305319e-21
158	0.5153725	4.3354170456785614e-20
159	0.5163569	7.45213242816437e-20
160	0.5241002	4.793387331748518e-18
161	0.5127423	1.0061499932546488e-20
162	0.5125378	8.974046636385806e-21
163	0.5204428	6.853153534713713e-19
164	0.5190397	3.2161196555158524e-19
165	0.5208648	8.594583261022011e-19
166	0.5124348	8.471295233967572e-21
167	0.5152553	4.063904143033381e-20
168	0.5096824	1.795328478026991e-21
169	0.5183199	2.1768277412934414e-19
170	0.5241478	4.915010135807662e-18
171	0.527462	2.7670069274321336e-17
172	0.5176543	1.5153251208090688e-19
173	0.5168314	9.666060033710304e-20
174	0.5202335	6.124015335239528e-19
175	0.5136711	1.6890306209923635e-20
176	0.5144652	2.6251522940969304e-20
177	0.5123386	8.026991071358788e-21
178	0.5211235	9.871793717437377e-19
179	0.5117715	5.839832380183284e-21
180	0.5056293	1.7602066903949124e-22
181	0.5121692	7.300043792532314e-21
182	0.5134382	1.4836193597935852e-20
183	0.5138113	1.826022012872878e-20
184	0.513852	1.867813636741317e-20
185	0.5129681	1.1414380138663276e-20
186	0.5196224	4.406363120842867e-19
187	0.5164977	8.050654495241336e-20
188	0.5161002	6.472168123919415e-20
189	0.5106775	3.1535334588743017e-21
190	0.5242293	5.130379478013171e-18
191	0.5115582	5.180095944874943e-21
192	0.5120801	6.944277892282854e-21
193	0.511545	5.141787599057045e-21
194	0.5167018	9.003718358565256e-20
195	0.5136091	1.6317454283364975e-20
196	0.5206722	7.751272944264927e-19
197	0.5137471	1.761976081805453e-20
198	0.5143246	2.4282939372453924e-20
199	0.5093805	1.5124684008318013e-21
200	0.5139534	1.9761008412009636e-20
201	0.5105311	2.9032062612482754e-21
202	0.5169444	1.0282803876124566e-19
203	0.5156037	4.924809886244008e-20
204	0.5173374	1.2747104987367234e-19
205	0.5201337	5.803925894544108e-19
206	0.5197741	4.782021400815264e-19
207	0.5178531	1.6886939014595978e-19
208	0.5166265	8.639746130494093e-20
209	0.5161076	6.498543809218164e-20
210	0.5169443	1.0282241212457489e-19
211	0.5230651	2.7751742803660892e-18
212	0.524057	4.685587001173778e-18
213	0.5164377	7.789992413867316e-20
214	0.5188014	2.8267387420991867e-19
215	0.51309	1.2218146128244504e-20
216	0.5133735	1.4310882047955788e-20
217	0.5167152	9.070062565156104e-20
218	0.5126853	9.745903987380602e-21
219	0.5129973	1.1602006636443612e-20
220	0.5125073	8.822168372866419e-21
221	0.5084072	8.687719123192537e-22
222	0.5224269	1.978187972739026e-18
223	0.5204872	7.018545112872474e-19
224	0.5237593	4.005199521631277e-18
225	0.5156213	4.972799316400694e-20
226	0.5149562	3.444980557411815e-20
227	0.5112246	4.293413352491223e-21
228	0.5099339	2.0705640303759397e-21
229	0.5120296	6.750324745412869e-21
230	0.5174128	1.3282811729186452e-19
231	0.5182059	2.0460611512839045e-19
232	0.5195122	4.1519404631608816e-19
233	0.5178225	1.6607825708021096e-19
234	0.523853	4.20807198394961e-18
235	0.5078806	6.429332999963145e-22
236	0.5237606	4.007946872677034e-18
237	0.51583	5.578420945261712e-20
238	0.5196992	4.5927416227786075e-19
239	0.5188231	2.860172955134715e-19
240	0.522208	1.7608407625006123e-18
241	0.5125217	8.893554705516535e-21
242	0.5138485	1.8641828205726562e-20
243	0.523413	3.3359362754475937e-18
244	0.5205033	7.079489290089719e-19
245	0.5150446	3.61747965314725e-20
246	0.5195236	4.177570669616742e-19
247	0.5130573	1.199718660224279e-20
248	0.5110561	3.904531523072244e-21
249	0.5151325	3.7974837178838434e-20
250	0.5171052	1.1228178394493035e-19
251	0.5168526	9.778906611973766e-20
252	0.5169473	1.029913439550864e-19
253	0.5152018	3.945630244240294e-20
254	0.5186875	2.657493081000396e-19
255	0.5145256	2.7145011633746376e-20
256	0.5149928	3.5153883570240345e-20
257	0.5162013	6.841871356837154e-20
258	0.5144193	2.559207433478517e-20
259	0.5229249	2.576538909808153e-18
260	0.5195795	4.3055337602113276e-19
261	0.5159724	6.033028287532708e-20
262	0.5149053	3.349380803634254e-20
263	0.5116316	5.398331530746346e-21
264	0.5159007	5.799719245217916e-20
265	0.5080779	7.197608157784089e-22
266	0.5237056	3.893326412216522e-18
267	0.5087279	1.043196657192199e-21
268	0.5179975	1.8268032467576144e-19
269	0.5238741	4.255140401154477e-18
270	0.5265111	1.6909724418807662e-17
271	0.5176858	1.5415706152037076e-19
272	0.5229285	2.581458886694462e-18
273	0.5144452	2.596213678300547e-20
274	0.5163718	7.513325019907668e-20
275	0.5247253	6.657572094231493e-18
276	0.5162273	6.940282574308312e-20
277	0.5119745	6.544826249464835e-21
278	0.5178895	1.722501130981048e-19
279	0.518702	2.6784684072412065e-19
280	0.5249811	7.612988530775733e-18
281	0.5157111	5.224960938331517e-20
282	0.5254756	9.860563095289754e-18
283	0.5088648	1.1278442289108342e-21
284	0.5188066	2.83471519711604e-19
285	0.5199325	5.208122968715752e-19
286	0.5117852	5.884945282993351e-21
287	0.5219757	1.5560079783663773e-18
288	0.5199174	5.165933303514912e-19
289	0.5118882	6.235360161068428e-21
290	0.5143601	2.4765728858883176e-20
291	0.5148829	3.308146801583701e-20
292	0.5197261	4.659851282468566e-19
293	0.5189923	3.134654583992152e-19
294	0.5143528	2.4665680372402482e-20
295	0.5246718	6.4732834158271005e-18
296	0.5112319	4.311102239924509e-21
297	0.5108523	3.480578575070675e-21
298	0.507613	5.51573390094811e-22
299	0.517222	1.196836668977755e-19
300	0.5142145	2.2844143788328443e-20
301	0.5177678	1.6120224528105033e-19
302	0.5211667	1.0102660679242442e-18
303	0.5154612	4.55278332529944e-20
304	0.517307	1.253722101897688e-19
305	0.5209757	9.120727606525442e-19
306	0.523492	3.478130689412035e-18
307	0.5173431	1.2786843887529999e-19
308	0.5210412	9.446327635235983e-19
309	0.523895	4.3022761005257184e-18
310	0.5098295	1.9515692046895396e-21
311	0.5251548	8.337855247434267e-18
312	0.5181286	1.9618492230742547e-19
313	0.5231728	2.937988225352011e-18
314	0.5096728	1.785574348347725e-21
315	0.5224305	1.9819757902366546e-18
316	0.5199181	5.167881615095311e-19
317	0.5121371	7.169837425861994e-21
318	0.5070163	3.9163164490483556e-22
319	0.5167673	9.332646015937561e-20
320	0.5163269	7.330419630309741e-20
321	0.5209046	8.779856810846328e-19
322	0.5172009	1.183116443276094e-19
323	0.5273434	2.602550947605576e-17
324	0.514928	3.391686515998591e-20
325	0.5097677	1.8843511665426343e-21
326	0.5203105	6.382866896191769e-19
327	0.5161237	6.556297153947529e-20
328	0.519432	3.9759775524727875e-19
329	0.5139011	1.9194936584756253e-20
330	0.5188807	2.950831136048313e-19
331	0.5148768	3.297005298315944e-20
332	0.5212526	1.0577717253551558e-18
333	0.5164689	7.924475893247332e-20
334	0.5159949	6.108141326823317e-20
335	0.5107914	3.362988132869255e-21
336	0.5147893	3.141220724514556e-20
337	0.5238233	4.142690953553499e-18
338	0.5163598	7.464003575938639e-20
339	0.526758	1.9221242544172694e-17
340	0.5134252	1.472913228630324e-20
341	0.5160177	6.185200849588232e-20
342	0.5191057	3.3330544324269543e-19
343	0.5125588	9.080122097734713e-21
344	0.5094502	1.5735698770437037e-21
345	0.5174961	1.3900598205633956e-19
346	0.5172447	1.2117732906558347e-19
347	0.5180351	1.8645643785779415e-19
348	0.5161921	6.80738107443241e-20
349	0.5176947	1.5490672362620185e-19
350	0.5191697	3.4504632786717016e-19
351	0.5182219	2.0639339213948103e-19
352	0.5139163	1.935777738753833e-20
353	0.513819	1.8338568260189253e-20
354	0.5163419	7.391027851445908e-20
355	0.5237954	4.082188383647155e-18
356	0.520027	5.480014297367025e-19
357	0.5190687	3.266991164244184e-19
358	0.5129033	1.1008677281489495e-20
359	0.5234043	3.32063290794597e-18
360	0.521701	1.3440403392325834e-18
361	0.5162484	7.02117673392687e-20
362	0.5156607	5.0819160852370307e-20
363	0.516114	6.52144106188657e-20
364	0.5163842	7.56462967893132e-20
365	0.5152291	4.005550622559732e-20
366	0.5171153	1.1290351786666611e-19
367	0.5160779	6.39332426092256e-20
368	0.5238889	4.288465659511696e-18
369	0.5166187	8.602887253945825e-20
370	0.521819	1.4313432490346876e-18
371	0.517279	1.234693670996066e-19
372	0.5173097	1.255572269076202e-19
373	0.520582	7.38501880793906e-19
374	0.509544	1.6596777037887288e-21
375	0.5169784	1.0475888228791741e-19
376	0.5172038	1.1849928866893418e-19
377	0.5153586	4.3022988323871946e-20
378	0.5145105	2.69188540111477e-20
379	0.5153431	4.2656639679928714e-20
380	0.5151815	3.9016505753512287e-20
381	0.5120073	6.666396379276889e-21
382	0.5045512	9.420089445317843e-23
383	0.5244575	5.784347503901292e-18
384	0.5143216	2.4242570202106583e-20
385	0.522071	1.6370188003290042e-18
386	0.5169699	1.0427283085745564e-19
387	0.5202564	6.19989313295427e-19
388	0.5190543	3.2416320161362253e-19
389	0.5144744	2.6385711624179107e-20
390	0.5250818	8.02525736462955e-18
391	0.518433	2.314734173186343e-19
392	0.5146199	2.8600580413507236e-20
393	0.5140639	2.101197850666303e-20
394	0.51257	9.137202838702357e-21
395	0.5193381	3.7793211649984323e-19
396	0.5129485	1.129012895903856e-20
397	0.5161682	6.718584136600829e-20
398	0.5210013	9.246640942700432e-19
399	0.5128282	1.055633922751537e-20
400	0.5190629	3.2567535230714953e-19
401	0.5132514	1.3369243936532893e-20
402	0.5222063	1.7592489008158052e-18
403	0.519962	5.291533123668346e-19
404	0.512742	1.0059812672433231e-20
405	0.5203504	6.521229969692216e-19
406	0.516261	7.069927880486153e-20
407	0.5147931	3.1478321647974215e-20
408	0.5143089	2.4072409393559307e-20
409	0.5125888	9.233817525161038e-21
410	0.5139989	2.026691574001323e-20
411	0.5143941	2.5237031528175253e-20
412	0.5124968	8.770474148406597e-21
413	0.5189123	3.0017699793615697e-19
414	0.5165319	8.203078559257504e-20
415	0.5199572	5.277871770211991e-19
416	0.5132873	1.3639544330434958e-20
417	0.5141668	2.2247332675114815e-20
418	0.5066277	3.1318155949560887e-22
419	0.523408	3.3271327289375275e-18
420	0.5198281	4.92325639293604e-19
421	0.51348	1.518569053430326e-20
422	0.5135676	1.5944813188871412e-20
423	0.5157433	5.3184315944463365e-20
424	0.515495	4.6384243498180954e-20
425	0.5152628	4.0807629074582544e-20
426	0.5168175	9.592772105610904e-20
427	0.5147	2.9897521181426716e-20
428	0.5179909	1.8202535459169574e-19
429	0.5178495	1.6853862539459765e-19
430	0.5115215	5.074280876335275e-21
431	0.5160201	6.193368189483817e-20
432	0.5168408	9.715935722341972e-20
433	0.5258858	1.221396413755137e-17
434	0.5108532	3.4823465809360304e-21
435	0.5159045	5.81185686624305e-20
436	0.5173832	1.3069899828969237e-19
437	0.5127819	1.0286698047982204e-20
438	0.5279091	3.484688980175467e-17
439	0.5112919	4.459254196986932e-21
440	0.5143287	2.4338218315214255e-20
441	0.5158302	5.579035012646705e-20
442	0.5243136	5.362971408735099e-18
443	0.5180028	1.832079747151976e-19
444	0.5220876	1.6515506133529666e-18
445	0.5173226	1.2644493498931788e-19
446	0.5152538	4.060540679862596e-20
447	0.511894	6.255696043920369e-21
448	0.5204007	6.699895502469922e-19
449	0.512589	9.234850764891267e-21
450	0.5135574	1.585452301176384e-20
451	0.5255527	1.0265729833163165e-17
452	0.5148956	3.331462866346005e-20
453	0.5077867	6.092827732107177e-22
454	0.5186905	2.6618194161450486e-19
455	0.5193932	3.8935189439512023e-19
456	0.5104157	2.719857909705194e-21
457	0.5103739	2.6563178547684872e-21
458	0.5267183	1.8829527959589314e-17
459	0.5121768	7.3312130069134e-21
460	0.5102859	2.5273199640308316e-21
461	0.5089794	1.2039147198347852e-21
462	0.5158235	5.558500163888654e-20
463	0.5177871	1.6290626055553257e-19
464	0.5132931	1.368371932370125e-20
465	0.5168151	9.580173914228149e-20
466	0.5171533	1.1527341535607258e-19
467	0.5208602	8.573420825644496e-19
468	0.5003796	8.145278792635142e-24
469	0.5187474	2.7452088609266134e-19
470	0.5238362	4.1709643816025245e-18
471	0.5151814	3.9014351334049175e-20
472	0.5196223	4.406125390144919e-19
473	0.5206615	7.706903005425292e-19
474	0.5140512	2.08643020237025e-20
475	0.5107193	3.2288544033803854e-21
476	0.515736	5.2970968937137925e-20
477	0.5161031	6.482491881050635e-20
478	0.5195035	4.1324853711217416e-19
479	0.5214746	1.1910323325501512e-18
480	0.5177018	1.5550735677475227e-19
481	0.5198569	5.000262358475704e-19
482	0.5183149	2.170922594478141e-19
483	0.5166363	8.686277806297863e-20
484	0.50911	1.2968239093050033e-21
485	0.5192891	3.6805557586794794e-19
486	0.5122799	7.767311566648636e-21
487	0.5190377	3.2126403302517153e-19
488	0.5153647	4.3168017489848864e-20
489	0.5105437	2.9239526505415037e-21
490	0.5152478	4.047114384823542e-20
491	0.51483	3.212754013453543e-20
492	0.5244963	5.903464152279074e-18
493	0.516684	8.916332315461194e-20
494	0.5151042	3.738582262030713e-20
495	0.5138333	1.8484956751661096e-20
496	0.5100041	2.154594623539709e-21
497	0.5133515	1.413649328507468e-20
498	0.5080944	7.265839598059912e-22
499	0.5175469	1.4291233237031963e-19
500	0.5264449	1.6338166143816254e-17
501	0.5242853	5.2837486437874946e-18
502	0.5168835	9.945726759157446e-20
503	0.5093315	1.470927377109999e-21
504	0.5091133	1.299261386416746e-21
505	0.512464	8.610917185373372e-21
506	0.5172938	1.2447156387585884e-19
507	0.5146973	2.985286967621715e-20
508	0.513804	1.818624836309983e-20
509	0.5149171	3.371306652117359e-20
510	0.5132712	1.3517659929157068e-20
511	0.5161035	6.483917127167723e-20
512	0.5127581	1.0150759793940449e-20
513	0.5167325	9.15643249702553e-20
514	0.5110588	3.91047866449988e-21
515	0.5121816	7.350966753356784e-21
516	0.5184019	2.2759730169671805e-19
517	0.5106936	3.1823361294816574e-21
518	0.5150805	3.6899519988943824e-20
519	0.5192004	3.50822707738338e-19
520	0.5138023	1.8169064734315946e-20
521	0.5097208	1.8348761297882062e-21
522	0.5155208	4.7048676452183933e-20
523	0.5219105	1.5028828850851304e-18
524	0.5233836	3.2845001454155826e-18
525	0.5224402	1.992217616409951e-18
526	0.5141171	2.1641931284145592e-20
527	0.5290161	6.152003123615987e-17
528	0.5190993	3.3215334034452744e-19
529	0.5120883	6.976288361171652e-21
530	0.5146878	2.969628713129448e-20
531	0.5171181	1.1307648262077186e-19
532	0.5152057	3.9541356119944087e-20
533	0.5253682	9.322407052757763e-18
534	0.5086718	1.0103572422041147e-21
535	0.5231196	2.8564158693664017e-18
536	0.5229853	2.660327058540412e-18
537	0.5175483	1.4302151316761801e-19
538	0.5171569	1.1550047073738615e-19
539	0.518324	2.1816818290461796e-19
540	0.5102621	2.493512010124173e-21
541	0.5134308	1.4775156811935765e-20
542	0.5121551	7.242564190391824e-21
543	0.5183354	2.1952349695981106e-19
544	0.5192943	3.6909145803107873e-19
545	0.5206005	7.458713580261558e-19
546	0.5064959	2.902881346754694e-22
547	0.5219784	1.5582475705843948e-18
548	0.5113732	4.668082106484288e-21
549	0.5165053	8.084282195445917e-20
550	0.5213741	1.1287630251758445e-18
551	0.5105644	2.958355540930123e-21
552	0.5184081	2.2836486764525057e-19
553	0.5178147	1.6537412992296397e-19
554	0.5170557	1.0928336859957673e-19
555	0.520309	6.377722354163818e-19
556	0.5195203	4.1701353321124944e-19
557	0.5261334	1.3895038347615914e-17
558	0.5240981	4.788090752453092e-18
559	0.5163091	7.259136356646254e-20
560	0.5196332	4.432112926857831e-19
561	0.5205631	7.310475007666962e-19
562	0.5095417	1.6575114672098754e-21
563	0.5206155	7.51900014677285e-19
564	0.5236396	3.760056249290486e-18
565	0.5184789	2.373138467228791e-19
566	0.5176841	1.5401427688377133e-19
567	0.510603	3.0235831008073326e-21
568	0.5229514	2.6129737888511095e-18
569	0.5190012	3.1497933670063137e-19
570	0.5216803	1.3292782348097252e-18
571	0.5244553	5.777665161433397e-18
572	0.5135233	1.5556333173192666e-20
573	0.5100121	2.1643828179872085e-21
574	0.5187904	2.809938632656036e-19
575	0.5183757	2.2438182701835552e-19
576	0.5206613	7.706076058995485e-19
577	0.5155332	4.73713627559589e-20
578	0.5181906	2.0291137034552992e-19
579	0.5161156	6.527177851433371e-20
580	0.5085906	9.646327304726395e-22
581	0.5203061	6.367787876542723e-19
582	0.5211056	9.777670892300843e-19
583	0.5157971	5.478312968960224e-20
584	0.5126925	9.785220838763302e-21
585	0.5170474	1.0878842713137085e-19
586	0.5137536	1.7683578665519465e-20
587	0.5151094	3.749336843775384e-20
588	0.5135457	1.5751578647161297e-20
589	0.5137228	1.7383195267093792e-20
590	0.5105084	2.8661974551279558e-21
591	0.5181752	2.0121958775857487e-19
592	0.5156876	5.157773811109602e-20
593	0.522156	1.7127876306351511e-18
594	0.5189848	3.121953137779068e-19
595	0.522203	1.756162881013424e-18
596	0.5224003	1.9504213610521575e-18
597	0.5144731	2.6366709026525078e-20
598	0.5107028	3.1989117323915864e-21
599	0.5173149	1.2591431767517549e-19
600	0.5213574	1.1187327296074162e-18
601	0.5152498	4.051584922229534e-20
602	0.5153153	4.2007301696153345e-20
603	0.5171211	1.1326209324776432e-19
604	0.5090899	1.282075071775895e-21
605	0.5119823	6.573535549963984e-21
606	0.5095834	1.6972252142811655e-21
607	0.5078068	6.163357748869924e-22
608	0.5210475	9.478244943164387e-19
609	0.522862	2.492058181862112e-18
610	0.5115248	5.083707252516189e-21
611	0.5197317	4.673943686928786e-19
612	0.5110233	3.832996870864274e-21
613	0.5097075	1.8210818181668473e-21
614	0.5185144	2.4193082235846505e-19
615	0.5123408	8.036889033565478e-21
616	0.5164244	7.733354101704725e-20
617	0.5096159	1.7288301161622618e-21
618	0.516897	1.0019491222605143e-19
619	0.5180596	1.889584257995422e-19
620	0.5195878	4.3248616574701664e-19
621	0.5127179	9.925181585725034e-21
622	0.5210401	9.440765691957408e-19
623	0.5177917	1.6331502435190234e-19
624	0.5069665	3.805803977167393e-22
625	0.5113995	4.737689816705207e-21
626	0.5157547	5.351919187222825e-20
627	0.5145008	2.677455985913294e-20
628	0.5137016	1.7179381394316004e-20
629	0.5231152	2.8497705003749175e-18
630	0.5157168	5.241387613061823e-20
631	0.5112625	4.3860396609812494e-21
632	0.5156489	5.048989964669012e-20
633	0.5134412	1.4861009365731014e-20
634	0.511818	5.9943612270180036e-21
635	0.5128835	1.0887587349220884e-20
636	0.5225072	2.064404688172059e-18
637	0.5169585	1.0362445529053826e-19
638	0.5174896	1.3851384736419508e-19
639	0.5214095	1.1503201148813745e-18
640	0.5196533	4.480433465844072e-19
641	0.5170306	1.0779340300575206e-19
642	0.5163008	7.226132689541778e-20
643	0.5221004	1.6628429773884513e-18
644	0.5102756	2.5126333699435654e-21
645	0.5162742	7.121360175473607e-20
646	0.5125845	9.211630563479063e-21
647	0.5183565	2.2205405114337414e-19
648	0.5243602	5.495991403852796e-18
649	0.5243596	5.4942581304637615e-18
650	0.5190203	3.1825270403533675e-19
651	0.5131975	1.2973354528086416e-20
652	0.5124784	8.680609178660266e-21
653	0.5215228	1.2220914633685252e-18
654	0.5209139	8.823716050281227e-19
655	0.5082489	7.936677496953959e-22
656	0.5205867	7.403672678847293e-19
657	0.5192026	3.5124030777833634e-19
658	0.5149953	3.5202493208603874e-20
659	0.5158758	5.720804927018861e-20
660	0.5164789	7.968064320388523e-20
661	0.5207965	8.285615694334344e-19
662	0.5191096	3.340094453082467e-19
663	0.5078546	6.33435493776681e-22
664	0.5215018	1.2084621373856597e-18
665	0.5147633	3.096352199914422e-20
666	0.5176743	1.5319371567257293e-19
667	0.5198394	4.953329563622703e-19
668	0.5105981	3.015224560131822e-21
669	0.5129373	1.1219731102666112e-20
670	0.518126	1.9590772221929503e-19
671	0.5196699	4.520732952886207e-19
672	0.5100201	2.174215098080232e-21
673	0.51801	1.8392720100299597e-19
674	0.5133181	1.3875757141265718e-20
675	0.5194184	3.9468795745859596e-19
676	0.5161828	6.772690955852165e-20
677	0.5174436	1.3508002316819977e-19
678	0.5247001	6.570129243448244e-18
679	0.5115647	5.199063726395747e-21
680	0.5194527	4.02067454564843e-19
681	0.5160465	6.283917095240157e-20
682	0.5151437	3.82104765627184e-20
683	0.5177947	1.6358215652798744e-19
684	0.5279487	3.55649458755782e-17
685	0.5202355	6.130605412574527e-19
686	0.5124232	8.416453825563275e-21
687	0.5100273	2.183102006024352e-21
688	0.5123695	8.16712610782817e-21
689	0.5155149	4.6895905744988595e-20
690	0.5116681	5.5102231193024665e-21
691	0.5135181	1.55113524426703e-20
692	0.5197341	4.679996198134709e-19
693	0.524625	6.3162179208287486e-18
694	0.5194975	4.119120683140889e-19
695	0.5158526	5.648236010148743e-20
696	0.5192238	3.5528976216366113e-19
697	0.5130461	1.1922420481023174e-20
698	0.517918	1.7494381875967825e-19
699	0.5242762	5.258521038497647e-18
700	0.5223803	1.9297985630720454e-18
701	0.5223175	1.866435442057133e-18
702	0.5258769	1.2157439830066185e-17
703	0.5161967	6.82460463187485e-20
704	0.5200039	5.412281684585133e-19
705	0.511679	5.544080898850465e-21
706	0.5158372	5.600569610519394e-20
707	0.5194728	4.0645519554405493e-19
708	0.5234924	3.478865707266615e-18
709	0.5178935	1.7262568435136483e-19
710	0.5131331	1.2515552147457105e-20
711	0.5177363	1.5845891962216932e-19
712	0.508644	9.944658410818973e-22
713	0.5141957	2.2607051767944122e-20
714	0.5112045	4.24507925377656e-21
715	0.5213132	1.0926092374484374e-18
716	0.5108051	3.3890929730748254e-21
717	0.5146683	2.937742586030866e-20
718	0.5140234	2.054462177541828e-20
719	0.5108462	3.46861885674957e-21
720	0.5155393	4.753090724391008e-20
721	0.5148765	3.296458315747009e-20
722	0.5200746	5.6222419403014225e-19
723	0.5154387	4.496644180407974e-20
724	0.5138631	1.8793749272738117e-20
725	0.5174122	1.3278462026124533e-19
726	0.5177118	1.56357232858864e-19
727	0.5203293	6.447694628652275e-19
728	0.5096799	1.79278326410529e-21
729	0.5151842	3.907471965469588e-20
730	0.5229229	2.5738095999466557e-18
731	0.5109892	3.7600043678319835e-21
732	0.5146255	2.8689411627827656e-20
733	0.515949	5.955881350955403e-20
734	0.5149857	3.501619453487074e-20
735	0.5223877	1.9374037247035244e-18
736	0.5141518	2.2062869069137765e-20
737	0.5139855	2.0116604501794684e-20
738	0.5127863	1.0312026377831465e-20
739	0.5176723	1.530267869488262e-19
740	0.5115195	5.068576355501184e-21
741	0.5226728	2.254120553715596e-18
742	0.5171505	1.1509712242441272e-19
743	0.5161172	6.532919640147006e-20
744	0.5115268	5.089428653549881e-21
745	0.5205398	7.219601580455372e-19
746	0.5167956	9.478419281717406e-20
747	0.5189989	3.1458741743134844e-19
748	0.5198678	5.029717016933279e-19
749	0.5322601	3.1850296876671947e-16
750	0.5171192	1.1314450484309394e-19
751	0.51981	4.875462335654114e-19
752	0.5139761	2.001182207595652e-20
753	0.5114281	4.814553036583711e-21
754	0.5205716	7.34390737677663e-19
755	0.5132076	1.3046642761728607e-20
756	0.5090626	1.2623091043957914e-21
757	0.5156628	5.087798075550306e-20
758	0.5180262	1.855556998136353e-19
759	0.5254671	9.816874632980745e-18
760	0.5135569	1.5850110073586427e-20
761	0.5133612	1.4213121776747342e-20
762	0.5156788	5.132835248857299e-20
763	0.5193598	3.8238942514349804e-19
764	0.5155204	4.703830355386686e-20
765	0.5270365	2.220512657363615e-17
766	0.5174512	1.3564147949238502e-19
767	0.5156309	4.9991703349400755e-20
768	0.517209	1.1883649282300908e-19
769	0.52071	7.910053206722055e-19
770	0.5202576	6.203894824944069e-19
771	0.5206891	7.8218682054773685e-19
772	0.5176542	1.515242510513229e-19
773	0.5170362	1.0812407202235384e-19
774	0.5172298	1.2019483973566643e-19
775	0.5160886	6.43103571372173e-20
776	0.5140218	2.0526371347266186e-20
777	0.5148026	3.164421146758491e-20
778	0.5139779	2.0031844842361996e-20
779	0.5111228	4.054107040206709e-21
780	0.5197384	4.690859693381917e-19
781	0.5134414	1.4862665212042994e-20
782	0.5118134	5.978895595418874e-21
783	0.5204724	6.96298019642085e-19
784	0.507063	4.0228390665297607e-22
785	0.5217684	1.3932396962634113e-18
786	0.5139552	1.9780782491489943e-20
787	0.51321	1.306411803230516e-20
788	0.5144849	2.653969240451672e-20
789	0.5168028	9.515864951145259e-20
790	0.5157191	5.2480303983871535e-20
791	0.5198407	4.956800952894823e-19
792	0.5166646	8.822047931038594e-20
793	0.523671	3.822887969216683e-18
794	0.5096611	1.7737575211386607e-21
795	0.5168129	9.568639969498351e-20
796	0.5196097	4.376272702448593e-19
797	0.509762	1.8782683071592815e-21
798	0.5198855	5.077913432447435e-19
799	0.5162348	6.968930105267233e-20
800	0.5248173	6.98669329632071e-18
801	0.5186153	2.5554474476746074e-19
802	0.5192197	3.5450302394907926e-19
803	0.522516	2.0740762820154827e-18
804	0.5139182	1.9378228501219902e-20
805	0.5093978	1.5274110661031344e-21
806	0.5205305	7.183643263897255e-19
807	0.5174677	1.3686839925269054e-19
808	0.5167424	9.206224037255372e-20
809	0.5167672	9.33213487383331e-20
810	0.5130927	1.2236569728138699e-20
811	0.5154032	4.409460641988163e-20
812	0.5158747	5.717343394271612e-20
813	0.5183399	2.2006078159735463e-19
814	0.5196194	4.399236721194105e-19
815	0.5154959	4.640726413245723e-20
816	0.515307	4.18153399021329e-20
817	0.5128012	1.0398257234570568e-20
818	0.5160619	6.337341641202361e-20
819	0.5142142	2.284034112917879e-20
820	0.5231446	2.8944657551576266e-18
821	0.5166395	8.7015255192446e-20
822	0.5152018	3.945630244240294e-20
823	0.5163898	7.587913130553907e-20
824	0.5219754	1.5557593315222201e-18
825	0.5136237	1.6450593786893942e-20
826	0.5236126	3.7068467683335235e-18
827	0.5099225	2.0572281580549577e-21
828	0.5178229	1.6611444609245166e-19
829	0.5246239	6.31257192485702e-18
830	0.5150573	3.6429548521374936e-20
831	0.5243392	5.435647511388356e-18
832	0.5228271	2.446372623031226e-18
833	0.5116822	5.5540598970852e-21
834	0.5106552	3.114065506315087e-21
835	0.5041881	7.62621967341623e-23
836	0.5230377	2.7351979006801704e-18
837	0.5164638	7.902336827521227e-20
838	0.5173998	1.3188883352720223e-19
839	0.5191668	3.4450556914787424e-19
840	0.521793	1.411637269586757e-18
841	0.5219183	1.509142573093752e-18
842	0.5180134	1.8426780693099924e-19
843	0.5165873	8.456075706042523e-20
844	0.5149451	3.42390481476563e-20
845	0.5094796	1.600071097685643e-21
846	0.5171058	1.123186237042333e-19
847	0.5186415	2.5920212830426885e-19
848	0.515472	4.5799762057665624e-20
849	0.5211466	9.9945860784107e-19
850	0.519294	3.6903161721032533e-19
851	0.526003	1.2983006192323347e-17
852	0.5140963	2.1393436312636596e-20
853	0.5143045	2.4013732515872695e-20
854	0.5136412	1.6611597960803973e-20
855	0.5069382	3.744386869129863e-22
856	0.5155763	4.85101068437691e-20
857	0.5201291	5.789578473769173e-19
858	0.5156527	5.0595701541789943e-20
859	0.5160104	6.160424049917092e-20
860	0.509228	1.3868647223202413e-21
861	0.5223688	1.91803832464804e-18
862	0.5115643	5.197894492904204e-21
863	0.5077888	6.10015893482783e-22
864	0.520982	9.151555746131826e-19
865	0.5119038	6.290206160127527e-21
866	0.509254	1.4075228195890183e-21
867	0.5212375	1.0492636187460172e-18
868	0.5159335	5.905318645675688e-20
869	0.5167249	9.118389759420872e-20
870	0.5204186	6.764638378984416e-19
871	0.5224015	1.9516656412240337e-18
872	0.5161799	6.761909467493876e-20
873	0.5259152	1.2402538726745757e-17
874	0.5100867	2.2578065318359608e-21
875	0.5150036	3.5364355277657934e-20
876	0.5196278	4.419219454969274e-19
877	0.5136772	1.6947732992190363e-20
878	0.5221127	1.6737662178704696e-18
879	0.5203101	6.381494616761125e-19
880	0.5153621	4.31061426479989e-20
881	0.5226845	2.268158930831486e-18
882	0.5125976	9.279388641970389e-21
883	0.5131968	1.2968290290698313e-20
884	0.514154	2.208982858735948e-20
885	0.5222144	1.766846449228509e-18
886	0.5059229	2.0857881901144637e-22
887	0.5189421	3.050604585769613e-19
888	0.5159243	5.875508582895262e-20
889	0.524079	4.7401821604028095e-18
890	0.5121875	7.375319689102073e-21
891	0.5212046	1.0309599605793083e-18
892	0.5178507	1.6864880895772554e-19
893	0.5188626	2.9220406700415393e-19
894	0.512372	8.178569352780882e-21
895	0.5121644	7.280425685674616e-21
896	0.5209496	8.994102388495507e-19
897	0.5140765	2.115951564551234e-20
898	0.5144208	2.561336321025953e-20
899	0.5238722	4.250880759216133e-18
900	0.507455	5.038056007326259e-22
901	0.5183854	2.25567010321332e-19
902	0.5203938	6.675102886951334e-19
903	0.5144554	2.6109326561219384e-20
904	0.5191864	3.481767473942701e-19
905	0.5269576	2.131612940699709e-17
906	0.5176328	1.4976661294390774e-19
907	0.5092938	1.4397380641976251e-21
908	0.5209644	9.065690022547466e-19
909	0.5196644	4.507341116581519e-19
910	0.5177045	1.5573637140090718e-19
911	0.5176902	1.5452723082560362e-19
912	0.5104895	2.8357410675244707e-21
913	0.5197702	4.771977828065719e-19
914	0.5134632	1.504425289841021e-20
915	0.5214907	1.201318954932511e-18
916	0.5120109	6.67987500284155e-21
917	0.5211176	9.840671326165569e-19
918	0.5138622	1.878434889490849e-20
919	0.5132636	1.3460500071667192e-20
920	0.5189571	3.07548258526822e-19
921	0.5250253	7.791299293404369e-18
922	0.5191638	3.439470466188789e-19
923	0.5173248	1.2659694630354012e-19
924	0.5174714	1.3714503187723677e-19
925	0.5174031	1.3212664223115804e-19
926	0.513491	1.527901156442614e-20
927	0.5150321	3.5925780128413546e-20
928	0.5215108	1.214284756241589e-18
929	0.5161679	6.717476854223572e-20
930	0.5143532	2.4671152095369756e-20
931	0.5124772	8.674780222650169e-21
932	0.5144512	2.6048619134549342e-20
933	0.5156081	4.9367640561505185e-20
934	0.5209006	8.76105905669478e-19
935	0.5159949	6.108141326823317e-20
936	0.5154294	4.4736408176582176e-20
937	0.516745	9.219345009589623e-20
938	0.5190516	3.2368989213900835e-19
939	0.5225014	2.05805464456951e-18
940	0.5156295	4.995315949934348e-20
941	0.5173093	1.2552979996918429e-19
942	0.5203609	6.558132155183358e-19
943	0.5149125	3.3627424253515356e-20
944	0.5166567	8.783937342781239e-20
945	0.5131447	1.2596814447870077e-20
946	0.5233995	3.3122194270835128e-18
947	0.5184388	2.322034929550557e-19
948	0.5074682	5.076340824152973e-22
949	0.5137809	1.795412432118111e-20
950	0.5094698	1.5911885517802238e-21
951	0.5210408	9.444304735220244e-19
952	0.5094314	1.5568521273984058e-21
953	0.515122	3.775523306770471e-20
954	0.5225335	2.0934430108651316e-18
955	0.517126	1.135659064543649e-19
956	0.5147216	3.025712360321556e-20
957	0.513407	1.4580531569786405e-20
958	0.5164304	7.758854539155849e-20
959	0.5146003	2.829181195115273e-20
960	0.5106466	3.0989758687848905e-21
961	0.5160637	6.343615363639181e-20
962	0.5145211	2.70774174530392e-20
963	0.5143533	2.4672520214030914e-20
964	0.515334	4.244299923213175e-20
965	0.5178858	1.7190343020798916e-19
966	0.5210145	9.312235791874833e-19
967	0.5188453	2.8947827534268434e-19
968	0.5242693	5.239471882526925e-18
969	0.5181517	1.9866485664721147e-19
970	0.5179672	1.7969252853040028e-19
971	0.5245222	5.9843248848896354e-18
972	0.5280081	3.66695439701769e-17
973	0.5206397	7.617280920810977e-19
974	0.5111629	4.14675134555469e-21
975	0.5194546	4.024802010929634e-19
976	0.5188056	2.8331795344865545e-19
977	0.5134874	1.52484077437792e-20
978	0.512071	6.908924487319315e-21
979	0.5138626	1.8788526265243373e-20
980	0.5150348	3.5979423465010446e-20
981	0.5141095	2.1550805185866455e-20
982	0.5167145	9.066584867009296e-20
983	0.5205487	7.254180134298659e-19
984	0.5159135	5.840704332845597e-20
985	0.5124878	8.726403841360864e-21
986	0.5114469	4.865750541006462e-21
987	0.5131494	1.2629888347477134e-20
988	0.5164012	7.635531161191287e-20
989	0.5138081	1.822775751802189e-20
990	0.5155928	4.8953195201502836e-20
991	0.517947	1.7772760272943253e-19
992	0.5140836	2.1243103364309193e-20
993	0.509687	1.8000210361390394e-21
994	0.5176894	1.544598618991491e-19
995	0.5200184	5.454700328792065e-19
996	0.5238472	4.195224255295321e-18
997	0.5119396	6.417885142886306e-21
998	0.5187788	2.792329256219466e-19
999	0.5197283	4.66538256011072e-19
