Dataset	Random-mean	P-value
0	0.1164117	0.0004961694138560084
1	0.1156577	0.00038947007114216827
2	0.1107072	7.233738051889147e-05
3	0.1092159	4.220026629724773e-05
4	0.1103157	6.288358272909172e-05
5	0.1127709	0.00014883787306191833
6	0.1157912	0.0004066418633696537
7	0.1170423	0.0006057810094337656
8	0.1132853	0.000177383211608024
9	0.1095314	4.735458135028305e-05
10	0.1143175	0.00025090851891623907
11	0.1102013	6.035044495126414e-05
12	0.1141227	0.0002351408998277247
13	0.1119281	0.00011123005818067408
14	0.117753	0.0007561984009665991
15	0.1120467	0.00011591662002854566
16	0.1122401	0.00012396147260184607
17	0.1059867	1.2494472675517461e-05
18	0.1115149	9.626337253996547e-05
19	0.1121814	0.0001214656084313937
20	0.10869	3.4774416235262867e-05
21	0.1109365	7.848447817693459e-05
22	0.1149093	0.0003051243437281732
23	0.11749710000000001	0.0006984287388739985
24	0.1146112	0.00027657091786338053
25	0.1114786	9.504384722553906e-05
26	0.1163249	0.0004826230888845427
27	0.1143459	0.0002532886348468589
28	0.1110925	8.29460125136718e-05
29	0.1111915	8.590085466126093e-05
30	0.1156469	0.0003881110057809367
31	0.1110068	8.046612705941344e-05
32	0.1075244	2.2497865382887235e-05
33	0.1113136	8.968252263913532e-05
34	0.1139722	0.00022360226208821844
35	0.1126001	0.00014036023896152555
36	0.1168325	0.0005670258852658611
37	0.114155	0.00023768922539544766
38	0.1149688	0.00031114517496079263
39	0.1105787	6.909503265063693e-05
40	0.1124292	0.00013233533422808968
41	0.1088327	3.665608152356895e-05
42	0.1137452	0.00020720167434410815
43	0.1144655	0.0002635467321925134
44	0.1156616	0.0003899619391768754
45	0.1199245	0.001458460423237861
46	0.1157666	0.0004034252789383956
47	0.1135025	0.00019092289262329865
48	0.1119896	0.0001136374454326363
49	0.1109603	7.915012796229382e-05
50	0.1121305	0.00011933990417039569
51	0.1127254	0.00014653345466398464
52	0.1179831	0.0008119105620166962
53	0.1153304	0.0003502005432372151
54	0.111069	8.225888728204138e-05
55	0.1146732	0.00028229446418247375
56	0.117275	0.0006516490648942362
57	0.113598	0.0001971791620397971
58	0.1146623	0.0002812802353390698
59	0.1054718	1.022549400833204e-05
60	0.1116833	0.00010211714121600812
61	0.1144142	0.0002590998180298979
62	0.1120335	0.00011538592765603918
63	0.1182848	0.000890749127201339
64	0.1115316	9.682938120161885e-05
65	0.1116402	0.0001005876754450981
66	0.1110984	8.311937667681965e-05
67	0.1136161	0.0001983864605375273
68	0.1137719	0.0002090702397391667
69	0.1131703	0.00017058602849634994
70	0.1153118	0.00034808433647176855
71	0.1143759	0.00025582588024923217
72	0.1134068	0.00018484142924888623
73	0.1111214	8.379848542395624e-05
74	0.1111764	8.544381271152822e-05
75	0.1146576	0.0002808439640845311
76	0.109012	3.9157911675681255e-05
77	0.1132881	0.0001775518486458269
78	0.1138775	0.00021661707356650524
79	0.1099531	5.518355442710682e-05
80	0.1174884	0.0006965389279707034
81	0.1147276	0.000287407848711346
82	0.1106408	7.064435996255364e-05
83	0.1090308	3.942944562444625e-05
84	0.1102821	6.21293079040747e-05
85	0.1123265	0.00012772340729841797
86	0.1117909	0.00010603206703576082
87	0.1122393	0.00012392713408493876
88	0.1116377	0.00010049962766835566
89	0.1174153	0.0006808472739844079
90	0.1169526	0.0005889183198493115
91	0.1138794	0.00021675517841593183
92	0.1166239	0.00053079683694833
93	0.1105346	6.801441022438565e-05
94	0.1118737	0.00010914086234948536
95	0.1124506	0.00013331593596949888
96	0.1105924	6.943403723307314e-05
97	0.1138726	0.00021626129047302482
98	0.1139399	0.0002211962998005658
99	0.112139	0.00011969242184022374
100	0.1157832	0.00040559319447722354
101	0.1088934	3.748551008658792e-05
102	0.1152668	0.0003430139643957962
103	0.1140649	0.00023064474987531067
104	0.1109504	7.887259287068648e-05
105	0.1099882	5.5887853924270204e-05
106	0.1123598	0.0001292019071326767
107	0.1152811	0.0003446176608177354
108	0.1105201	6.766261859082791e-05
109	0.110927	7.82202617162356e-05
110	0.1111864	8.574623119705015e-05
111	0.1135976	0.0001971525597146006
112	0.1158957	0.0004205753054588128
113	0.11779	0.0007649100235950926
114	0.1103319	6.325034750262596e-05
115	0.1112508	8.771822448525637e-05
116	0.110198	6.027883072804707e-05
117	0.114008	0.00022629769100218823
118	0.1110856	8.274369909266262e-05
119	0.1112793	8.860456251217748e-05
120	0.1149762	0.00031190173082632405
121	0.1156256	0.0003854436355714718
122	0.1141762	0.00023937590306977405
123	0.1090927	4.0336198219720146e-05
124	0.1144035	0.0002581812253462182
125	0.1168361	0.0005676709174282664
126	0.1066437	1.609441058072677e-05
127	0.1154218	0.0003607759242196951
128	0.111506	9.596300757882096e-05
129	0.1153996	0.00035818011204486816
130	0.1123391	0.0001282809501956973
131	0.1136089	0.000197905377825062
132	0.1119255	0.00011112935246125045
133	0.1108587	7.6345347862725e-05
134	0.1086751	3.4583331756708155e-05
135	0.1159119	0.00042277491230728446
136	0.1154593	0.00036520082554656274
137	0.1156189	0.0003846081600203028
138	0.1155305	0.00037374252156065923
139	0.1136971	0.00020387506599736652
140	0.1138984	0.0002181407915318074
141	0.1158549	0.00041508291944350884
142	0.1119949	0.00011384720060474405
143	0.1113553	9.100977079485586e-05
144	0.1094942	4.6717103090313535e-05
145	0.1121891	0.00012179027737952737
146	0.1081963	2.8948832625801755e-05
147	0.1114976	9.568033082040863e-05
148	0.113902	0.00021840426622083252
149	0.1125235	0.0001367081463285145
150	0.1106865	7.180550310314806e-05
151	0.1111448	8.449479580190741e-05
152	0.1154752	0.00036709229379123994
153	0.1097531	5.132855230593248e-05
154	0.1120184	0.00011478166409834038
155	0.1093234	4.389343917135197e-05
156	0.1179827	0.0008118104846094082
157	0.111179	8.552234419923377e-05
158	0.1104782	6.665573426725631e-05
159	0.1113708	9.150783619801642e-05
160	0.1142777	0.0002476083605592283
161	0.1120595	0.00011643343341143286
162	0.1115948	9.900004211454856e-05
163	0.1177143	0.0007471853757619496
164	0.1130552	0.0001640293334481421
165	0.1117312	0.0001038427447677713
166	0.1196396	0.001340433764399631
167	0.1132213	0.00017356956083448003
168	0.110942	7.863783188657846e-05
169	0.1101405	5.904387795414912e-05
170	0.1132001	0.00017232342279698898
171	0.1141944	0.0002408328718853399
172	0.1193253	0.0012205117672723094
173	0.1135542	0.00019428620019030477
174	0.11235730000000001	0.0001290903497981338
175	0.1137519	0.00020766908215192204
176	0.111746	0.00010438147007208831
177	0.1117356	0.0001040026310111361
178	0.1140267	0.00022771776264446893
179	0.1134626	0.00018836480166654332
180	0.11437	0.00025532500938793497
181	0.1124922	0.00013524181847590085
182	0.1145932	0.00027492976994191934
183	0.112115	0.00011869960230514269
184	0.1147419	0.00028876635612151913
185	0.10657	1.564594088911868e-05
186	0.1182721	0.0008872918846011199
187	0.1111688	8.521465051772388e-05
188	0.1112505	8.770893941765365e-05
189	0.1168535	0.0005707982386187154
190	0.1129033	0.00015573955027557723
191	0.1141668	0.00023862665246214332
192	0.112889	0.00015497983632183884
193	0.115788	0.00040622209157384164
194	0.1121013	0.00011813636239540381
195	0.109157	4.129909047098184e-05
196	0.1165405	0.0005169265534869666
197	0.1131801	0.0001711555558079343
198	0.1177386	0.0007528329621338783
199	0.1189478	0.0010896237083823134
200	0.1137648	0.0002085718131123945
201	0.1170358	0.0006045440997905866
202	0.1157181	0.0003971533006173129
203	0.1136834	0.0002029368106215517
204	0.1119336	0.00011144337389059928
205	0.1083758	3.095018244458046e-05
206	0.1163432	0.00048544996511904923
207	0.113857	0.00021513225205773253
208	0.1116539	0.00010107147444986488
209	0.1126508	0.0001428279302888314
210	0.1100664	5.7487786709168744e-05
211	0.1062333	1.3744647771036586e-05
212	0.1073903	2.138625151291106e-05
213	0.1148704	0.0003012473324124591
214	0.1142272	0.0002434796947119057
215	0.1110265	8.102988613638293e-05
216	0.1136468	0.0002004501289882361
217	0.1146263	0.0002779547512381401
218	0.1113347	9.035179669267902e-05
219	0.114176	0.00023935993856060773
220	0.1165295	0.0005151226234261803
221	0.1149355	0.0003077619339553581
222	0.1116322	0.00010030617915277441
223	0.1183063	0.0008966304797980254
224	0.1127152	0.00014602150031248082
225	0.112173	0.00012111235691752863
226	0.1115697	9.813250527947825e-05
227	0.1107377	7.312787468871514e-05
228	0.1131922	0.00017186122062436187
229	0.1130521	0.00016385607178180848
230	0.1186702	0.0010018109224723014
231	0.1159659	0.00043018493881170585
232	0.1103899	6.45801654863894e-05
233	0.1145634	0.0002722328504940314
234	0.1085132	3.257046157769686e-05
235	0.1126762	0.00014407955168273506
236	0.11386	0.00021534894310596387
237	0.1160934	0.0004481658210985521
238	0.1102527	6.147636681163194e-05
239	0.1093974	4.509629013107863e-05
240	0.1129984	0.00016088198371539618
241	0.1135338	0.00019295248144443505
242	0.1100398	5.693874654307258e-05
243	0.112622	0.00014142118599784725
244	0.1132195	0.0001734634275788216
245	0.1132609	0.0001759200361170365
246	0.109556	4.7780670825246114e-05
247	0.1115865	9.87123674963005e-05
248	0.1147718	0.00029162637769003237
249	0.1115762	9.835647341776586e-05
250	0.1098502	5.316705781213973e-05
251	0.1105483	6.834838572606078e-05
252	0.1131229	0.00016785650425216753
253	0.1151799	0.0003334179022280265
254	0.1100434	5.701276038891096e-05
255	0.1166274	0.0005313864541536321
256	0.1120612	0.00011650223629520332
257	0.1128981	0.00015546288509989736
258	0.1080206	2.7109675370549095e-05
259	0.1133037	0.00017849416713163968
260	0.1130323	0.00016275349747199425
261	0.1078903	2.5818238782749225e-05
262	0.1115483	9.739853815702166e-05
263	0.1162709	0.0004743709236556158
264	0.1146252	0.00027785372297719525
265	0.1098072	5.234530436347241e-05
266	0.118491	0.0009486619605657431
267	0.1179513	0.0008039901076272002
268	0.1154011	0.00035835495185910284
269	0.1112418	8.744007692768387e-05
270	0.1140881	0.00023243963028184172
271	0.1140237	0.0002274893805310354
272	0.1158672	0.00041673160230738587
273	0.115808	0.000408852335877567
274	0.1142034	0.00024155642826366358
275	0.112832	0.00015198620743389358
276	0.1107673	7.390286731278405e-05
277	0.1138974	0.00021806765721477114
278	0.1114747	9.491369721713001e-05
279	0.114589	0.0002745481538336378
280	0.1090798	4.014560974544123e-05
281	0.1132141	0.00017314539472339919
282	0.1100044	5.621578586810539e-05
283	0.1114121	9.284756685678704e-05
284	0.1130588	0.00016423075734306027
285	0.1143596	0.00025444436181553987
286	0.115004	0.0003147593778069117
287	0.1165419	0.0005171565674531796
288	0.113692	0.00020352531227480012
289	0.1166797	0.0005402701982265191
290	0.1145331	0.0002695161750069507
291	0.1102284	6.09416113141027e-05
292	0.112084	0.00011742872609572936
293	0.1141848	0.00024006332490079707
294	0.11212130000000001	0.00011895946141286523
295	0.113755	0.00020788568115944012
296	0.1117787	0.00010558114923261892
297	0.1127159	0.00014605658041803404
298	0.11459	0.000274638969656035
299	0.117752	0.0007559642382907732
300	0.1154692	0.00036637745633438736
301	0.1095653	4.7942700391670926e-05
302	0.1166376	0.0005331082578049461
303	0.1133839	0.00018341350548989942
304	0.112547	0.00013781891529635753
305	0.1154967	0.00036966454103065654
306	0.1106528	7.094751975827597e-05
307	0.110444	6.58444362161519e-05
308	0.1157183	0.00039717897592187227
309	0.1136919	0.00020351846000885967
310	0.1140783	0.00023167985131112092
311	0.1113276	9.012606464457102e-05
312	0.1153946	0.00035759788990748925
313	0.1142472	0.0002451070082805393
314	0.1154002	0.0003582500383743958
315	0.1150008	0.0003144291933221211
316	0.1108941	7.731173712652154e-05
317	0.1135067	0.00019119406069265901
318	0.1146095	0.0002764155279710038
319	0.1157958	0.0004072459968414983
320	0.1141384	0.00023637633328597545
321	0.1110506	8.172465015118225e-05
322	0.1091962	4.189679335705585e-05
323	0.1102893	6.229021195970753e-05
324	0.1153276	0.0003498812051967245
325	0.1178307	0.0007746006218208896
326	0.1200334	0.001506057276867545
327	0.1101324	5.8871852560159676e-05
328	0.11334	0.00018070514474999354
329	0.1175192	0.0007032507882235566
330	0.1130757	0.00016517945198403028
331	0.1083227	3.0344812891905874e-05
332	0.1137689	0.0002088595003112986
333	0.1147855	0.0002929456875058249
334	0.1106225	7.018440489254949e-05
335	0.1116494	0.00010091232010165114
336	0.1134252	0.00018599633852755783
337	0.1135113	0.00019149147051526034
338	0.1104247	6.53907418021696e-05
339	0.1137618	0.00020836154664910275
340	0.1136163	0.00019839983965282802
341	0.1126996	0.00014524177520833375
342	0.1136365	0.00019975551543219898
343	0.1130074	0.00016137685708374842
344	0.1121316	0.00011938546877057026
345	0.1189396	0.0010869306567139014
346	0.1154761	0.0003671996320627373
347	0.1082175	2.917861808286661e-05
348	0.1133307	0.00018013624989539803
349	0.1124973	0.0001354797238232617
350	0.1131036	0.000166756955958425
351	0.1119972	0.00011393834026538052
352	0.105063	8.710598649280662e-06
353	0.1107021	7.22059926053948e-05
354	0.1108563	7.628024602924901e-05
355	0.1088846	3.7364166387584954e-05
356	0.1093684	4.462121600691886e-05
357	0.1167156	0.0005464482790326558
358	0.1123518	0.0001288452438255987
359	0.1125529	0.0001380991243767669
360	0.1112622	8.807174751772038e-05
361	0.1062579	1.3875722626922373e-05
362	0.1102602	6.164231198878639e-05
363	0.1128654	0.00015373368338404795
364	0.1112059	8.633886513622243e-05
365	0.1085596	3.3135642100320316e-05
366	0.1077219	2.423588101430709e-05
367	0.1114515	9.414295094289049e-05
368	0.1129239	0.00015684014102934887
369	0.1165726	0.0005222245442776706
370	0.1156082	0.0003832774098402447
371	0.1130775	0.00016528080032079752
372	0.1135013	0.00019084548259485338
373	0.1139059	0.00021869003503953676
374	0.1156373	0.0003869066778134882
375	0.1133988	0.00018434140507582087
376	0.1142695	0.00024693351756144635
377	0.1170732	0.0006116934374104167
378	0.1131147	0.00016738850611651364
379	0.11746090000000001	0.0006905966628879419
380	0.1159124	0.0004228429723761249
381	0.1141621	0.00023825285466412367
382	0.114462	0.0002632410714084437
383	0.1150933	0.0003241058715104846
384	0.1164249	0.0004982603143756971
385	0.1115541	9.759694901876282e-05
386	0.109893	5.3997145095020334e-05
387	0.1128955	0.0001553247264350969
388	0.110515	6.753929570858943e-05
389	0.1174265	0.0006832299097091941
390	0.1128838	0.0001547044445062449
391	0.1186997	0.0010108207291144166
392	0.1154966	0.0003696525380941554
393	0.1121465	0.00012000428381440081
394	0.1172091	0.0006383411318364514
395	0.1138428	0.00021410936250600425
396	0.1168998	0.0005791982805789866
397	0.1133857	0.00018352536658327743
398	0.1116076	9.944524028608139e-05
399	0.1169	0.0005792348147932421
400	0.1087081	3.5007890963760816e-05
401	0.1128607	0.00015348664024513362
402	0.1097101	5.053382252665818e-05
403	0.1116723	0.00010172471282770327
404	0.1161737	0.00045984851397628184
405	0.1069889	1.8363512900598854e-05
406	0.1127942	0.00015003113596870408
407	0.1117318	0.00010386453373886744
408	0.1116021	9.925371259988549e-05
409	0.113562	0.00019479844223223105
410	0.1114221	9.317473751756926e-05
411	0.113161	0.00017004721123239797
412	0.1104202	6.528538525071066e-05
413	0.1145793	0.0002736687030030675
414	0.1169263	0.000584057842094097
415	0.1063676	1.4474915918573159e-05
416	0.1103631	6.39624348851441e-05
417	0.1128404	0.00015242391994063688
418	0.1119069	0.0001104114294479697
419	0.1164153	0.0004967388447875866
420	0.1133993	0.00018437261921286865
421	0.1186754	0.001003393662771185
422	0.1126392	0.00014225974374707399
423	0.1125121	0.00013617235503576391
424	0.1162244	0.00046737078836211137
425	0.113285	0.0001773651523096851
426	0.1181345	0.0008506248021532497
427	0.1120286	0.00011518951334398117
428	0.1207384	0.0018505547497546888
429	0.1103012	6.255701769934763e-05
430	0.1136215	0.00019874799502175795
431	0.1118457	0.00010808005901707283
432	0.11285390000000001	0.00015312987896112706
433	0.1110267	8.103562871919864e-05
434	0.1116716	0.00010169978845514148
435	0.1133461	0.00018107920979017992
436	0.1112987	8.921273774289641e-05
437	0.1158133	0.0004095520181667208
438	0.113383	0.00018335759903632368
439	0.1162842	0.00047639106801743305
440	0.11021740000000001	6.0700994954610676e-05
441	0.1113234	8.99927844549708e-05
442	0.112758	0.00014818108268820464
443	0.1087266	3.524806671753819e-05
444	0.1129075	0.00015596334960128286
445	0.1137256	0.00020584001165877108
446	0.1141796	0.00023964745296150032
447	0.1141939	0.00024079273412185034
448	0.1145181	0.0002681807306891805
449	0.1147655	0.00029102156202475814
450	0.1140339	0.00022826675999213498
451	0.1156921	0.00039382871333904564
452	0.1140039	0.000225987453900739
453	0.112635	0.0001420545476286332
454	0.1117861	0.0001058544398594833
455	0.1177484	0.0007551218112916484
456	0.1156402	0.00038727011574419905
457	0.1155587	0.00037717707261186246
458	0.1132336	0.00017429644458888586
459	0.1118788	0.0001093351369530986
460	0.1124437	0.00013299901357109736
461	0.1123465	0.0001286094667385078
462	0.1095831	4.825427855338e-05
463	0.1133757	0.00018290472849568336
464	0.109932	5.476423637710837e-05
465	0.1106815	7.167758735597199e-05
466	0.1139046	0.00021859473969610392
467	0.1135721	0.0001954636199502052
468	0.1135908	0.0001967008369766905
469	0.1096337	4.915054364775051e-05
470	0.109736	5.1011097131125554e-05
471	0.1169029	0.0005797648026100146
472	0.1111344	8.418465069118658e-05
473	0.1156482	0.000388274361514295
474	0.1140659	0.00023072184580392427
475	0.1144069	0.00025847278234451246
476	0.1156358	0.00038671881805098316
477	0.1108025	7.483461417316114e-05
478	0.1092897	4.3355820009261056e-05
479	0.1135994	0.00019727229680002755
480	0.1169893	0.0005957639089801422
481	0.115051	0.00031964659502794736
482	0.1087087	3.5015655948322456e-05
483	0.1195804	0.0013170446220333717
484	0.1135177	0.00019190598304735855
485	0.1094661	4.624098300598522e-05
486	0.11462460000000001	0.00027779863119062104
487	0.1181651	0.0008586550419103725
488	0.1151278	0.0003277860069843299
489	0.1152389	0.0003399051975947592
490	0.1155464	0.0003756754038195854
491	0.113613	0.00019817919286091223
492	0.1101561	5.937653120596997e-05
493	0.1144989	0.0002664804323321082
494	0.110782	7.429063237929016e-05
495	0.1153797	0.0003558681237803685
496	0.1155083	0.00037105936248150225
497	0.1128237	0.00015155487080993255
498	0.1096949	5.025570160333624e-05
499	0.1094772	4.642850522904942e-05
500	0.1148333	0.000297592839140969
501	0.1164117	0.0004961694138560084
502	0.1161469	0.0004559181333666354
503	0.1150196	0.0003163736910699306
504	0.1143189	0.0002510253542445167
505	0.1103957	6.471459633829328e-05
506	0.112138	0.00011965089815681512
507	0.1154306	0.000361809765973112
508	0.1150206	0.0003164774371681476
509	0.1117435	0.00010429028400537105
510	0.1144126	0.00025896226335417045
511	0.1109756	7.95808665213088e-05
512	0.1108819	7.697738606645981e-05
513	0.1135543	0.00019429275936064805
514	0.1134515	0.00018765891364693886
515	0.1160338	0.0004396748699775126
516	0.1160028	0.0004353181644252437
517	0.1105503	6.839727116641227e-05
518	0.1148418	0.00029842642818983837
519	0.112988	0.00016031191257223257
520	0.1188544	0.0010593119773705487
521	0.1152666	0.00034299158477057805
522	0.1128087	0.0001507782750077648
523	0.1114669	9.465390305246073e-05
524	0.1131874	0.0001715809599179145
525	0.1120895	0.00011765326166052722
526	0.1180004	0.000816249904612285
527	0.1089715	3.857898925675999e-05
528	0.1129048	0.0001558194438078619
529	0.1116385	0.00010052779502068009
530	0.1145472	0.00027077718678060383
531	0.1110601	8.200006735236304e-05
532	0.1165864	0.0005245177379471651
533	0.1146487	0.0002800195738998561
534	0.1108386	7.580174221001177e-05
535	0.1159499	0.00042797680166003935
536	0.1148565	0.00029987322195153623
537	0.1174827	0.0006953033596437555
538	0.1139864	0.00022466776417403046
539	0.1080745	2.7661695255223556e-05
540	0.1166832	0.0005408696362712682
541	0.1099772	5.5666220256804113e-05
542	0.1093578	4.444875848100733e-05
543	0.1158854	0.00041918236476516223
544	0.117029	0.0006032526236327876
545	0.1126129	0.00014097941990007408
546	0.1088128	3.638798246362507e-05
547	0.1148327	0.0002975340802250539
548	0.1124451	0.00013306325907800533
549	0.1120619	0.00011653057806221632
550	0.1111825	8.562816761060144e-05
551	0.1131028	0.0001667115257327993
552	0.1151268	0.0003276787870687135
553	0.1088259	3.6564259077880234e-05
554	0.1140157	0.0002268814144897851
555	0.1125082	0.00013598951362557945
556	0.1109654	7.929346144587531e-05
557	0.1103666	6.404278924410565e-05
558	0.1116005	9.919806102125379e-05
559	0.1123759	0.000129922520714668
560	0.1176051	0.0007222895139740648
561	0.1117079	0.00010299994257096379
562	0.119004	0.0011082480690986234
563	0.1132536	0.00017548449829903344
564	0.1117485	0.00010447273154588597
565	0.1148693	0.0003011383748841222
566	0.1132616	0.00017596185350527547
567	0.1141412	0.00023659730576470163
568	0.113746	0.00020725743212250612
569	0.1132098	0.00017289253950693529
570	0.1155005	0.0003701209233136214
571	0.1135092	0.00019135564244863174
572	0.1144688	0.00026383523206242393
573	0.1194454	0.0012651126771643215
574	0.1176787	0.0007389827154013934
575	0.1156812	0.00039244271239464486
576	0.1119541	0.00011224187208064004
577	0.116078	0.00044595727426258375
578	0.1051031	8.849113559216051e-06
579	0.1175029	0.0006996912647750636
580	0.1120448	0.00011584009060730013
581	0.1162545	0.0004718909449501151
582	0.1136592	0.00020128937991450294
583	0.1130174	0.00016192839995285554
584	0.112303	0.00012668965590154773
585	0.1131616	0.00017008192516309808
586	0.1102817	6.212038036308288e-05
587	0.1130574	0.00016415239812965783
588	0.1144365	0.000261024147879902
589	0.1130783	0.0001653258628442253
590	0.1179037	0.0007922685293129869
591	0.1112804	8.863894143139106e-05
592	0.1124227	0.00013203883916002783
593	0.1134996	0.00019073586899354247
594	0.1135517	0.00019412228869351988
595	0.1151063	0.0003254880149603397
596	0.113267	0.00017628475982844102
597	0.1098577	5.331163587285421e-05
598	0.1218409	0.002537021678897205
599	0.1148353	0.0002977887808728531
600	0.1174789	0.0006944807819211355
601	0.1168436	0.000569016934635928
602	0.1108704	7.666347403835202e-05
603	0.1129797	0.00015985831941723618
604	0.1133456	0.00018104852129028465
605	0.1144366	0.0002610328073304969
606	0.115841	0.00041322712281691284
607	0.1134446	0.00018722137518842704
608	0.1148625	0.0003004656399217977
609	0.1171871	0.0006339551316827426
610	0.1091621	4.137639142568773e-05
611	0.1114965	9.564337203239474e-05
612	0.115556	0.0003768469570840511
613	0.1113131	8.966672013846547e-05
614	0.1132308	0.00017413072332139647
615	0.1168473	0.0005696820664668251
616	0.1115349	9.69415992325404e-05
617	0.1153869	0.00035670300238242
618	0.1154504	0.00036414606982288313
619	0.1146017	0.000275703613269554
620	0.113861	0.00021542121908861401
621	0.1117731	0.00010537477842251586
622	0.1103936	6.466589247157056e-05
623	0.1111009	8.319293954521837e-05
624	0.1139131	0.0002192185328326214
625	0.115293	0.000345957561469138
626	0.1172318	0.0006428963277091281
627	0.109565	4.793746549198471e-05
628	0.1144536	0.00026250884402800905
629	0.1172682	0.0006502639932397224
630	0.112718	0.00014616186846115535
631	0.1133	0.00017827024310809443
632	0.1171656	0.0006296959729158932
633	0.112638	0.00014220108775401334
634	0.1182399	0.0008785820734033288
635	0.1136464	0.0002004231113114589
636	0.1186776	0.0010040639818105262
637	0.1150002	0.00031436731992230915
638	0.1130993	0.0001665129056680252
639	0.1161663	0.0004587601046359147
640	0.112532	0.00013710893449857665
641	0.1149407	0.0003082879634434273
642	0.1148097	0.00029528984795789277
643	0.1173152	0.0006598936213033979
644	0.1150495	0.0003194895263776708
645	0.1116388	0.00010053835970322643
646	0.1114765	9.497374547843351e-05
647	0.1128376	0.00015227788379698826
648	0.1122162	0.0001229394768915253
649	0.1135457	0.00019372943231999368
650	0.1098254	5.269163306049786e-05
651	0.1156797	0.0003922523362790784
652	0.1143471	0.00025338966890674393
653	0.1154882	0.00036864559408893914
654	0.1155846	0.0003803575291224002
655	0.1143195	0.00025107544218107183
656	0.1144413	0.00026144010614521056
657	0.1152662	0.0003429468296270928
658	0.113208	0.0001727867965190168
659	0.1114837	9.52142982572297e-05
660	0.1149714	0.0003114107954476822
661	0.1113449	9.067702479130658e-05
662	0.1136879	0.00020324454740845862
663	0.1090504	3.971444069908791e-05
664	0.1104641	6.63201097085713e-05
665	0.1186882	0.0010072995282090122
666	0.1101775	5.983575785114603e-05
667	0.115523	0.00037283402225518066
668	0.1122627	0.00012493525791517105
669	0.1154192	0.00036047100120486684
670	0.1145496	0.0002709923783009313
671	0.1102781	6.204008724907833e-05
672	0.1122894	0.0001260950156082807
673	0.111758	0.00010482021388843428
674	0.1131161	0.00016746832105139122
675	0.1125404	0.00013750609718160596
676	0.1084382	3.167627849284518e-05
677	0.115346	0.0003519847196853797
678	0.1126127	0.00014096972540009176
679	0.1117405	0.00010418096018054532
680	0.1109797	7.969666995581912e-05
681	0.1084127	3.1377617877316925e-05
682	0.1126113	0.0001409018815181861
683	0.1109513	7.889778518139164e-05
684	0.1128963	0.00015536722445259803
685	0.1130756	0.00016517382323938295
686	0.1145675	0.0002726024231222843
687	0.1110994	8.314879442760359e-05
688	0.1128141	0.00015105741594589165
689	0.1105088	6.738966085568753e-05
690	0.11567090000000001	0.0003911372040030972
691	0.1062977	1.4090320743734502e-05
692	0.1106508	7.089690761609126e-05
693	0.1128512	0.00015298844084801777
694	0.1138959	0.00021795799899867433
695	0.1158261	0.00041124644221188163
696	0.1105042	6.727884467708272e-05
697	0.1148636	0.0003005743689718836
698	0.1170027	0.0005982818354979925
699	0.113759	0.00020816547798970742
700	0.1115264	9.66528022189633e-05
701	0.1119216	0.00011097845550193495
702	0.1119008	0.00011017693804542408
703	0.1170302	0.0006034803440281804
704	0.1136015	0.0001974120766178388
705	0.1121576	0.00012046724903258914
706	0.1112747	8.846093286285184e-05
707	0.1145556	0.0002715310601705326
708	0.1148978	0.00030397333520854823
709	0.1135034	0.00019098096955245697
710	0.1132178	0.00017336324678610696
711	0.1124241	0.00013210264657833787
712	0.1150719	0.00032184263507153857
713	0.1109971	8.018990732131601e-05
714	0.1159611	0.0004295213808161498
715	0.1113073	8.948360368035356e-05
716	0.1119125	0.00011062711561530594
717	0.1137244	0.0002057569188235304
718	0.1109609	7.91669779747501e-05
719	0.1089039	3.763078578561516e-05
720	0.1101625	5.951351823674523e-05
721	0.1180303	0.0008238005773706472
722	0.1085232	3.269148630134375e-05
723	0.1129918	0.00016051998656419029
724	0.1124023	0.00013111236966590231
725	0.1141472	0.00023707147253378068
726	0.1110959	8.304587542395322e-05
727	0.1121982	0.0001221750342227642
728	0.1108451	7.597713248133045e-05
729	0.1150771	0.0003223912127782375
730	0.1131959	0.00017207754937814148
731	0.11201030000000001	0.00011445875661112387
732	0.1175775	0.0007161205914260269
733	0.117414	0.0006805712200181735
734	0.110225	6.086714251063327e-05
735	0.1120575	0.000116352538011697
736	0.110171	5.969591790555724e-05
737	0.1097151	5.062562881114423e-05
738	0.1178722	0.0007845992200004811
739	0.1148025	0.0002945905780232867
740	0.1184595	0.0009395943661358115
741	0.1145531	0.0002713064872617809
742	0.1152239	0.00033824475694559135
743	0.1116588	0.00010124504590600722
744	0.1160556	0.0004427630107782057
745	0.112581	0.00013944107636049762
746	0.117358	0.0006687781849452572
747	0.1146777	0.00028271418327466806
748	0.1101586	5.943000610959366e-05
749	0.1122562	0.00012465444907557762
750	0.116971	0.000592341214757904
751	0.1144276	0.00026025453697255574
752	0.1129823	0.00016000027847871287
753	0.1153396	0.00035125172154869814
754	0.1164616	0.0005041170033768837
755	0.1122293	0.0001234986601916804
756	0.115756	0.0004020466281896434
757	0.1135107	0.00019145265323247917
758	0.1134511	0.00018763352281876927
759	0.1150011	0.00031446013430663306
760	0.1177856	0.000763869175986741
761	0.1160229	0.0004381383671042951
762	0.1131927	0.00017189043925139688
763	0.1108818	7.697465115432691e-05
764	0.1201349	0.0015517071272712153
765	0.1107373	7.311745476365628e-05
766	0.1140804	0.00023184246418175893
767	0.1111488	8.461437028353082e-05
768	0.114337	0.0002525404798697982
769	0.115653	0.0003888780791586552
770	0.1143697	0.00025529956601738846
771	0.1112865	8.882981749485776e-05
772	0.1169903	0.0005959514720618284
773	0.1145449	0.00027057111221575735
774	0.1166693	0.000538492669181606
775	0.1137653	0.00020860687693576103
776	0.111792	0.00010607281294739667
777	0.114169	0.0002388018110626408
778	0.1113382	9.04632699146633e-05
779	0.1130512	0.00016380580234114878
780	0.1109721	7.948213608492052e-05
781	0.1146999	0.0002847933881110408
782	0.1143961	0.0002575477281387344
783	0.1135867	0.00019642894593195024
784	0.1158705	0.0004171749735530689
785	0.1128967	0.00015538847757440397
786	0.1129203	0.0001566472772553481
787	0.1136222	0.00019879490600137247
788	0.1139426	0.00022139648064912698
789	0.1151501	0.0003301855770689041
790	0.1148103	0.000295348190733144
791	0.1147482	0.00028936677057425343
792	0.1140029	0.00022591184703269726
793	0.1151985	0.0003354504098856111
794	0.1116945	0.00010251817578917243
795	0.1094223	4.550803111249226e-05
796	0.1141142	0.00023447457096264032
797	0.111033	8.121671755463597e-05
798	0.1141904	0.0002405119458464652
799	0.1119758	0.00011309300314980596
800	0.1137943	0.00021065009909589712
801	0.1137783	0.000209520486324991
802	0.1115364	9.699264810164487e-05
803	0.1137121	0.0002049070359491339
804	0.1171131	0.0006194075585274925
805	0.1120398	0.00011563892553107269
806	0.1143364	0.0002524901172643532
807	0.1146226	0.0002776150659888873
808	0.11280950000000001	0.00015081959848796755
809	0.1153032	0.00034710993353730536
810	0.1135178	0.00019191246650646616
811	0.1153982	0.0003580170003536507
812	0.1109397	7.85736676460984e-05
813	0.1066408	1.6076534125697952e-05
814	0.1172994	0.0006566416959972293
815	0.1099439	5.5000350364342955e-05
816	0.1150222	0.00031664349731883636
817	0.115191	0.0003346294563548633
818	0.1141226	0.00023513305032288814
819	0.1136913	0.00020347735097422855
820	0.1111157	8.362969643097678e-05
821	0.1133045	0.00017854261797579628
822	0.1114894	9.540514469497963e-05
823	0.1125931	0.00014002271111265887
824	0.1125822	0.00013949865710365683
825	0.11272	0.0001462622093774301
826	0.1148052	0.0002948526218780335
827	0.1154141	0.0003598735843981054
828	0.114684	0.00028330277461408764
829	0.1146791	0.00028284488202259854
830	0.1122859	0.00012594241031431262
831	0.1127505	0.0001478004860790595
832	0.116478	0.0005067549013370249
833	0.1135057	0.00019112946398181988
834	0.1150896	0.000323713499817211
835	0.1102407	6.121173594109186e-05
836	0.109547	4.762436355783299e-05
837	0.1125587	0.0001383751083500674
838	0.1092833	4.325443012300054e-05
839	0.1100199	5.6531257356886234e-05
840	0.1196876	0.0013596792411069074
841	0.1124245	0.0001321208826171069
842	0.109486	4.657768487312772e-05
843	0.1106572	7.105898707778654e-05
844	0.1127445	0.00014749667316154641
845	0.111983	0.00011337675159366561
846	0.1155508	0.00037621194153474274
847	0.1107069	7.232964554845129e-05
848	0.1097996	5.2201324421599343e-05
849	0.1059487	1.2311771932907633e-05
850	0.1158334	0.00041221572968981195
851	0.1132635	0.00017607540507515924
852	0.1132827	0.00017722675524441686
853	0.1128804	0.000154524630295113
854	0.1106627	7.119855472558428e-05
855	0.11337030000000001	0.00018257040674355505
856	0.1165802	0.0005234863013835834
857	0.1179154	0.000795134847627254
858	0.1142234	0.00024317165574845893
859	0.1146872	0.00028360218215365586
860	0.1137786	0.00020954161401153415
861	0.1135286	0.00019261389572936184
862	0.1164636	0.0005044380099269348
863	0.1139593	0.00022263842885308094
864	0.1154742	0.00036697306352837525
865	0.1155362	0.0003744343677290274
866	0.1171812	0.0006327836731020773
867	0.1110956	8.303705941187411e-05
868	0.1102789	6.205792164878018e-05
869	0.1208918	0.0019345380775336741
870	0.1134388	0.00018685433286137044
871	0.1103447	6.354157125998895e-05
872	0.1189641	0.0010949953455366985
873	0.1160156	0.00043711214348371154
874	0.1093988	4.51193459662858e-05
875	0.1150514	0.00031968849223433824
876	0.1121886	0.00012176917011039962
877	0.1113878	9.205706799033492e-05
878	0.1141965	0.0002410015191995639
879	0.1147425	0.0002888234880144191
880	0.1170649	0.0006101000449597838
881	0.1136557	0.0002010521600505191
882	0.1161632	0.0004583048657895717
883	0.1151392	0.00032901064208151835
884	0.1131769	0.0001709693909108757
885	0.1109119	7.780203037371586e-05
886	0.1096554	4.953973640406336e-05
887	0.1159931	0.0004339632555117006
888	0.116156	0.0004572491664461228
889	0.1099936	5.599696224571555e-05
890	0.1169791	0.0005938539086061738
891	0.1127988	0.0001502677802365488
892	0.1131984	0.00017222386273695175
893	0.111503	9.586196098847732e-05
894	0.109005	3.905726380400443e-05
895	0.1123505	0.00012878737394961747
896	0.1103718	6.41623497165643e-05
897	0.1079779	2.6679830156079634e-05
898	0.1106675	7.132057156240103e-05
899	0.1115859	9.869160242470679e-05
900	0.1126461	0.00014259745914197943
901	0.1113981	9.239135436023685e-05
902	0.1194899	0.001282017869150892
903	0.1182255	0.000874712767015999
904	0.1102144	6.063552894132484e-05
905	0.1162211	0.00046687769319397036
906	0.110311	6.277755386055472e-05
907	0.1110148	8.069461518145708e-05
908	0.115804	0.00040832501491862343
909	0.1140879	0.00023242410119086326
910	0.112769	0.00014874096429525981
911	0.1163156	0.00048119238370401645
912	0.1166575	0.0005364824712146586
913	0.1111544	8.478204382797525e-05
914	0.1124188	0.00013186124336167618
915	0.1126031	0.00014050512874331158
916	0.1164054	0.0004951743773254884
917	0.1124301	0.00013237643691246716
918	0.1147947	0.00029383478999837074
919	0.1107637	7.380819730353571e-05
920	0.1143432	0.0002530614466372105
921	0.1143057	0.00024992579305869057
922	0.1175292	0.0007054428845345684
923	0.1131157	0.0001674455131236421
924	0.1131432	0.00016902039780752393
925	0.1178904	0.0007890219098586768
926	0.1142774	0.0002475836406566871
927	0.1138492	0.00021456981525968844
928	0.1104235	6.536263096354561e-05
929	0.1115619	9.786438049779238e-05
930	0.1115424	9.719709807059835e-05
931	0.1131609	0.00017004142622669945
932	0.1121304	0.00011933576274902785
933	0.1135188	0.00019197731244574177
934	0.1124254	0.00013216192239693414
935	0.1179329	0.0007994400837868786
936	0.1110525	8.177966339130392e-05
937	0.113771	0.00020900699690400867
938	0.1137459	0.0002072504616278566
939	0.1107554	7.359036817992712e-05
940	0.1121909	0.00012186629217650756
941	0.1123605	0.0001292331594999954
942	0.1148405	0.0002982987962848647
943	0.1178617	0.0007820581699342949
944	0.1154573	0.00036496355270084825
945	0.1151662	0.0003319282324784689
946	0.1154049	0.00035879823744794836
947	0.108596	3.358553927134594e-05
948	0.1091893	4.179099237748757e-05
949	0.1139173	0.00021952737796122074
950	0.1183298	0.0009031001865582061
951	0.1136794	0.00020266363514803766
952	0.1140786	0.00023170307515148363
953	0.1119135	0.00011066567289841623
954	0.1119886	0.00011359790997503546
955	0.1145347	0.0002696589905467835
956	0.11149680000000001	9.565345036173948e-05
957	0.1143477	0.00025344020014030414
958	0.1124211	0.0001319659520361112
959	0.114419	0.00025951289414766915
960	0.1158972	0.000420778521914847
961	0.1116361	0.00010044331536239225
962	0.1123016	0.00012662832083958962
963	0.1181084	0.0008438306991771394
964	0.1139953	0.00022533801201175848
965	0.1085241	3.270239950322831e-05
966	0.117135	0.0006236800921633531
967	0.1150419	0.00031869482408253546
968	0.1158955	0.0004205482168725867
969	0.1132629	0.00017603953922575892
970	0.118344	0.0009070305311836244
971	0.1126772	0.00014412903929150034
972	0.1181519	0.000855182414341063
973	0.1181733	0.0008608188749505786
974	0.1150259	0.0003170278245797754
975	0.1125571	0.00013829892287705076
976	0.1144525	0.0002624130989516256
977	0.1162911	0.00047744227868039724
978	0.1173619	0.0006695932765334758
979	0.1125463	0.00013778570579468636
980	0.1120246	0.00011502940946860658
981	0.1112537	8.780802813557613e-05
982	0.1119313	0.00011135412212937853
983	0.1120823	0.00011735940617119006
984	0.1151664	0.0003319499345139542
985	0.1149278	0.0003069845525438519
986	0.1165742	0.0005224899410483704
987	0.1131954	0.0001720483007703985
988	0.1158821	0.0004187369969033642
989	0.1149523	0.0003094644557905456
990	0.1181029	0.0008424054417810046
991	0.1131318	0.0001683658494150363
992	0.1113984	9.240110805618596e-05
993	0.1090175	3.923716517422615e-05
994	0.1141059	0.00023382563436595964
995	0.1142474	0.0002451233329343852
996	0.1110303	8.1139061161436e-05
997	0.1150637	0.00032097934907965395
998	0.112928	0.0001570600642367956
999	0.111501	9.579465254377913e-05
